,o_chunk,h_chunk,l_chunk,c_chunk
0,"[np.float64(55140.44308594227), np.float64(55138.2232275486), np.float64(55074.95018059254), np.float64(55121.98805018425), np.float64(54964.94008718014), np.float64(55046.05377469778), np.float64(54991.58263754607), np.float64(54993.20999283791), np.float64(54978.24391307592), np.float64(54917.77163768292), np.float64(54998.10223209858), np.float64(54891.27975643874), np.float64(54982.76797881603), np.float64(54968.51107414246), np.float64(54873.2395114851), np.float64(54893.006913926605), np.float64(54881.12543029547), np.float64(54810.23818405628), np.float64(54778.04160928726), np.float64(54757.9150477171), np.float64(54848.16958617449), np.float64(54748.81398887873), np.float64(54866.88668318272), np.float64(54724.633912825586), np.float64(54716.954166035655), np.float64(54727.11325692892), np.float64(54702.88321538925), np.float64(54791.88810157538), np.float64(54733.46634278536)]","[np.float64(55148.74281746016), np.float64(55180.53026246165), np.float64(55121.98805018425), np.float64(55121.98805018425), np.float64(55056.74890264699), np.float64(55054.52746103378), np.float64(54993.20999283791), np.float64(55006.50419856655), np.float64(55000.31389840779), np.float64(55010.258532459615), np.float64(55013.42844654091), np.float64(54989.502438676034), np.float64(54982.76797881603), np.float64(55009.44469579139), np.float64(54893.018414646824), np.float64(54919.74274891993), np.float64(54881.12543029547), np.float64(54812.01308233613), np.float64(54821.59508367475), np.float64(54848.16958617449), np.float64(54874.70809201705), np.float64(54867.52444191962), np.float64(54906.51921097543), np.float64(54724.641495240896), np.float64(54727.118754267816), np.float64(54771.517842214475), np.float64(54796.432156030765), np.float64(54797.26046732638), np.float64(54763.499402442125)]","[np.float64(55135.32228350357), np.float64(55074.95018059254), np.float64(55074.95018059254), np.float64(54964.93262761725), np.float64(54956.75046444565), np.float64(54985.168233945355), np.float64(54991.58263754607), np.float64(54978.23394849015), np.float64(54902.11246786462), np.float64(54916.745880173396), np.float64(54891.27975643874), np.float64(54891.27407054882), np.float64(54964.18860376081), np.float64(54864.21310336094), np.float64(54873.2303640305), np.float64(54819.29063150554), np.float64(54793.99409917618), np.float64(54757.96546037962), np.float64(54747.123236133404), np.float64(54749.26310234172), np.float64(54722.63325821049), np.float64(54748.80497119741), np.float64(54717.125587846815), np.float64(54695.133518154376), np.float64(54694.382150604084), np.float64(54697.20699563576), np.float64(54702.86963381454), np.float64(54727.08540695383), np.float64(54724.7359989408)]","[np.float64(55138.2232275486), np.float64(55074.95018059254), np.float64(55121.98805018425), np.float64(54964.94008718014), np.float64(55046.05377469778), np.float64(54991.58263754607), np.float64(54993.20999283791), np.float64(54978.24391307592), np.float64(54917.77163768292), np.float64(54998.10223209858), np.float64(54891.27975643874), np.float64(54982.76797881603), np.float64(54968.51107414246), np.float64(54873.2395114851), np.float64(54893.006913926605), np.float64(54881.12543029547), np.float64(54810.23818405628), np.float64(54778.04160928726), np.float64(54757.9150477171), np.float64(54848.16958617449), np.float64(54748.81398887873), np.float64(54866.88668318272), np.float64(54724.633912825586), np.float64(54716.954166035655), np.float64(54727.11325692892), np.float64(54702.88321538925), np.float64(54791.88810157538), np.float64(54733.46634278536), np.float64(54747.59859129667)]"
1,"[np.float64(55076.61887331009), np.float64(55028.05937436581), np.float64(55145.43474106789), np.float64(55063.297662515644), np.float64(55064.484214043616), np.float64(54936.61042898178), np.float64(54937.0495586443), np.float64(54894.18174674511), np.float64(55101.97365340471), np.float64(54953.32285400868), np.float64(54927.36372332573), np.float64(54881.60576860666), np.float64(54938.93279388905), np.float64(54956.31022348404), np.float64(54837.16365755082), np.float64(54880.458622848986), np.float64(54916.75030708075), np.float64(54758.00107077122), np.float64(54723.20693458796), np.float64(54821.33953645706), np.float64(54784.43938077211), np.float64(54657.53786226511), np.float64(54605.054012196066), np.float64(54782.578423953055), np.float64(54654.50967047214), np.float64(54841.948367993835), np.float64(54625.527627854346), np.float64(54561.14941645146), np.float64(54554.387077202795)]","[np.float64(55083.9594434636), np.float64(55180.15422248831), np.float64(55157.41308767705), np.float64(55064.484214043616), np.float64(55064.495668051706), np.float64(54970.34378261957), np.float64(54955.15299030371), np.float64(55103.916660866504), np.float64(55101.97365340471), np.float64(54962.39779439542), np.float64(54937.4429693252), np.float64(54938.93279388905), np.float64(54956.31022348404), np.float64(54981.563738231926), np.float64(54881.50649159127), np.float64(54917.80313081903), np.float64(54929.49575903797), np.float64(54758.006367020535), np.float64(54837.03417538744), np.float64(54845.54277382852), np.float64(54787.96165807264), np.float64(54658.90450696092), np.float64(54782.58392714386), np.float64(54782.578423953055), np.float64(54930.54611040978), np.float64(54841.948367993835), np.float64(54628.52050533736), np.float64(54561.15838111555), np.float64(54576.06967071197)]","[np.float64(55028.050853559995), np.float64(55028.04669188748), np.float64(55063.297662515644), np.float64(55060.724734384), np.float64(54922.93890044987), np.float64(54936.61042898178), np.float64(54894.17101582891), np.float64(54888.5243471395), np.float64(54953.308719853354), np.float64(54927.34968287872), np.float64(54869.668519440915), np.float64(54873.330764086364), np.float64(54938.93279388905), np.float64(54837.14097736347), np.float64(54822.43886988339), np.float64(54880.432674551106), np.float64(54755.39790560135), np.float64(54715.11531467876), np.float64(54684.01703191985), np.float64(54780.207753564726), np.float64(54625.387061708716), np.float64(54576.39932039614), np.float64(54590.339318078586), np.float64(54653.403088559615), np.float64(54627.227373849266), np.float64(54625.527627854346), np.float64(54545.16313773493), np.float64(54514.75168032825), np.float64(54516.818601246036)]","[np.float64(55028.05937436581), np.float64(55145.43474106789), np.float64(55063.297662515644), np.float64(55064.484214043616), np.float64(54936.61042898178), np.float64(54937.0495586443), np.float64(54894.18174674511), np.float64(55101.97365340471), np.float64(54953.32285400868), np.float64(54927.36372332573), np.float64(54881.60576860666), np.float64(54938.93279388905), np.float64(54956.31022348404), np.float64(54837.16365755082), np.float64(54880.458622848986), np.float64(54916.75030708075), np.float64(54758.00107077122), np.float64(54723.20693458796), np.float64(54821.33953645706), np.float64(54784.43938077211), np.float64(54657.53786226511), np.float64(54605.054012196066), np.float64(54782.578423953055), np.float64(54654.50967047214), np.float64(54841.948367993835), np.float64(54625.527627854346), np.float64(54561.14941645146), np.float64(54554.387077202795), np.float64(54538.701906521324)]"
2,"[np.float64(55126.40111012697), np.float64(55070.78398621082), np.float64(55094.322881445885), np.float64(55066.02181174755), np.float64(55052.1077115202), np.float64(55022.34991609097), np.float64(54930.80657714605), np.float64(54953.55375121832), np.float64(54998.35399118662), np.float64(54901.34883219004), np.float64(54958.08760401249), np.float64(54905.1189084363), np.float64(54859.696160318854), np.float64(54873.34459353924), np.float64(54834.76737462998), np.float64(54861.682545962336), np.float64(54856.66771097184), np.float64(54806.31074228287), np.float64(54840.5982696414), np.float64(54822.36176849842), np.float64(54783.2203774333), np.float64(54700.657562029366), np.float64(54697.90405163527), np.float64(54709.2159544754), np.float64(54680.17338665485), np.float64(54676.03243257046), np.float64(54630.92209752083), np.float64(54582.55370368481), np.float64(54605.179956128595)]","[np.float64(55187.41561777465), np.float64(55099.02979546192), np.float64(55102.48021291237), np.float64(55106.70339129104), np.float64(55057.354722223085), np.float64(55022.34991609097), np.float64(55051.519487614416), np.float64(54998.36384610475), np.float64(55022.460932113514), np.float64(54975.74101944359), np.float64(54958.08760401249), np.float64(54911.47937909209), np.float64(54882.01593331741), np.float64(54896.02196264142), np.float64(54861.69543190456), np.float64(54862.715988711134), np.float64(54870.82944248341), np.float64(54862.039570780755), np.float64(54840.5982696414), np.float64(54825.627952087336), np.float64(54820.62878311359), np.float64(54733.46569692911), np.float64(54709.226658798674), np.float64(54735.94791964028), np.float64(54682.775111244606), np.float64(54682.95042398664), np.float64(54630.92209752083), np.float64(54626.823928784266), np.float64(54643.36955741576)]","[np.float64(55044.344220807856), np.float64(55052.09319371312), np.float64(55066.02181174755), np.float64(54952.045711061815), np.float64(55022.341434883456), np.float64(54865.88850491984), np.float64(54930.80657714605), np.float64(54922.54352875751), np.float64(54891.911231251324), np.float64(54901.34883219004), np.float64(54900.84008941749), np.float64(54850.4597877386), np.float64(54859.696160318854), np.float64(54787.262113414625), np.float64(54834.76737462998), np.float64(54830.23837448407), np.float64(54806.29890233495), np.float64(54772.696223489766), np.float64(54822.3535955035), np.float64(54754.068775246444), np.float64(54698.028315537944), np.float64(54690.519935239565), np.float64(54697.886697156384), np.float64(54649.9811835803), np.float64(54664.38370837891), np.float64(54624.514463760155), np.float64(54525.57853981973), np.float64(54582.55370368481), np.float64(54584.973094361485)]","[np.float64(55070.78398621082), np.float64(55094.322881445885), np.float64(55066.02181174755), np.float64(55052.1077115202), np.float64(55022.34991609097), np.float64(54930.80657714605), np.float64(54953.55375121832), np.float64(54998.35399118662), np.float64(54901.34883219004), np.float64(54958.08760401249), np.float64(54905.1189084363), np.float64(54859.696160318854), np.float64(54873.34459353924), np.float64(54834.76737462998), np.float64(54861.682545962336), np.float64(54856.66771097184), np.float64(54806.31074228287), np.float64(54840.5982696414), np.float64(54822.36176849842), np.float64(54783.2203774333), np.float64(54700.657562029366), np.float64(54697.90405163527), np.float64(54709.2159544754), np.float64(54680.17338665485), np.float64(54676.03243257046), np.float64(54630.92209752083), np.float64(54582.55370368481), np.float64(54605.179956128595), np.float64(54617.95682642937)]"
3,"[np.float64(55130.05812014342), np.float64(55100.23271677494), np.float64(55040.81512523413), np.float64(55017.7785891819), np.float64(54999.86737880945), np.float64(54952.09908591986), np.float64(54936.48345483303), np.float64(54935.80608767033), np.float64(54890.88930449248), np.float64(54916.72944520235), np.float64(54953.32877775192), np.float64(54920.646069705486), np.float64(54918.24347671032), np.float64(54836.15353055001), np.float64(54832.10426570893), np.float64(54855.8933747077), np.float64(54825.087076723576), np.float64(54813.03290309906), np.float64(54710.50385352373), np.float64(54738.21757120133), np.float64(54736.78531310558), np.float64(54726.9470057869), np.float64(54671.449902060034), np.float64(54679.308133809565), np.float64(54666.70150673867), np.float64(54717.35414748192), np.float64(54656.15685742617), np.float64(54646.37147746563), np.float64(54581.11603695393)]","[np.float64(55130.05812014342), np.float64(55100.23271677494), np.float64(55094.05445226058), np.float64(55027.66217023358), np.float64(54999.86737880945), np.float64(54961.67688346558), np.float64(54936.48345483303), np.float64(54951.68381133683), np.float64(54916.73836339668), np.float64(54953.32877775192), np.float64(54955.773756971765), np.float64(54920.646069705486), np.float64(54918.24914278107), np.float64(54848.983404884195), np.float64(54855.8933747077), np.float64(54855.8933747077), np.float64(54845.433903359524), np.float64(54814.45849660766), np.float64(54738.23095769341), np.float64(54742.30843704666), np.float64(54736.79418970551), np.float64(54746.89305867786), np.float64(54692.45013627071), np.float64(54681.12465418413), np.float64(54717.35414748192), np.float64(54749.6162930501), np.float64(54656.16599551635), np.float64(54646.38012001014), np.float64(54589.51024990876)]","[np.float64(55100.23271677494), np.float64(55040.5380735181), np.float64(55017.7785891819), np.float64(54999.86737880945), np.float64(54941.971654775494), np.float64(54936.474779001706), np.float64(54935.80608767033), np.float64(54886.70751887675), np.float64(54890.880813399584), np.float64(54916.7207246127), np.float64(54907.364117751764), np.float64(54918.24347671032), np.float64(54750.758699427395), np.float64(54828.479360141115), np.float64(54819.81176776847), np.float64(54825.087076723576), np.float64(54811.73101894866), np.float64(54704.44914114985), np.float64(54705.63552541247), np.float64(54724.82015294033), np.float64(54726.93613347399), np.float64(54620.92585741943), np.float64(54660.51817253246), np.float64(54654.99634534665), np.float64(54663.50392351323), np.float64(54656.15685742617), np.float64(54638.20727695563), np.float64(54559.662217097844), np.float64(54500.94966578258)]","[np.float64(55100.23271677494), np.float64(55040.81512523413), np.float64(55017.7785891819), np.float64(54999.86737880945), np.float64(54952.09908591986), np.float64(54936.48345483303), np.float64(54935.80608767033), np.float64(54890.88930449248), np.float64(54916.72944520235), np.float64(54953.32877775192), np.float64(54920.646069705486), np.float64(54918.24347671032), np.float64(54836.15353055001), np.float64(54832.10426570893), np.float64(54855.8933747077), np.float64(54825.087076723576), np.float64(54813.03290309906), np.float64(54710.50385352373), np.float64(54738.21757120133), np.float64(54736.78531310558), np.float64(54726.9470057869), np.float64(54671.449902060034), np.float64(54679.308133809565), np.float64(54666.70150673867), np.float64(54717.35414748192), np.float64(54656.15685742617), np.float64(54646.37147746563), np.float64(54581.11603695393), np.float64(54523.43191297531)]"
4,"[np.float64(55084.5344108367), np.float64(55079.18488435268), np.float64(55087.44116589308), np.float64(55075.033885660174), np.float64(55041.327400248054), np.float64(55041.501764342785), np.float64(55047.53123353005), np.float64(55040.217728605276), np.float64(55045.47324785948), np.float64(54973.371763031486), np.float64(54908.170537648206), np.float64(54963.510919733046), np.float64(54934.9900276494), np.float64(54937.12708241463), np.float64(54874.434819850925), np.float64(54822.21277347803), np.float64(54811.41121399641), np.float64(54820.559147672655), np.float64(54790.49074205399), np.float64(54787.07712061882), np.float64(54780.62938364744), np.float64(54758.55056234598), np.float64(54723.7022110343), np.float64(54731.333280107974), np.float64(54670.29850666046), np.float64(54679.96489664793), np.float64(54661.21792336941), np.float64(54624.48569292784), np.float64(54573.83034786701)]","[np.float64(55116.494645932195), np.float64(55087.44116589308), np.float64(55092.50529242143), np.float64(55076.81037997165), np.float64(55049.88188142363), np.float64(55047.53123353005), np.float64(55081.01247363487), np.float64(55045.47324785948), np.float64(55064.38282746538), np.float64(54973.38051153186), np.float64(54984.030768602686), np.float64(54963.510919733046), np.float64(54938.38469685074), np.float64(54937.13964772177), np.float64(54906.50219926619), np.float64(54822.21277347803), np.float64(54851.7915663785), np.float64(54820.57577996439), np.float64(54849.24877587491), np.float64(54790.23997218542), np.float64(54780.62938364744), np.float64(54767.95506014995), np.float64(54731.333280107974), np.float64(54740.41261604938), np.float64(54679.96489664793), np.float64(54719.90719979457), np.float64(54661.21792336941), np.float64(54652.43591442968), np.float64(54579.78335641485)]","[np.float64(55068.55103072936), np.float64(55079.168636419425), np.float64(55075.033885660174), np.float64(55022.78559991324), np.float64(55028.874651172366), np.float64(55041.490227298185), np.float64(55040.2014768024), np.float64(55018.749787098255), np.float64(54944.08204389617), np.float64(54908.170537648206), np.float64(54893.663803065865), np.float64(54934.98255251131), np.float64(54830.12367312646), np.float64(54874.42637761212), np.float64(54790.61908603411), np.float64(54811.41121399641), np.float64(54790.23149055169), np.float64(54789.29157575493), np.float64(54762.09991226529), np.float64(54762.35078643449), np.float64(54730.5719427897), np.float64(54691.363398478956), np.float64(54711.22034523085), np.float64(54662.00244493928), np.float64(54658.192923936636), np.float64(54661.2086308258), np.float64(54620.14192032264), np.float64(54535.85130070203), np.float64(54497.630591391964)]","[np.float64(55079.18488435268), np.float64(55087.44116589308), np.float64(55075.033885660174), np.float64(55041.327400248054), np.float64(55041.501764342785), np.float64(55047.53123353005), np.float64(55040.217728605276), np.float64(55045.47324785948), np.float64(54973.371763031486), np.float64(54908.170537648206), np.float64(54963.510919733046), np.float64(54934.9900276494), np.float64(54937.12708241463), np.float64(54874.434819850925), np.float64(54822.21277347803), np.float64(54811.41121399641), np.float64(54820.559147672655), np.float64(54790.49074205399), np.float64(54787.07712061882), np.float64(54780.62938364744), np.float64(54758.55056234598), np.float64(54723.7022110343), np.float64(54731.333280107974), np.float64(54670.29850666046), np.float64(54679.96489664793), np.float64(54661.21792336941), np.float64(54624.48569292784), np.float64(54573.83034786701), np.float64(54514.91691838741)]"
5,"[np.float64(55064.68613642216), np.float64(55091.04190034867), np.float64(55091.78404235602), np.float64(55069.7519671154), np.float64(54984.62751908779), np.float64(55033.83283482313), np.float64(55029.353969819545), np.float64(55018.73566004753), np.float64(55084.0113185525), np.float64(55029.919944853784), np.float64(54826.25160737991), np.float64(54925.38326142549), np.float64(54902.06612023115), np.float64(54904.41282399654), np.float64(54880.24279255152), np.float64(54816.580838973525), np.float64(54865.97790370226), np.float64(54822.04716622114), np.float64(54736.10459774017), np.float64(54917.50635700703), np.float64(54719.376590693), np.float64(54753.57964032173), np.float64(54716.156134798526), np.float64(54742.800488042834), np.float64(54847.78982272148), np.float64(54769.26700021267), np.float64(54647.85782191277), np.float64(54856.86126284361), np.float64(54800.70237397432)]","[np.float64(55091.04190034867), np.float64(55120.804094009014), np.float64(55091.789569221706), np.float64(55069.7519671154), np.float64(55037.1060759051), np.float64(55034.273735204755), np.float64(55045.789635446585), np.float64(55090.76213365051), np.float64(55084.0113185525), np.float64(55029.92861684643), np.float64(54926.73459444782), np.float64(54925.392563587244), np.float64(54904.41282399654), np.float64(54945.86015445943), np.float64(54880.24279255152), np.float64(54884.88017054812), np.float64(54865.97790370226), np.float64(54838.41273962769), np.float64(54917.511875380646), np.float64(54917.50635700703), np.float64(54758.797718192334), np.float64(54772.172032452945), np.float64(54744.65521263328), np.float64(54847.78982272148), np.float64(54875.74707148816), np.float64(54769.26700021267), np.float64(54873.365133078034), np.float64(54856.86126284361), np.float64(54822.96085246365)]","[np.float64(55043.90491839251), np.float64(55091.04190034867), np.float64(55061.73011438881), np.float64(54984.62751908779), np.float64(54980.568693795685), np.float64(55029.353969819545), np.float64(54996.68117957785), np.float64(55018.73566004753), np.float64(55028.60743483184), np.float64(54826.25160737991), np.float64(54809.9863257264), np.float64(54889.04466299515), np.float64(54902.06612023115), np.float64(54833.766737990074), np.float64(54816.580838973525), np.float64(54703.49210938046), np.float64(54822.04716622114), np.float64(54533.54922877175), np.float64(54736.10459774017), np.float64(54712.83751470409), np.float64(54704.57709876096), np.float64(54716.156134798526), np.float64(54709.79358661989), np.float64(54737.58385622455), np.float64(54769.25507791821), np.float64(54615.7012603276), np.float64(54647.84930226473), np.float64(54800.6947401104), np.float64(54619.072391543144)]","[np.float64(55091.04190034867), np.float64(55091.78404235602), np.float64(55069.7519671154), np.float64(54984.62751908779), np.float64(55033.83283482313), np.float64(55029.353969819545), np.float64(55018.73566004753), np.float64(55084.0113185525), np.float64(55029.919944853784), np.float64(54826.25160737991), np.float64(54925.38326142549), np.float64(54902.06612023115), np.float64(54904.41282399654), np.float64(54880.24279255152), np.float64(54816.580838973525), np.float64(54865.97790370226), np.float64(54822.04716622114), np.float64(54736.10459774017), np.float64(54917.50635700703), np.float64(54719.376590693), np.float64(54753.57964032173), np.float64(54716.156134798526), np.float64(54742.800488042834), np.float64(54847.78982272148), np.float64(54769.26700021267), np.float64(54647.85782191277), np.float64(54856.86126284361), np.float64(54800.70237397432), np.float64(54628.469539039135)]"
6,"[np.float64(55094.60953910828), np.float64(55125.28551474094), np.float64(55108.966374754906), np.float64(55103.409130926135), np.float64(55040.25494516611), np.float64(54998.52822650433), np.float64(55041.10757786274), np.float64(55033.244066255094), np.float64(55004.06280557632), np.float64(54954.49794438124), np.float64(54882.1413522625), np.float64(54886.683961894516), np.float64(54876.071575865746), np.float64(54893.93243442059), np.float64(54878.31152347565), np.float64(54840.146262276176), np.float64(54839.36201018095), np.float64(54840.78963230371), np.float64(54809.098764920236), np.float64(54752.65411982775), np.float64(54751.437434475425), np.float64(54688.512858154776), np.float64(54694.18625886202), np.float64(54704.64771821499), np.float64(54694.08800199032), np.float64(54702.91116000414), np.float64(54666.82886721849), np.float64(54578.207994127275), np.float64(54542.5456432271)]","[np.float64(55130.77464199236), np.float64(55157.83389562601), np.float64(55108.97387566206), np.float64(55106.127435777285), np.float64(55052.0184268315), np.float64(55041.10757786274), np.float64(55104.71978518269), np.float64(55033.25589493943), np.float64(55007.598494172), np.float64(55000.120497150645), np.float64(54886.683961894516), np.float64(54896.610263785326), np.float64(54902.293028855216), np.float64(54897.37022055427), np.float64(54910.21118328129), np.float64(54849.66880065413), np.float64(54869.31206744154), np.float64(54846.03044725431), np.float64(54815.0447399199), np.float64(54785.3511521803), np.float64(54751.44904979435), np.float64(54710.21165353683), np.float64(54731.572572509285), np.float64(54704.64771821499), np.float64(54763.271142385485), np.float64(54702.91116000414), np.float64(54773.309450183355), np.float64(54578.207994127275), np.float64(54566.75133414216)]","[np.float64(55093.96280065171), np.float64(55108.95782721858), np.float64(55090.105672227546), np.float64(55040.25494516611), np.float64(54993.780109537955), np.float64(54982.6267701316), np.float64(55023.88023169411), np.float64(54993.54602033842), np.float64(54941.38902871166), np.float64(54882.13582248394), np.float64(54871.511582372), np.float64(54870.35764643259), np.float64(54853.811794104935), np.float64(54873.46066933134), np.float64(54800.07921218993), np.float64(54814.11125932652), np.float64(54831.29842521979), np.float64(54773.89713816112), np.float64(54740.25515501378), np.float64(54727.88241095336), np.float64(54673.35858317584), np.float64(54658.404830920124), np.float64(54688.735561458154), np.float64(54654.1453147673), np.float64(54694.02040751887), np.float64(54639.10835731625), np.float64(54542.991844847194), np.float64(54542.52632715854), np.float64(54493.74584208232)]","[np.float64(55125.28551474094), np.float64(55108.966374754906), np.float64(55103.409130926135), np.float64(55040.25494516611), np.float64(54998.52822650433), np.float64(55041.10757786274), np.float64(55033.244066255094), np.float64(55004.06280557632), np.float64(54954.49794438124), np.float64(54882.1413522625), np.float64(54886.683961894516), np.float64(54876.071575865746), np.float64(54893.93243442059), np.float64(54878.31152347565), np.float64(54840.146262276176), np.float64(54839.36201018095), np.float64(54840.78963230371), np.float64(54809.098764920236), np.float64(54752.65411982775), np.float64(54751.437434475425), np.float64(54688.512858154776), np.float64(54694.18625886202), np.float64(54704.64771821499), np.float64(54694.08800199032), np.float64(54702.91116000414), np.float64(54666.82886721849), np.float64(54578.207994127275), np.float64(54542.5456432271), np.float64(54514.89232197523)]"
7,"[np.float64(55076.11805945158), np.float64(55092.8215988636), np.float64(55014.10470937491), np.float64(55066.678574585916), np.float64(55030.78854590178), np.float64(55003.37655279875), np.float64(55019.93328639984), np.float64(54955.280522375106), np.float64(54950.993792696), np.float64(54945.70607918501), np.float64(54863.33295234203), np.float64(54839.50675555944), np.float64(54905.96059508562), np.float64(54860.31647925854), np.float64(54816.371833858495), np.float64(54813.581106903555), np.float64(54807.466258547305), np.float64(54764.24688536406), np.float64(54719.701623909474), np.float64(54693.77739180088), np.float64(54683.7881578064), np.float64(54621.40174068213), np.float64(54594.747857937815), np.float64(54621.597095432284), np.float64(54568.761684079174), np.float64(54623.97934165716), np.float64(54551.360688288216), np.float64(54450.1550802207), np.float64(54446.89869553566)]","[np.float64(55094.41587711647), np.float64(55097.98799365302), np.float64(55084.03459744927), np.float64(55066.68720786332), np.float64(55034.4575571277), np.float64(55025.694827336934), np.float64(55028.15817666498), np.float64(54955.280522375106), np.float64(54982.72272887698), np.float64(54947.32745251546), np.float64(54877.95905328596), np.float64(54905.96059508562), np.float64(54908.22854052388), np.float64(54868.23177190576), np.float64(54816.38470952757), np.float64(54851.08233906964), np.float64(54807.474730334485), np.float64(54791.99947288526), np.float64(54728.1788839871), np.float64(54693.789274147704), np.float64(54699.90591037052), np.float64(54647.35307294668), np.float64(54629.139357962646), np.float64(54637.0253015578), np.float64(54623.98494499447), np.float64(54658.727074680806), np.float64(54551.360688288216), np.float64(54502.46030393321), np.float64(54462.61270785072)]","[np.float64(55063.9501689595), np.float64(54999.73509402677), np.float64(55014.10470937491), np.float64(54983.077362715056), np.float64(55001.64730831034), np.float64(54997.10279494369), np.float64(54951.16345412369), np.float64(54949.10908072721), np.float64(54928.29495485731), np.float64(54857.172186608615), np.float64(54822.64443349301), np.float64(54822.86999678544), np.float64(54840.4449426641), np.float64(54804.52592603088), np.float64(54800.279905699535), np.float64(54796.78107534566), np.float64(54743.08599524206), np.float64(54709.795616434174), np.float64(54672.63009930745), np.float64(54672.86113483448), np.float64(54599.89728953752), np.float64(54574.96701505579), np.float64(54576.18421774402), np.float64(54559.19206547753), np.float64(54539.68364808239), np.float64(54545.637244465644), np.float64(54437.35684789526), np.float64(54438.18975452089), np.float64(54426.99911816425)]","[np.float64(55092.8215988636), np.float64(55014.10470937491), np.float64(55066.678574585916), np.float64(55030.78854590178), np.float64(55003.37655279875), np.float64(55019.93328639984), np.float64(54955.280522375106), np.float64(54950.993792696), np.float64(54945.70607918501), np.float64(54863.33295234203), np.float64(54839.50675555944), np.float64(54905.96059508562), np.float64(54860.31647925854), np.float64(54816.371833858495), np.float64(54813.581106903555), np.float64(54807.466258547305), np.float64(54764.24688536406), np.float64(54719.701623909474), np.float64(54693.77739180088), np.float64(54683.7881578064), np.float64(54621.40174068213), np.float64(54594.747857937815), np.float64(54621.597095432284), np.float64(54568.761684079174), np.float64(54623.97934165716), np.float64(54551.360688288216), np.float64(54450.1550802207), np.float64(54446.89869553566), np.float64(54454.39570772409)]"
8,"[np.float64(55136.24083399296), np.float64(55095.24981848717), np.float64(55076.93875544548), np.float64(55134.3300404644), np.float64(55118.83172524929), np.float64(55088.95893193484), np.float64(55077.88423637867), np.float64(55023.370731585026), np.float64(54992.35967812777), np.float64(55051.71738835097), np.float64(54990.88144663334), np.float64(54983.94435695887), np.float64(54979.49047469855), np.float64(54959.820427689556), np.float64(54971.93577040196), np.float64(54930.931233308314), np.float64(54904.90037382126), np.float64(54910.76603863001), np.float64(54890.29074887037), np.float64(54841.06431370258), np.float64(54788.58007730246), np.float64(54813.79178611994), np.float64(54788.20288938999), np.float64(54774.452593541144), np.float64(54745.070054368975), np.float64(54699.71736095429), np.float64(54655.83401341915), np.float64(54682.197246413234), np.float64(54668.848606112006)]","[np.float64(55136.24083399296), np.float64(55095.267017407736), np.float64(55134.34503945906), np.float64(55167.049336178745), np.float64(55133.18503936967), np.float64(55107.15481241741), np.float64(55077.88423637867), np.float64(55023.38364725277), np.float64(55061.94119847583), np.float64(55075.492959275434), np.float64(55000.33072056443), np.float64(54983.94435695887), np.float64(54999.260958534716), np.float64(55003.25521065543), np.float64(54975.36248823181), np.float64(54943.386310820824), np.float64(54910.7778464344), np.float64(54910.77753101113), np.float64(54902.16567119339), np.float64(54841.07777558411), np.float64(54826.57514421258), np.float64(54820.06280521334), np.float64(54794.996461836905), np.float64(54784.61453198835), np.float64(54745.07571075302), np.float64(54700.284849642594), np.float64(54682.197246413234), np.float64(54715.66010032088), np.float64(54687.96543635396)]","[np.float64(55070.2362005231), np.float64(55066.25392414699), np.float64(55076.93875544548), np.float64(55076.97943451716), np.float64(55086.46528253422), np.float64(55077.875978740514), np.float64(55010.85961947017), np.float64(54992.345620369524), np.float64(54983.26538537758), np.float64(54981.817306916935), np.float64(54983.94435695887), np.float64(54946.34232576229), np.float64(54959.820427689556), np.float64(54931.36480494778), np.float64(54930.92229585108), np.float64(54889.99672409547), np.float64(54896.956185798306), np.float64(54835.81689856608), np.float64(54841.05541810049), np.float64(54781.59295071583), np.float64(54782.017204670476), np.float64(54781.51931624637), np.float64(54753.287297665454), np.float64(54720.44594798062), np.float64(54699.00167699409), np.float64(54634.02380354163), np.float64(54655.83401341915), np.float64(54663.38519096319), np.float64(54641.1447124118)]","[np.float64(55095.24981848717), np.float64(55076.93875544548), np.float64(55134.3300404644), np.float64(55118.83172524929), np.float64(55088.95893193484), np.float64(55077.88423637867), np.float64(55023.370731585026), np.float64(54992.35967812777), np.float64(55051.71738835097), np.float64(54990.88144663334), np.float64(54983.94435695887), np.float64(54979.49047469855), np.float64(54959.820427689556), np.float64(54971.93577040196), np.float64(54930.931233308314), np.float64(54904.90037382126), np.float64(54910.76603863001), np.float64(54890.29074887037), np.float64(54841.06431370258), np.float64(54788.58007730246), np.float64(54813.79178611994), np.float64(54788.20288938999), np.float64(54774.452593541144), np.float64(54745.070054368975), np.float64(54699.71736095429), np.float64(54655.83401341915), np.float64(54682.197246413234), np.float64(54668.848606112006), np.float64(54685.39928719282)]"
9,"[np.float64(55150.08668239594), np.float64(55131.42431562424), np.float64(55111.82573986531), np.float64(55133.64855243683), np.float64(55049.32200686932), np.float64(55050.86642975569), np.float64(55035.74208302736), np.float64(54934.78939304114), np.float64(54962.16172281981), np.float64(54925.569473006726), np.float64(54924.431985526084), np.float64(54859.02651977778), np.float64(54894.54554184675), np.float64(54884.74985972405), np.float64(54842.34847821713), np.float64(54841.35741021633), np.float64(54842.67801862955), np.float64(54761.99354494333), np.float64(54753.25653876067), np.float64(54695.23798084259), np.float64(54668.90076080799), np.float64(54676.49847663164), np.float64(54689.702757885454), np.float64(54686.87262516022), np.float64(54674.08789946079), np.float64(54669.91694032907), np.float64(54717.30688631296), np.float64(54635.83558499098), np.float64(54607.884531252384)]","[np.float64(55150.1004164084), np.float64(55145.10443709539), np.float64(55133.64855243683), np.float64(55133.64855243683), np.float64(55076.72108603859), np.float64(55050.86642975569), np.float64(55059.45150478365), np.float64(54962.17098759085), np.float64(54972.574985445826), np.float64(54925.569473006726), np.float64(54931.724406570844), np.float64(54894.54554184675), np.float64(54927.304442872766), np.float64(54884.758548777856), np.float64(54921.28953494963), np.float64(54842.67801862955), np.float64(54852.915531301594), np.float64(54761.99919021826), np.float64(54754.93027709168), np.float64(54723.06050175382), np.float64(54676.49847663164), np.float64(54723.71370292603), np.float64(54689.702757885454), np.float64(54686.87952492384), np.float64(54710.900641014996), np.float64(54717.30688631296), np.float64(54742.383180990284), np.float64(54641.29540825778), np.float64(54611.33573045408)]","[np.float64(55131.42431562424), np.float64(55111.8138851275), np.float64(55091.03300447453), np.float64(55049.32200686932), np.float64(55036.56418636006), np.float64(55035.74208302736), np.float64(54897.5947062601), np.float64(54929.60605236055), np.float64(54904.343155834875), np.float64(54924.431985526084), np.float64(54859.02651977778), np.float64(54841.383471946465), np.float64(54884.7443568707), np.float64(54825.04078312701), np.float64(54841.35741021633), np.float64(54700.684301620924), np.float64(54761.99354494333), np.float64(54725.06313265456), np.float64(54695.23798084259), np.float64(54668.21475263223), np.float64(54667.946384442635), np.float64(54664.85873789131), np.float64(54686.86391020516), np.float64(54616.647066751626), np.float64(54669.91694032907), np.float64(54628.51824168535), np.float64(54635.83558499098), np.float64(54601.864901657405), np.float64(54594.2934774639)]","[np.float64(55131.42431562424), np.float64(55111.82573986531), np.float64(55133.64855243683), np.float64(55049.32200686932), np.float64(55050.86642975569), np.float64(55035.74208302736), np.float64(54934.78939304114), np.float64(54962.16172281981), np.float64(54925.569473006726), np.float64(54924.431985526084), np.float64(54859.02651977778), np.float64(54894.54554184675), np.float64(54884.74985972405), np.float64(54842.34847821713), np.float64(54841.35741021633), np.float64(54842.67801862955), np.float64(54761.99354494333), np.float64(54753.25653876067), np.float64(54695.23798084259), np.float64(54668.90076080799), np.float64(54676.49847663164), np.float64(54689.702757885454), np.float64(54686.87262516022), np.float64(54674.08789946079), np.float64(54669.91694032907), np.float64(54717.30688631296), np.float64(54635.83558499098), np.float64(54607.884531252384), np.float64(54599.91941457033)]"
10,"[np.float64(55078.58375319004), np.float64(55028.278037757875), np.float64(55048.505946848396), np.float64(55054.507600197794), np.float64(55047.4104406786), np.float64(55016.851265809535), np.float64(54951.3065920949), np.float64(54965.95369116068), np.float64(54941.579934458736), np.float64(54917.261036770346), np.float64(54912.08304128647), np.float64(54922.91615113974), np.float64(54870.91727535486), np.float64(54874.718901972774), np.float64(54824.224013087754), np.float64(54838.04964349747), np.float64(54801.36351523161), np.float64(54766.08788174391), np.float64(54767.00503173113), np.float64(54733.42886867047), np.float64(54695.6571500659), np.float64(54664.31900295973), np.float64(54618.03190343618), np.float64(54620.82881168842), np.float64(54604.92407617569), np.float64(54569.080149667265), np.float64(54550.43053182125), np.float64(54486.337046425346), np.float64(54421.832633535865)]","[np.float64(55078.597331199875), np.float64(55068.365202805566), np.float64(55076.53206047918), np.float64(55054.51401002892), np.float64(55058.79682064026), np.float64(55018.924981545904), np.float64(54987.92033860641), np.float64(54965.963007622675), np.float64(54946.75782707385), np.float64(54919.624696080864), np.float64(54933.55059033399), np.float64(54935.00358838166), np.float64(54874.72780763048), np.float64(54890.836913654355), np.float64(54852.71204523205), np.float64(54851.61286642028), np.float64(54801.36351523161), np.float64(54822.507053586385), np.float64(54767.00503173113), np.float64(54759.13074551827), np.float64(54705.48512839616), np.float64(54685.85458811662), np.float64(54626.34974618619), np.float64(54623.69442979615), np.float64(54620.96353192549), np.float64(54579.681164703026), np.float64(54559.3440427531), np.float64(54504.30683413056), np.float64(54434.41468296793)]","[np.float64(55028.26644768492), np.float64(55023.794593442646), np.float64(55048.48817265805), np.float64(55047.4104406786), np.float64(54986.65991218758), np.float64(54951.30108279698), np.float64(54940.64697050456), np.float64(54936.71620716007), np.float64(54898.17565427832), np.float64(54903.46149878554), np.float64(54907.03703865949), np.float64(54867.88613671882), np.float64(54870.90813051365), np.float64(54816.99803213123), np.float64(54800.41798424417), np.float64(54792.17549765067), np.float64(54761.96786575843), np.float64(54741.20667019075), np.float64(54730.670463547016), np.float64(54666.4988015722), np.float64(54655.61651658415), np.float64(54564.43709735348), np.float64(54618.03190343618), np.float64(54557.44922046669), np.float64(54568.377295055754), np.float64(54515.93634659738), np.float64(54481.08562729116), np.float64(54356.44150198777), np.float64(54395.30189090359)]","[np.float64(55028.278037757875), np.float64(55048.505946848396), np.float64(55054.507600197794), np.float64(55047.4104406786), np.float64(55016.851265809535), np.float64(54951.3065920949), np.float64(54965.95369116068), np.float64(54941.579934458736), np.float64(54917.261036770346), np.float64(54912.08304128647), np.float64(54922.91615113974), np.float64(54870.91727535486), np.float64(54874.718901972774), np.float64(54824.224013087754), np.float64(54838.04964349747), np.float64(54801.36351523161), np.float64(54766.08788174391), np.float64(54767.00503173113), np.float64(54733.42886867047), np.float64(54695.6571500659), np.float64(54664.31900295973), np.float64(54618.03190343618), np.float64(54620.82881168842), np.float64(54604.92407617569), np.float64(54569.080149667265), np.float64(54550.43053182125), np.float64(54486.337046425346), np.float64(54421.832633535865), np.float64(54398.705438456534)]"
11,"[np.float64(55166.51669940233), np.float64(55096.52290817738), np.float64(55131.804594185356), np.float64(55179.20986463547), np.float64(55201.32023630858), np.float64(55197.338450629715), np.float64(55071.48388935328), np.float64(55095.32438038588), np.float64(55122.79535336733), np.float64(55115.1806389761), np.float64(55091.85628626824), np.float64(54994.99406977177), np.float64(55009.408597526555), np.float64(54994.93612010956), np.float64(55089.03388016463), np.float64(54996.24372204304), np.float64(55008.78351383686), np.float64(54952.10848664284), np.float64(54983.11709333659), np.float64(54971.741188313965), np.float64(54971.06008661747), np.float64(54923.58553412676), np.float64(54874.97194883108), np.float64(54910.752774596214), np.float64(54853.54564072609), np.float64(54805.13951522112), np.float64(54816.6006706357), np.float64(54787.02264793635), np.float64(54725.4314289546)]","[np.float64(55182.940206709354), np.float64(55131.82990844577), np.float64(55201.67788518604), np.float64(55241.00782492119), np.float64(55201.32919980587), np.float64(55197.338450629715), np.float64(55137.36799707122), np.float64(55122.80418599879), np.float64(55126.62343948076), np.float64(55218.613363833574), np.float64(55091.85628626824), np.float64(55009.417467252904), np.float64(55048.53705259948), np.float64(55140.510325475436), np.float64(55089.04314995356), np.float64(55017.92475640291), np.float64(55048.58628716044), np.float64(54995.710617244535), np.float64(54983.12781223788), np.float64(54983.17067878594), np.float64(54992.599544055214), np.float64(54932.006605032395), np.float64(54960.4281214814), np.float64(54910.752774596214), np.float64(54894.71254898856), np.float64(54816.6006706357), np.float64(54939.06359899623), np.float64(54787.02264793635), np.float64(54816.88456599583)]","[np.float64(55020.276346288454), np.float64(55096.51464188776), np.float64(55131.804594185356), np.float64(55137.45275661298), np.float64(55192.01905417326), np.float64(55062.723187567215), np.float64(55071.48388935328), np.float64(55079.31013067158), np.float64(55115.1806389761), np.float64(55087.192077896805), np.float64(54989.88303090547), np.float64(54982.44009778076), np.float64(54973.54047346246), np.float64(54956.427355763924), np.float64(54980.015299885345), np.float64(54996.21710018761), np.float64(54948.05521509825), np.float64(54775.822878558545), np.float64(54966.10810486643), np.float64(54948.81402821052), np.float64(54905.72420991749), np.float64(54856.07070708527), np.float64(54856.256844106065), np.float64(54837.90365718449), np.float64(54794.978201259015), np.float64(54789.373359245714), np.float64(54741.712057631405), np.float64(54725.4314289546), np.float64(54600.33919445301)]","[np.float64(55096.52290817738), np.float64(55131.804594185356), np.float64(55179.20986463547), np.float64(55201.32023630858), np.float64(55197.338450629715), np.float64(55071.48388935328), np.float64(55095.32438038588), np.float64(55122.79535336733), np.float64(55115.1806389761), np.float64(55091.85628626824), np.float64(54994.99406977177), np.float64(55009.408597526555), np.float64(54994.93612010956), np.float64(55089.03388016463), np.float64(54996.24372204304), np.float64(55008.78351383686), np.float64(54952.10848664284), np.float64(54983.11709333659), np.float64(54971.741188313965), np.float64(54971.06008661747), np.float64(54923.58553412676), np.float64(54874.97194883108), np.float64(54910.752774596214), np.float64(54853.54564072609), np.float64(54805.13951522112), np.float64(54816.6006706357), np.float64(54787.02264793635), np.float64(54725.4314289546), np.float64(54770.062455909254)]"
12,"[np.float64(55134.07712238312), np.float64(55122.75350083351), np.float64(55093.92083956719), np.float64(55087.822474670415), np.float64(55056.07906625986), np.float64(55035.95134569645), np.float64(54998.325917794704), np.float64(54969.55906158924), np.float64(54964.232199862), np.float64(54944.78352056265), np.float64(54934.10751868248), np.float64(54916.14608526945), np.float64(54909.38323091269), np.float64(54884.49668408871), np.float64(54826.54805209637), np.float64(54843.19029364348), np.float64(54841.39694476366), np.float64(54816.60891236544), np.float64(54770.188142287734), np.float64(54732.55537409544), np.float64(54689.296852695945), np.float64(54663.438683202265), np.float64(54655.115823938846), np.float64(54658.98917936087), np.float64(54609.18299001694), np.float64(54603.39059933663), np.float64(54617.355180158615), np.float64(54540.53607771874), np.float64(54504.07608191252)]","[np.float64(55147.87735024604), np.float64(55122.75350083351), np.float64(55118.207154937765), np.float64(55087.822474670415), np.float64(55075.91347704909), np.float64(55035.95134569645), np.float64(55014.652623466136), np.float64(54969.55906158924), np.float64(54994.088246522515), np.float64(54944.78352056265), np.float64(54949.86205275145), np.float64(54916.14608526945), np.float64(54923.355121728746), np.float64(54884.49668408871), np.float64(54860.46709347843), np.float64(54843.19029364348), np.float64(54844.643465965404), np.float64(54816.62382417367), np.float64(54770.188142287734), np.float64(54751.4460389386), np.float64(54689.296852695945), np.float64(54663.453532235035), np.float64(54659.00431788144), np.float64(54667.62455968728), np.float64(54609.18299001694), np.float64(54628.07845152903), np.float64(54620.495682382134), np.float64(54543.92304178377), np.float64(54506.7799076876)]","[np.float64(55122.75350083351), np.float64(55056.69066772967), np.float64(55087.822474670415), np.float64(55056.07906625986), np.float64(55011.46260637033), np.float64(54998.325917794704), np.float64(54947.07258264274), np.float64(54964.2237342315), np.float64(54922.315569609375), np.float64(54934.10751868248), np.float64(54916.14056688518), np.float64(54901.9919138525), np.float64(54884.330732525355), np.float64(54824.26785910995), np.float64(54826.542308528835), np.float64(54819.883020825524), np.float64(54816.60891236544), np.float64(54763.82162582521), np.float64(54731.20102705663), np.float64(54672.811002251925), np.float64(54663.42796364858), np.float64(54604.865577308396), np.float64(54655.10735130119), np.float64(54579.31392942228), np.float64(54603.39059933663), np.float64(54572.69454523031), np.float64(54540.53607771874), np.float64(54472.8524188846), np.float64(54485.87568238995)]","[np.float64(55122.75350083351), np.float64(55093.92083956719), np.float64(55087.822474670415), np.float64(55056.07906625986), np.float64(55035.95134569645), np.float64(54998.325917794704), np.float64(54969.55906158924), np.float64(54964.232199862), np.float64(54944.78352056265), np.float64(54934.10751868248), np.float64(54916.14608526945), np.float64(54909.38323091269), np.float64(54884.49668408871), np.float64(54826.54805209637), np.float64(54843.19029364348), np.float64(54841.39694476366), np.float64(54816.60891236544), np.float64(54770.188142287734), np.float64(54732.55537409544), np.float64(54689.296852695945), np.float64(54663.438683202265), np.float64(54655.115823938846), np.float64(54658.98917936087), np.float64(54609.18299001694), np.float64(54603.39059933663), np.float64(54617.355180158615), np.float64(54540.53607771874), np.float64(54504.07608191252), np.float64(54495.156598682406)]"
13,"[np.float64(55098.00873751641), np.float64(55058.438132619856), np.float64(55086.02732291222), np.float64(55020.343827562334), np.float64(55068.91337111473), np.float64(55010.89416931153), np.float64(54975.86707548618), np.float64(54984.75977309466), np.float64(54930.969608862404), np.float64(54939.69000280857), np.float64(54917.19497415543), np.float64(54966.93471455336), np.float64(54916.266234235765), np.float64(54883.40929087162), np.float64(54847.659886701105), np.float64(54845.50634847641), np.float64(54805.3330670929), np.float64(54851.194687318806), np.float64(54805.75996293783), np.float64(54802.137336387634), np.float64(54747.61855173588), np.float64(54730.209314215186), np.float64(54743.17857739449), np.float64(54707.298979649546), np.float64(54676.209887313846), np.float64(54609.619415361885), np.float64(54537.74638098002), np.float64(54569.22566770792), np.float64(54596.5059219122)]","[np.float64(55110.783148907336), np.float64(55086.02732291222), np.float64(55086.03931692394), np.float64(55074.9122880374), np.float64(55075.17172217983), np.float64(55010.90376314448), np.float64(54988.595654332596), np.float64(54984.77308581397), np.float64(54975.85947176013), np.float64(54964.65557383065), np.float64(54966.943247819196), np.float64(54966.940230052045), np.float64(54922.99039472901), np.float64(54889.70294514562), np.float64(54875.906042300834), np.float64(54845.52320951002), np.float64(54854.12738652454), np.float64(54860.702843372484), np.float64(54805.77637839807), np.float64(54811.24138983727), np.float64(54747.61855173588), np.float64(54743.19421188467), np.float64(54767.793501845554), np.float64(54707.31253614205), np.float64(54676.209887313846), np.float64(54626.47624084244), np.float64(54571.9252941009), np.float64(54614.46134656579), np.float64(54635.0129665244)]","[np.float64(55041.59231404884), np.float64(55055.77206951657), np.float64(55020.33454154847), np.float64(55000.3848591285), np.float64(54987.69484144478), np.float64(54975.86707548618), np.float64(54960.635120662526), np.float64(54930.969608862404), np.float64(54909.50339022048), np.float64(54917.19497415543), np.float64(54895.647031902496), np.float64(54912.06520164587), np.float64(54866.41015309774), np.float64(54836.86476784603), np.float64(54840.881526356985), np.float64(54789.91093292016), np.float64(54796.786010817676), np.float64(54768.83464092652), np.float64(54784.207469091), np.float64(54739.49103389787), np.float64(54722.90751788128), np.float64(54705.83014339721), np.float64(54694.877995619914), np.float64(54654.3066241104), np.float64(54607.0375684474), np.float64(54513.228918762354), np.float64(54535.985291074525), np.float64(54563.56020022101), np.float64(54576.244555760335)]","[np.float64(55058.438132619856), np.float64(55086.02732291222), np.float64(55020.343827562334), np.float64(55068.91337111473), np.float64(55010.89416931153), np.float64(54975.86707548618), np.float64(54984.75977309466), np.float64(54930.969608862404), np.float64(54939.69000280857), np.float64(54917.19497415543), np.float64(54966.93471455336), np.float64(54916.266234235765), np.float64(54883.40929087162), np.float64(54847.659886701105), np.float64(54845.50634847641), np.float64(54805.3330670929), np.float64(54851.194687318806), np.float64(54805.75996293783), np.float64(54802.137336387634), np.float64(54747.61855173588), np.float64(54730.209314215186), np.float64(54743.17857739449), np.float64(54707.298979649546), np.float64(54676.209887313846), np.float64(54609.619415361885), np.float64(54537.74638098002), np.float64(54569.22566770792), np.float64(54596.5059219122), np.float64(54624.38807994127)]"
14,"[np.float64(55128.32568279743), np.float64(55079.28661820412), np.float64(55060.92211269617), np.float64(55051.05225500584), np.float64(55031.75475993633), np.float64(55017.4776372695), np.float64(54988.69442638159), np.float64(54935.37236664295), np.float64(54943.97995191336), np.float64(54948.53634068728), np.float64(54902.22464475155), np.float64(54898.63936353922), np.float64(54913.853725409506), np.float64(54879.36594977379), np.float64(54866.77812414885), np.float64(54840.26138893843), np.float64(54837.00616324663), np.float64(54790.07195916176), np.float64(54819.3237896514), np.float64(54777.0298081851), np.float64(54709.90375257731), np.float64(54728.81465901137), np.float64(54696.58279933691), np.float64(54678.55143999815), np.float64(54671.205612039565), np.float64(54631.4160861969), np.float64(54652.241005585194), np.float64(54659.488705449105), np.float64(54652.29109984875)]","[np.float64(55150.40920952293), np.float64(55079.296104786205), np.float64(55060.92211269617), np.float64(55070.884556855715), np.float64(55043.344076171066), np.float64(55017.486400081485), np.float64(54992.81069267685), np.float64(54958.592919010116), np.float64(54982.4674836278), np.float64(54963.4965607089), np.float64(54902.2321282814), np.float64(54922.31733661387), np.float64(54925.59812514826), np.float64(54887.30312956056), np.float64(54882.504365608365), np.float64(54872.70182502185), np.float64(54844.68525414725), np.float64(54828.295719069785), np.float64(54836.985539598936), np.float64(54778.611978859), np.float64(54728.81465901137), np.float64(54745.2208626094), np.float64(54710.3554648116), np.float64(54694.22791110315), np.float64(54671.214866910035), np.float64(54679.22853717905), np.float64(54659.488705449105), np.float64(54754.28127882829), np.float64(54675.584160412494)]","[np.float64(55079.28661820412), np.float64(55054.461980338114), np.float64(55031.528836955804), np.float64(55031.75475993633), np.float64(55004.47737544552), np.float64(54984.30062121207), np.float64(54934.94276739612), np.float64(54922.19229403894), np.float64(54916.68654031198), np.float64(54902.22464475155), np.float64(54895.64773971729), np.float64(54886.615231269454), np.float64(54875.76046488184), np.float64(54844.57750899057), np.float64(54840.25373207043), np.float64(54805.50700605958), np.float64(54772.16145976282), np.float64(54775.34285685206), np.float64(54769.5314275708), np.float64(54709.89608647946), np.float64(54698.91891083705), np.float64(54696.573891294625), np.float64(54676.85389212436), np.float64(54631.28366019758), np.float64(54631.4160861969), np.float64(54610.136674342946), np.float64(54643.696142230714), np.float64(54640.38389887577), np.float64(54652.28313270556)]","[np.float64(55079.28661820412), np.float64(55060.92211269617), np.float64(55051.05225500584), np.float64(55031.75475993633), np.float64(55017.4776372695), np.float64(54988.69442638159), np.float64(54935.37236664295), np.float64(54943.97995191336), np.float64(54948.53634068728), np.float64(54902.22464475155), np.float64(54898.63936353922), np.float64(54913.853725409506), np.float64(54879.36594977379), np.float64(54866.77812414885), np.float64(54840.26138893843), np.float64(54837.00616324663), np.float64(54790.07195916176), np.float64(54819.3237896514), np.float64(54777.0298081851), np.float64(54709.90375257731), np.float64(54728.81465901137), np.float64(54696.58279933691), np.float64(54678.55143999815), np.float64(54671.205612039565), np.float64(54631.4160861969), np.float64(54652.241005585194), np.float64(54659.488705449105), np.float64(54652.29109984875), np.float64(54675.57488779307)]"
15,"[np.float64(55133.79625968695), np.float64(55070.35541626454), np.float64(55038.87587198258), np.float64(55078.40707110882), np.float64(55070.35966590643), np.float64(55003.69179896116), np.float64(55018.05970943213), np.float64(54999.015261220935), np.float64(54990.918663194185), np.float64(54965.15424337626), np.float64(54958.16924864769), np.float64(54937.3823184824), np.float64(54918.57572144032), np.float64(54859.91366471768), np.float64(54831.82224401951), np.float64(54811.774107658865), np.float64(54824.96937452078), np.float64(54806.95153676987), np.float64(54773.98448904753), np.float64(54720.05717728138), np.float64(54738.79243185044), np.float64(54715.85544044018), np.float64(54660.40340867281), np.float64(54634.85366015911), np.float64(54642.08732332707), np.float64(54625.69774230719), np.float64(54583.51940261126), np.float64(54585.316872355936), np.float64(54547.00982764959)]","[np.float64(55133.79625968695), np.float64(55070.35541626454), np.float64(55111.23910977351), np.float64(55078.40707110882), np.float64(55078.45064249217), np.float64(55021.8889390261), np.float64(55028.6689016654), np.float64(54999.015261220935), np.float64(55010.17613686999), np.float64(54971.33847930017), np.float64(54971.06001200686), np.float64(54937.3823184824), np.float64(54921.04989099972), np.float64(54869.63098084364), np.float64(54871.72992500417), np.float64(54832.2863884976), np.float64(54828.76614314026), np.float64(54817.15985236042), np.float64(54773.99845339036), np.float64(54748.09735644412), np.float64(54744.05221813524), np.float64(54721.04188751177), np.float64(54676.74767076205), np.float64(54645.23092763836), np.float64(54642.08732332707), np.float64(54637.789525507025), np.float64(54590.42598311029), np.float64(54588.08955949563), np.float64(54557.14117329221)]","[np.float64(55070.34465250506), np.float64(55032.57790218998), np.float64(55038.864465788734), np.float64(55064.00044361152), np.float64(54980.15897542608), np.float64(55003.68310255571), np.float64(54988.838293698995), np.float64(54990.90803870038), np.float64(54942.04473369169), np.float64(54950.21578339061), np.float64(54932.22314545841), np.float64(54918.00227326001), np.float64(54850.94806341177), np.float64(54825.008279706075), np.float64(54778.15116390879), np.float64(54797.75183184887), np.float64(54805.88870435327), np.float64(54746.24759033834), np.float64(54717.08584466266), np.float64(54688.748546563336), np.float64(54705.758134359), np.float64(54608.22635024169), np.float64(54629.40624507372), np.float64(54604.66683847092), np.float64(54623.77299124904), np.float64(54567.57105838474), np.float64(54583.51940261126), np.float64(54527.148100698025), np.float64(54516.767126251696)]","[np.float64(55070.35541626454), np.float64(55038.87587198258), np.float64(55078.40707110882), np.float64(55070.35966590643), np.float64(55003.69179896116), np.float64(55018.05970943213), np.float64(54999.015261220935), np.float64(54990.918663194185), np.float64(54965.15424337626), np.float64(54958.16924864769), np.float64(54937.3823184824), np.float64(54918.57572144032), np.float64(54859.91366471768), np.float64(54831.82224401951), np.float64(54811.774107658865), np.float64(54824.96937452078), np.float64(54806.95153676987), np.float64(54773.98448904753), np.float64(54720.05717728138), np.float64(54738.79243185044), np.float64(54715.85544044018), np.float64(54660.40340867281), np.float64(54634.85366015911), np.float64(54642.08732332707), np.float64(54625.69774230719), np.float64(54583.51940261126), np.float64(54585.316872355936), np.float64(54547.00982764959), np.float64(54538.585492088794)]"
16,"[np.float64(55138.13308362961), np.float64(55135.55883085728), np.float64(55100.42433699131), np.float64(55057.15705875397), np.float64(55077.98107670307), np.float64(55048.97289234877), np.float64(54998.1863234973), np.float64(55028.95308693409), np.float64(54969.14324056864), np.float64(54952.55508537293), np.float64(54970.08962294102), np.float64(54949.96537935734), np.float64(54917.166771986485), np.float64(54888.67137775421), np.float64(54885.314933319096), np.float64(54869.18779988051), np.float64(54825.82162088633), np.float64(54835.26484028578), np.float64(54821.20754000425), np.float64(54823.10790259361), np.float64(54777.76898832083), np.float64(54732.61718706846), np.float64(54703.76945888996), np.float64(54691.68734065056), np.float64(54669.106288943294), np.float64(54667.23786305666), np.float64(54613.953663764), np.float64(54553.53534594536), np.float64(54551.25109903813)]","[np.float64(55150.036398569), np.float64(55142.18182200136), np.float64(55119.94901161487), np.float64(55093.89769268384), np.float64(55101.13363992807), np.float64(55048.97289234877), np.float64(55074.87259786306), np.float64(55028.95308693409), np.float64(54998.52349268445), np.float64(54970.08962294102), np.float64(54990.61309633859), np.float64(54949.96537935734), np.float64(54920.048998811595), np.float64(54901.363376418245), np.float64(54895.426995372945), np.float64(54869.19641103194), np.float64(54845.091354726515), np.float64(54835.26484028578), np.float64(54842.09486435489), np.float64(54825.82831437004), np.float64(54818.70281659807), np.float64(54746.17145006427), np.float64(54706.04366668082), np.float64(54695.85543252039), np.float64(54704.54145413135), np.float64(54673.67597506823), np.float64(54613.96197657856), np.float64(54566.68266159496), np.float64(54577.31290332479)]","[np.float64(55135.55883085728), np.float64(55049.25190912109), np.float64(55057.14857878573), np.float64(55054.36775976053), np.float64(55045.58063854563), np.float64(54953.61763795043), np.float64(54998.174318349134), np.float64(54957.39208187441), np.float64(54937.919336865474), np.float64(54952.02965268467), np.float64(54947.124525778716), np.float64(54896.7881771459), np.float64(54884.26390291139), np.float64(54861.32977681228), np.float64(54863.18236968684), np.float64(54803.02208516409), np.float64(54806.42247747894), np.float64(54792.211124501184), np.float64(54821.19829547747), np.float64(54755.74461336177), np.float64(54732.61718706846), np.float64(54662.03089858554), np.float64(54687.3777898051), np.float64(54632.61256226149), np.float64(54657.94642110881), np.float64(54610.41194639587), np.float64(54516.160321653944), np.float64(54468.95344641316), np.float64(54541.50403350394)]","[np.float64(55135.55883085728), np.float64(55100.42433699131), np.float64(55057.15705875397), np.float64(55077.98107670307), np.float64(55048.97289234877), np.float64(54998.1863234973), np.float64(55028.95308693409), np.float64(54969.14324056864), np.float64(54952.55508537293), np.float64(54970.08962294102), np.float64(54949.96537935734), np.float64(54917.166771986485), np.float64(54888.67137775421), np.float64(54885.314933319096), np.float64(54869.18779988051), np.float64(54825.82162088633), np.float64(54835.26484028578), np.float64(54821.20754000425), np.float64(54823.10790259361), np.float64(54777.76898832083), np.float64(54732.61718706846), np.float64(54703.76945888996), np.float64(54691.68734065056), np.float64(54669.106288943294), np.float64(54667.23786305666), np.float64(54613.953663764), np.float64(54553.53534594536), np.float64(54551.25109903813), np.float64(54547.545024974344)]"
17,"[np.float64(55044.31567116261), np.float64(54965.50310034275), np.float64(54974.48774474859), np.float64(54986.455637764935), np.float64(54989.11745891571), np.float64(54995.879540610316), np.float64(54964.92811091662), np.float64(54938.43378290892), np.float64(54979.512366793155), np.float64(54933.618552310465), np.float64(54869.31438769818), np.float64(54868.56207230568), np.float64(54821.898943862914), np.float64(54838.072565808296), np.float64(54778.82483116627), np.float64(54793.70424398899), np.float64(54857.487119195466), np.float64(54793.60882021189), np.float64(54803.12814683437), np.float64(54756.265671553614), np.float64(54761.40361738205), np.float64(54678.091190903186), np.float64(54705.31684364796), np.float64(54687.61154774189), np.float64(54675.73701807022), np.float64(54645.43153394461), np.float64(54631.74047552824), np.float64(54605.401967723374), np.float64(54566.45438608408)]","[np.float64(55044.31567116261), np.float64(54974.50066182353), np.float64(54990.259281108694), np.float64(54990.666160343535), np.float64(54995.879540610316), np.float64(54995.879540610316), np.float64(54974.685097154164), np.float64(54983.7302669342), np.float64(54983.18905627603), np.float64(54933.62651823979), np.float64(54880.46799685514), np.float64(54868.57077332552), np.float64(54847.018567935185), np.float64(54843.04001258986), np.float64(54799.66260207974), np.float64(54857.487119195466), np.float64(54922.34416394898), np.float64(54803.12814683437), np.float64(54816.788847250275), np.float64(54773.0350320523), np.float64(54761.40361738205), np.float64(54754.79076438306), np.float64(54705.31684364796), np.float64(54767.33258222783), np.float64(54675.73701807022), np.float64(54676.5750393578), np.float64(54631.74047552824), np.float64(54693.32352493227), np.float64(54566.46798203918)]","[np.float64(54956.16731099979), np.float64(54932.58199831442), np.float64(54954.08070836669), np.float64(54956.09525458485), np.float64(54989.11745891571), np.float64(54949.549181904265), np.float64(54929.60045237563), np.float64(54938.43378290892), np.float64(54933.60449952065), np.float64(54858.27452938428), np.float64(54868.56207230568), np.float64(54815.465487228816), np.float64(54816.99312395331), np.float64(54769.216146562474), np.float64(54776.215289992615), np.float64(54793.69505271856), np.float64(54786.47866345911), np.float64(54785.685445622716), np.float64(54730.56424349932), np.float64(54754.177493951334), np.float64(54671.00044289742), np.float64(54663.688091089054), np.float64(54661.68920860226), np.float64(54670.5509276422), np.float64(54629.04270025423), np.float64(54627.322887615745), np.float64(54574.35914210187), np.float64(54560.88884055003), np.float64(54484.66837814056)]","[np.float64(54965.50310034275), np.float64(54974.48774474859), np.float64(54986.455637764935), np.float64(54989.11745891571), np.float64(54995.879540610316), np.float64(54964.92811091662), np.float64(54938.43378290892), np.float64(54979.512366793155), np.float64(54933.618552310465), np.float64(54869.31438769818), np.float64(54868.56207230568), np.float64(54821.898943862914), np.float64(54838.072565808296), np.float64(54778.82483116627), np.float64(54793.70424398899), np.float64(54857.487119195466), np.float64(54793.60882021189), np.float64(54803.12814683437), np.float64(54756.265671553614), np.float64(54761.40361738205), np.float64(54678.091190903186), np.float64(54705.31684364796), np.float64(54687.61154774189), np.float64(54675.73701807022), np.float64(54645.43153394461), np.float64(54631.74047552824), np.float64(54605.401967723374), np.float64(54566.45438608408), np.float64(54492.80281218052)]"
18,"[np.float64(55118.38345241785), np.float64(55057.253641524316), np.float64(55066.60092203856), np.float64(55002.847407994275), np.float64(55016.34478576184), np.float64(54944.97114869118), np.float64(54951.164422256945), np.float64(54913.932794504166), np.float64(54926.79800584555), np.float64(54908.126367127894), np.float64(54918.99707987309), np.float64(54899.90962013483), np.float64(54798.395075979235), np.float64(54843.23317639351), np.float64(54798.5771666956), np.float64(54779.4330450654), np.float64(54699.25170322418), np.float64(54749.97079291344), np.float64(54728.63205318689), np.float64(54665.40420696735), np.float64(54604.23705073595), np.float64(54599.5276748538), np.float64(54610.44345955849), np.float64(54548.48677137375), np.float64(54547.17401835918), np.float64(54476.44606930256), np.float64(54481.92991022587), np.float64(54356.518084368705), np.float64(54243.6419294405)]","[np.float64(55118.38345241785), np.float64(55069.74680873015), np.float64(55066.60092203856), np.float64(55026.59386438244), np.float64(55028.32365011365), np.float64(54951.164422256945), np.float64(54951.164422256945), np.float64(54939.7690940048), np.float64(54926.79800584555), np.float64(54928.38953859656), np.float64(54918.99707987309), np.float64(54906.92863209971), np.float64(54887.978373361555), np.float64(54843.23317639351), np.float64(54814.84299892737), np.float64(54788.588800945276), np.float64(54783.58717400967), np.float64(54761.51790788896), np.float64(54731.29312803597), np.float64(54690.096639232055), np.float64(54604.23705073595), np.float64(54694.616585042415), np.float64(54610.44345955849), np.float64(54615.1331806737), np.float64(54556.79679003304), np.float64(54481.92991022587), np.float64(54497.03597404873), np.float64(54405.684181862845), np.float64(54243.65705185652)]","[np.float64(55052.69543028558), np.float64(55034.97357079356), np.float64(55002.847407994275), np.float64(54986.32315446352), np.float64(54944.97114869118), np.float64(54934.6785849142), np.float64(54888.98825289992), np.float64(54896.959671664736), np.float64(54895.945340404614), np.float64(54908.126367127894), np.float64(54899.90962013483), np.float64(54762.454971592146), np.float64(54798.395075979235), np.float64(54772.138743667274), np.float64(54779.4330450654), np.float64(54673.83348625284), np.float64(54688.67639303399), np.float64(54723.36271666278), np.float64(54647.59025444704), np.float64(54602.201885390066), np.float64(54599.513555086916), np.float64(54581.02513299485), np.float64(54539.43865265708), np.float64(54517.975856969606), np.float64(54471.09636398558), np.float64(54455.052162461434), np.float64(54328.36297059748), np.float64(54243.6419294405), np.float64(54176.681480169354)]","[np.float64(55057.253641524316), np.float64(55066.60092203856), np.float64(55002.847407994275), np.float64(55016.34478576184), np.float64(54944.97114869118), np.float64(54951.164422256945), np.float64(54913.932794504166), np.float64(54926.79800584555), np.float64(54908.126367127894), np.float64(54918.99707987309), np.float64(54899.90962013483), np.float64(54798.395075979235), np.float64(54843.23317639351), np.float64(54798.5771666956), np.float64(54779.4330450654), np.float64(54699.25170322418), np.float64(54749.97079291344), np.float64(54728.63205318689), np.float64(54665.40420696735), np.float64(54604.23705073595), np.float64(54599.5276748538), np.float64(54610.44345955849), np.float64(54548.48677137375), np.float64(54547.17401835918), np.float64(54476.44606930256), np.float64(54481.92991022587), np.float64(54356.518084368705), np.float64(54243.6419294405), np.float64(54203.61223444223)]"
19,"[np.float64(55137.01195083142), np.float64(55105.162301373486), np.float64(55111.22126049996), np.float64(55088.45528498173), np.float64(55091.37916738272), np.float64(55078.28820991278), np.float64(55037.14008643389), np.float64(55032.28454862595), np.float64(54988.02169519186), np.float64(55000.053847944735), np.float64(54957.05610002518), np.float64(54968.71428429127), np.float64(54893.168400318624), np.float64(54897.25127596378), np.float64(54879.500392990114), np.float64(54909.47543526411), np.float64(54875.80565130473), np.float64(54903.32465811729), np.float64(54830.686816971305), np.float64(54820.11538203716), np.float64(54780.42939292431), np.float64(54754.629044315814), np.float64(54731.32851535797), np.float64(54741.37595656872), np.float64(54753.651240348816), np.float64(54768.496784813404), np.float64(54646.85992872954), np.float64(54624.65426205635), np.float64(54679.21515679598)]","[np.float64(55137.01195083142), np.float64(55118.14033593717), np.float64(55113.633325648174), np.float64(55112.44496468138), np.float64(55094.60947476613), np.float64(55121.761137842084), np.float64(55037.14881312059), np.float64(55051.98568418689), np.float64(55019.261447822006), np.float64(55036.07741026264), np.float64(54985.04381142869), np.float64(54972.50290302032), np.float64(54912.29478281989), np.float64(54919.654871899016), np.float64(54933.30007400398), np.float64(54921.62456301161), np.float64(54937.96985840486), np.float64(54911.641996437065), np.float64(54866.36786854064), np.float64(54827.49801221819), np.float64(54796.66688316782), np.float64(54767.83563831376), np.float64(54752.5701898964), np.float64(54781.25591035744), np.float64(54769.932640235), np.float64(54768.5055831463), np.float64(54670.51082893559), np.float64(54690.59049089476), np.float64(54708.895411462174)]","[np.float64(55090.10308904134), np.float64(55090.615205637245), np.float64(55083.57790690575), np.float64(55034.09687654611), np.float64(55070.025919994805), np.float64(55036.45859919365), np.float64(55008.91439109929), np.float64(54984.261503147245), np.float64(54965.95153826648), np.float64(54951.82959550794), np.float64(54957.05610002518), np.float64(54858.79699559065), np.float64(54875.096915580674), np.float64(54841.63425357194), np.float64(54879.476402017004), np.float64(54863.34286648265), np.float64(54861.222126904584), np.float64(54720.91943170144), np.float64(54815.08700782817), np.float64(54768.38915352169), np.float64(54738.66989260117), np.float64(54686.464829367906), np.float64(54708.09822343107), np.float64(54720.37236506843), np.float64(54742.97933122885), np.float64(54594.59663263343), np.float64(54624.65426205635), np.float64(54618.374495272335), np.float64(54634.26424027497)]","[np.float64(55105.162301373486), np.float64(55111.22126049996), np.float64(55088.45528498173), np.float64(55091.37916738272), np.float64(55078.28820991278), np.float64(55037.14008643389), np.float64(55032.28454862595), np.float64(54988.02169519186), np.float64(55000.053847944735), np.float64(54957.05610002518), np.float64(54968.71428429127), np.float64(54893.168400318624), np.float64(54897.25127596378), np.float64(54879.500392990114), np.float64(54909.47543526411), np.float64(54875.80565130473), np.float64(54903.32465811729), np.float64(54830.686816971305), np.float64(54820.11538203716), np.float64(54780.42939292431), np.float64(54754.629044315814), np.float64(54731.32851535797), np.float64(54741.37595656872), np.float64(54753.651240348816), np.float64(54768.496784813404), np.float64(54646.85992872954), np.float64(54624.65426205635), np.float64(54679.21515679598), np.float64(54689.77847877741)]"
20,"[np.float64(55134.33969874144), np.float64(55134.59712401867), np.float64(55089.429740746025), np.float64(55074.29985660553), np.float64(55009.79338328361), np.float64(55091.46042568684), np.float64(55034.723456742766), np.float64(55010.630691514016), np.float64(55017.61723156691), np.float64(54958.71667979002), np.float64(54877.48863827229), np.float64(54852.55109574556), np.float64(54918.11740400076), np.float64(54964.90171162605), np.float64(54844.34825667143), np.float64(54850.402966156005), np.float64(54805.642775843146), np.float64(54799.99538809538), np.float64(54695.08010020733), np.float64(54592.19820157767), np.float64(54635.71170149088), np.float64(54627.969369065766), np.float64(54644.61251205206), np.float64(54554.38630454063), np.float64(54554.17485266209), np.float64(54588.2918792367), np.float64(54510.20689862013), np.float64(54511.46427751303), np.float64(54442.00967570067)]","[np.float64(55134.59712401867), np.float64(55147.57476373291), np.float64(55116.0627562869), np.float64(55074.29985660553), np.float64(55091.46042568684), np.float64(55151.694778613), np.float64(55034.723456742766), np.float64(55024.37825114725), np.float64(55017.62913383755), np.float64(54983.940411994445), np.float64(54878.40915846734), np.float64(54926.73404033402), np.float64(54975.63678214541), np.float64(54964.90171162605), np.float64(54850.402966156005), np.float64(54889.26785051331), np.float64(54805.642775843146), np.float64(54829.77175154237), np.float64(54695.08010020733), np.float64(54654.29508824023), np.float64(54661.67888554008), np.float64(54672.83479052289), np.float64(54686.84087949776), np.float64(54554.38630454063), np.float64(54588.5198017537), np.float64(54590.03391148363), np.float64(54511.46427751303), np.float64(54511.47672370743), np.float64(54468.80956096718)]","[np.float64(55134.33969874144), np.float64(55061.93559809423), np.float64(55074.29985660553), np.float64(54977.48290227989), np.float64(55005.413698559794), np.float64(55034.723456742766), np.float64(55010.6175350435), np.float64(55009.92469209619), np.float64(54934.25349463443), np.float64(54873.81767809502), np.float64(54833.77815595416), np.float64(54844.88013818279), np.float64(54918.112181919976), np.float64(54827.35006643484), np.float64(54813.92084437995), np.float64(54780.52289844791), np.float64(54799.98646040414), np.float64(54672.87125346921), np.float64(54585.6588825157), np.float64(54525.86681413721), np.float64(54627.95915747756), np.float64(54609.145186428315), np.float64(54542.01919161365), np.float64(54491.894009654374), np.float64(54550.422080598044), np.float64(54495.68418238163), np.float64(54496.97710871923), np.float64(54442.00967570067), np.float64(54281.623729842555)]","[np.float64(55134.59712401867), np.float64(55089.429740746025), np.float64(55074.29985660553), np.float64(55009.79338328361), np.float64(55091.46042568684), np.float64(55034.723456742766), np.float64(55010.630691514016), np.float64(55017.61723156691), np.float64(54958.71667979002), np.float64(54877.48863827229), np.float64(54852.55109574556), np.float64(54918.11740400076), np.float64(54964.90171162605), np.float64(54844.34825667143), np.float64(54850.402966156005), np.float64(54805.642775843146), np.float64(54799.99538809538), np.float64(54695.08010020733), np.float64(54592.19820157767), np.float64(54635.71170149088), np.float64(54627.969369065766), np.float64(54644.61251205206), np.float64(54554.38630454063), np.float64(54554.17485266209), np.float64(54588.2918792367), np.float64(54510.20689862013), np.float64(54511.46427751303), np.float64(54442.00967570067), np.float64(54361.70342014313)]"
21,"[np.float64(55095.406926460266), np.float64(55095.64181575775), np.float64(55053.18493135214), np.float64(55093.62439485073), np.float64(55036.907901453975), np.float64(55068.17135788441), np.float64(54981.0884688282), np.float64(55035.34918431759), np.float64(55030.91886825323), np.float64(54922.07781269312), np.float64(54912.06964847565), np.float64(54950.028351323606), np.float64(55023.847464139464), np.float64(54949.760881438255), np.float64(54803.232585003374), np.float64(54798.9141761756), np.float64(54784.00334175825), np.float64(54841.73704489231), np.float64(54809.63100037337), np.float64(54772.496212944985), np.float64(54787.86729645729), np.float64(54762.46667174101), np.float64(54698.44684680462), np.float64(54688.96795616865), np.float64(54674.29986644745), np.float64(54741.523792595865), np.float64(54671.28236314774), np.float64(54687.83639243126), np.float64(54613.42735205412)]","[np.float64(55112.95706999369), np.float64(55095.64181575775), np.float64(55116.29432084727), np.float64(55093.62439485073), np.float64(55074.047526452516), np.float64(55068.18005167818), np.float64(55105.67426484609), np.float64(55035.34918431759), np.float64(55031.9152883742), np.float64(54922.07781269312), np.float64(54980.01720787599), np.float64(55023.847464139464), np.float64(55029.81278914754), np.float64(54949.77037257896), np.float64(54892.08475665625), np.float64(54798.9141761756), np.float64(54860.716556124054), np.float64(54841.73704489231), np.float64(54883.989276857785), np.float64(54800.566479098845), np.float64(54787.86729645729), np.float64(54762.46667174101), np.float64(54698.45876985572), np.float64(54691.841905296846), np.float64(54741.523792595865), np.float64(54741.53578704352), np.float64(54687.85043602913), np.float64(54687.84506876255), np.float64(54620.43745470265)]","[np.float64(55090.63377246197), np.float64(55045.4971340311), np.float64(55053.18493135214), np.float64(55016.795546144924), np.float64(55029.267246052565), np.float64(54981.0884688282), np.float64(54968.15860608474), np.float64(55030.89238166646), np.float64(54907.728828671716), np.float64(54912.06964847565), np.float64(54912.06964847565), np.float64(54886.92077359228), np.float64(54948.99240897691), np.float64(54803.22332422887), np.float64(54798.23895262068), np.float64(54780.85599936197), np.float64(54784.00334175825), np.float64(54807.625413865135), np.float64(54768.3514729273), np.float64(54759.18413202572), np.float64(54744.14152269359), np.float64(54688.6793827168), np.float64(54683.76193350265), np.float64(54674.29986644745), np.float64(54666.05913481349), np.float64(54671.28236314774), np.float64(54671.28236314774), np.float64(54596.14261874366), np.float64(54504.59640069815)]","[np.float64(55095.64181575775), np.float64(55053.18493135214), np.float64(55093.62439485073), np.float64(55036.907901453975), np.float64(55068.17135788441), np.float64(54981.0884688282), np.float64(55035.34918431759), np.float64(55030.91886825323), np.float64(54922.07781269312), np.float64(54912.06964847565), np.float64(54950.028351323606), np.float64(55023.847464139464), np.float64(54949.760881438255), np.float64(54803.232585003374), np.float64(54798.9141761756), np.float64(54784.00334175825), np.float64(54841.73704489231), np.float64(54809.63100037337), np.float64(54772.496212944985), np.float64(54787.86729645729), np.float64(54762.46667174101), np.float64(54698.44684680462), np.float64(54688.96795616865), np.float64(54674.29986644745), np.float64(54741.523792595865), np.float64(54671.28236314774), np.float64(54687.83639243126), np.float64(54613.42735205412), np.float64(54524.44229753018)]"
22,"[np.float64(55028.40526946068), np.float64(55009.10210820198), np.float64(55001.5541003108), np.float64(55000.32775668144), np.float64(54957.838034133914), np.float64(54948.40241257906), np.float64(54959.54548873663), np.float64(54990.79053005219), np.float64(54929.24116360426), np.float64(54888.06625450373), np.float64(54882.045799708365), np.float64(54846.94131088972), np.float64(54819.52056094885), np.float64(54810.96036562443), np.float64(54822.679718978405), np.float64(54798.73491855383), np.float64(54752.7298407197), np.float64(54763.593341951375), np.float64(54720.99506036997), np.float64(54710.59927730083), np.float64(54730.90342239141), np.float64(54703.933134491446), np.float64(54703.314747207165), np.float64(54638.66198318243), np.float64(54624.31042739392), np.float64(54590.83290753603), np.float64(54556.43823769093), np.float64(54516.932407639026), np.float64(54500.33369272709)]","[np.float64(55028.40526946068), np.float64(55017.71116923804), np.float64(55005.47609968666), np.float64(55000.33601601248), np.float64(54957.85294947962), np.float64(54961.907494174615), np.float64(55006.697572957084), np.float64(55002.59969649211), np.float64(54935.85597337029), np.float64(54888.06625450373), np.float64(54904.73361175962), np.float64(54846.94131088972), np.float64(54829.53999399956), np.float64(54841.400106820205), np.float64(54822.69262294289), np.float64(54798.746640243706), np.float64(54805.28653622608), np.float64(54770.050813892434), np.float64(54734.57659790886), np.float64(54749.84759217309), np.float64(54730.90342239141), np.float64(54724.74634515479), np.float64(54703.314747207165), np.float64(54660.61720381885), np.float64(54664.07725248076), np.float64(54607.85707536354), np.float64(54565.37952204483), np.float64(54520.09767003351), np.float64(54525.102170690036)]","[np.float64(55009.10210820198), np.float64(54997.805776225556), np.float64(54989.31193568032), np.float64(54957.83251505075), np.float64(54911.594219434446), np.float64(54948.40241257906), np.float64(54946.18743622668), np.float64(54897.10261828149), np.float64(54880.97132409166), np.float64(54881.94241449064), np.float64(54846.94131088972), np.float64(54801.68546221505), np.float64(54795.45080162856), np.float64(54802.36901330579), np.float64(54798.72623715077), np.float64(54739.55941359529), np.float64(54749.336369445016), np.float64(54700.276148465986), np.float64(54702.27742077435), np.float64(54705.23490994038), np.float64(54680.60869714699), np.float64(54687.71695346318), np.float64(54632.00701185284), np.float64(54597.42914540582), np.float64(54590.83290753603), np.float64(54518.90744042224), np.float64(54506.032856490965), np.float64(54451.75891139066), np.float64(54465.621522242)]","[np.float64(55009.10210820198), np.float64(55001.5541003108), np.float64(55000.32775668144), np.float64(54957.838034133914), np.float64(54948.40241257906), np.float64(54959.54548873663), np.float64(54990.79053005219), np.float64(54929.24116360426), np.float64(54888.06625450373), np.float64(54882.045799708365), np.float64(54846.94131088972), np.float64(54819.52056094885), np.float64(54810.96036562443), np.float64(54822.679718978405), np.float64(54798.73491855383), np.float64(54752.7298407197), np.float64(54763.593341951375), np.float64(54720.99506036997), np.float64(54710.59927730083), np.float64(54730.90342239141), np.float64(54703.933134491446), np.float64(54703.314747207165), np.float64(54638.66198318243), np.float64(54624.31042739392), np.float64(54590.83290753603), np.float64(54556.43823769093), np.float64(54516.932407639026), np.float64(54500.33369272709), np.float64(54476.80638742447)]"
23,"[np.float64(55017.146293978694), np.float64(55011.6302587986), np.float64(54975.141545715334), np.float64(54930.71681955815), np.float64(54910.471654345994), np.float64(54845.98282347679), np.float64(54868.31932760954), np.float64(54904.049415225985), np.float64(54942.427673628335), np.float64(54923.90052273512), np.float64(54989.32504748345), np.float64(54910.41447734595), np.float64(54826.964259448054), np.float64(54837.05213664532), np.float64(54801.89909888744), np.float64(54726.22495299578), np.float64(54660.36013959169), np.float64(54655.912953736784), np.float64(54624.4014727521), np.float64(54642.530831408505), np.float64(54591.82758129358), np.float64(54627.58690129519), np.float64(54561.1657711339), np.float64(54518.92999688387), np.float64(54568.35114291668), np.float64(54489.87918733359), np.float64(54469.11517947912), np.float64(54349.34262841701), np.float64(54305.3240650034)]","[np.float64(55036.82456158852), np.float64(55011.6302587986), np.float64(54988.98797618969), np.float64(54930.71681955815), np.float64(54989.47270085079), np.float64(54868.31932760954), np.float64(54912.16232098492), np.float64(54943.755750940436), np.float64(55054.644816523454), np.float64(54989.32504748345), np.float64(55005.45477579327), np.float64(54929.84634285485), np.float64(54840.34108586503), np.float64(54844.124103227485), np.float64(54801.90817744476), np.float64(54757.94288516991), np.float64(54660.36013959169), np.float64(54664.52719833528), np.float64(54664.58014421584), np.float64(54652.302094738094), np.float64(54634.30906474861), np.float64(54654.714749647945), np.float64(54561.1657711339), np.float64(54628.901979259856), np.float64(54568.35114291668), np.float64(54654.22386623186), np.float64(54469.11517947912), np.float64(54394.834294646156), np.float64(54337.628178487364)]","[np.float64(55000.00241349709), np.float64(54970.77837802181), np.float64(54840.68287303574), np.float64(54908.77085709752), np.float64(54824.52156527403), np.float64(54838.942263965626), np.float64(54846.322571899844), np.float64(54904.040181130615), np.float64(54906.46219079765), np.float64(54898.18384566421), np.float64(54908.33840774223), np.float64(54820.53955033229), np.float64(54817.97334826761), np.float64(54787.53703610178), np.float64(54726.21520182294), np.float64(54602.02136395071), np.float64(54635.88148581902), np.float64(54615.4973347299), np.float64(54610.66914119734), np.float64(54588.06779112385), np.float64(54573.19672852056), np.float64(54558.47746453403), np.float64(54506.990506232476), np.float64(54493.72698945949), np.float64(54484.06624531039), np.float64(54460.879362472944), np.float64(54305.2419554206), np.float64(54102.71938425191), np.float64(54291.69720617987)]","[np.float64(55011.6302587986), np.float64(54975.141545715334), np.float64(54930.71681955815), np.float64(54910.471654345994), np.float64(54845.98282347679), np.float64(54868.31932760954), np.float64(54904.049415225985), np.float64(54942.427673628335), np.float64(54923.90052273512), np.float64(54989.32504748345), np.float64(54910.41447734595), np.float64(54826.964259448054), np.float64(54837.05213664532), np.float64(54801.89909888744), np.float64(54726.22495299578), np.float64(54660.36013959169), np.float64(54655.912953736784), np.float64(54624.4014727521), np.float64(54642.530831408505), np.float64(54591.82758129358), np.float64(54627.58690129519), np.float64(54561.1657711339), np.float64(54518.92999688387), np.float64(54568.35114291668), np.float64(54489.87918733359), np.float64(54469.11517947912), np.float64(54349.34262841701), np.float64(54305.3240650034), np.float64(54323.830740349295)]"
24,"[np.float64(55119.175302357675), np.float64(55076.83856691838), np.float64(55103.91535341978), np.float64(55088.56809365749), np.float64(54998.186838605405), np.float64(54948.38605789661), np.float64(54937.38811344862), np.float64(55053.56984588623), np.float64(54972.80334123373), np.float64(54920.083314096926), np.float64(54913.11557549), np.float64(54856.036317207814), np.float64(54939.07406228781), np.float64(54926.38063950062), np.float64(54859.80716611624), np.float64(54845.5309448886), np.float64(54810.916195104124), np.float64(54755.56126121521), np.float64(54753.589427375795), np.float64(54761.53638649702), np.float64(54680.57826162815), np.float64(54711.66696763277), np.float64(54621.2900909996), np.float64(54691.051182136536), np.float64(54567.31113964558), np.float64(54676.40034853697), np.float64(54642.153772273065), np.float64(54567.18519571304), np.float64(54570.06542270184)]","[np.float64(55119.175302357675), np.float64(55103.91535341978), np.float64(55138.39396015424), np.float64(55088.56809365749), np.float64(55034.63480862595), np.float64(54964.85954559417), np.float64(55056.52734107903), np.float64(55053.56984588623), np.float64(55071.78761556348), np.float64(54920.083314096926), np.float64(54946.23867430009), np.float64(54955.46719114488), np.float64(54950.1909517744), np.float64(54926.38063950062), np.float64(54882.265699075426), np.float64(54898.31547013208), np.float64(54810.916195104124), np.float64(54810.77814201844), np.float64(54765.64410854595), np.float64(54761.53638649702), np.float64(54730.529972415425), np.float64(54733.81501906967), np.float64(54691.06411900249), np.float64(54742.06885475169), np.float64(54681.56737460239), np.float64(54714.04883764369), np.float64(54642.153772273065), np.float64(54624.04344575919), np.float64(54627.821275484566)]","[np.float64(55070.155419090086), np.float64(55050.03367548507), np.float64(55080.99313886255), np.float64(54974.80695500311), np.float64(54945.78137227593), np.float64(54930.431958028974), np.float64(54897.01004544241), np.float64(54972.79258583169), np.float64(54903.60994717257), np.float64(54844.614200824566), np.float64(54856.036317207814), np.float64(54806.77489737881), np.float64(54913.84699743198), np.float64(54844.27629465969), np.float64(54830.60789077122), np.float64(54806.41680086322), np.float64(54726.69845946386), np.float64(54736.36408056197), np.float64(54741.5420221672), np.float64(54669.98191634051), np.float64(54653.53438390658), np.float64(54597.94383865109), np.float64(54601.93723806202), np.float64(54522.03560314483), np.float64(54552.42245427175), np.float64(54606.33989356346), np.float64(54567.18519571304), np.float64(54410.21234615694), np.float64(54545.482704694616)]","[np.float64(55076.83856691838), np.float64(55103.91535341978), np.float64(55088.56809365749), np.float64(54998.186838605405), np.float64(54948.38605789661), np.float64(54937.38811344862), np.float64(55053.56984588623), np.float64(54972.80334123373), np.float64(54920.083314096926), np.float64(54913.11557549), np.float64(54856.036317207814), np.float64(54939.07406228781), np.float64(54926.38063950062), np.float64(54859.80716611624), np.float64(54845.5309448886), np.float64(54810.916195104124), np.float64(54755.56126121521), np.float64(54753.589427375795), np.float64(54761.53638649702), np.float64(54680.57826162815), np.float64(54711.66696763277), np.float64(54621.2900909996), np.float64(54691.051182136536), np.float64(54567.31113964558), np.float64(54676.40034853697), np.float64(54642.153772273065), np.float64(54567.18519571304), np.float64(54570.06542270184), np.float64(54627.821275484566)]"
25,"[np.float64(55099.03457531452), np.float64(55102.66222416878), np.float64(55094.30189079046), np.float64(55024.5040982008), np.float64(55030.971280503276), np.float64(55000.06067312718), np.float64(54987.8063800025), np.float64(54993.27721444607), np.float64(55033.68860455275), np.float64(54921.90280471325), np.float64(55006.43796906471), np.float64(54943.16685376406), np.float64(54949.081325066094), np.float64(54938.928157916074), np.float64(54958.67856178999), np.float64(54899.20430835724), np.float64(54889.54242556572), np.float64(54847.95027889729), np.float64(54825.18468971014), np.float64(54832.811509141924), np.float64(54831.889594404696), np.float64(54800.300589649676), np.float64(54838.14905936241), np.float64(54799.73899303436), np.float64(54742.22511228562), np.float64(54731.73648097992), np.float64(54662.90361465454), np.float64(54649.08661230564), np.float64(54631.479573271274)]","[np.float64(55131.572889547046), np.float64(55102.66222416878), np.float64(55106.27036525534), np.float64(55030.971280503276), np.float64(55030.971280503276), np.float64(55002.294402809595), np.float64(55007.309814092136), np.float64(55043.99835316121), np.float64(55042.40297002789), np.float64(55011.42700489694), np.float64(55019.58301417226), np.float64(54949.081325066094), np.float64(54981.19972799621), np.float64(54958.67856178999), np.float64(54963.27763363519), np.float64(54899.21007314481), np.float64(54903.080442187245), np.float64(54847.95027889729), np.float64(54834.84542063625), np.float64(54842.536091083086), np.float64(54869.382720051544), np.float64(54843.0405761977), np.float64(54852.78102221595), np.float64(54822.17963280874), np.float64(54742.22511228562), np.float64(54781.86495294662), np.float64(54662.90361465454), np.float64(54656.78533350656), np.float64(54685.08403574588)]","[np.float64(55099.02657354758), np.float64(55081.60336696427), np.float64(55024.5040982008), np.float64(55006.36486360522), np.float64(54986.083627295564), np.float64(54986.80178595672), np.float64(54987.8063800025), np.float64(54993.27721444607), np.float64(54917.50701960358), np.float64(54892.29190799073), np.float64(54943.16685376406), np.float64(54925.150824654025), np.float64(54938.91962798291), np.float64(54913.980773583724), np.float64(54892.46190310066), np.float64(54884.310097229936), np.float64(54847.942328492434), np.float64(54816.611484903486), np.float64(54816.57984400599), np.float64(54819.11762186847), np.float64(54794.01682281069), np.float64(54793.99621762859), np.float64(54783.574398826495), np.float64(54731.34179547909), np.float64(54719.55687335138), np.float64(54662.90361465454), np.float64(54605.730352716215), np.float64(54631.479573271274), np.float64(54583.86865779005)]","[np.float64(55102.66222416878), np.float64(55094.30189079046), np.float64(55024.5040982008), np.float64(55030.971280503276), np.float64(55000.06067312718), np.float64(54987.8063800025), np.float64(54993.27721444607), np.float64(55033.68860455275), np.float64(54921.90280471325), np.float64(55006.43796906471), np.float64(54943.16685376406), np.float64(54949.081325066094), np.float64(54938.928157916074), np.float64(54958.67856178999), np.float64(54899.20430835724), np.float64(54889.54242556572), np.float64(54847.95027889729), np.float64(54825.18468971014), np.float64(54832.811509141924), np.float64(54831.889594404696), np.float64(54800.300589649676), np.float64(54838.14905936241), np.float64(54799.73899303436), np.float64(54742.22511228562), np.float64(54731.73648097992), np.float64(54662.90361465454), np.float64(54649.08661230564), np.float64(54631.479573271274), np.float64(54653.91600837708)]"
26,"[np.float64(55110.322139296535), np.float64(55084.41168632984), np.float64(55086.23194960833), np.float64(55069.15238127708), np.float64(55027.8201066494), np.float64(55001.5127628851), np.float64(54986.400907528405), np.float64(54968.556918764116), np.float64(54943.17715592623), np.float64(54952.477561602595), np.float64(54918.44308110237), np.float64(54911.99779089451), np.float64(54909.09798979759), np.float64(54887.83046376705), np.float64(54858.490421013834), np.float64(54859.91469493389), np.float64(54798.88455745936), np.float64(54740.39145619631), np.float64(54737.896401295664), np.float64(54720.21222482205), np.float64(54688.36244658709), np.float64(54683.39422888041), np.float64(54697.38404999972), np.float64(54673.66602591991), np.float64(54605.54632677078), np.float64(54584.55695911885), np.float64(54602.16837657213), np.float64(54540.09900848866), np.float64(54545.75541062832)]","[np.float64(55119.950851194204), np.float64(55090.775892520745), np.float64(55098.174317072895), np.float64(55077.67043738414), np.float64(55038.27506541766), np.float64(55001.52147013641), np.float64(54998.38827051091), np.float64(54977.99692104679), np.float64(54968.140477123176), np.float64(54952.49411601328), np.float64(54934.210925985135), np.float64(54919.24265185279), np.float64(54911.175570168765), np.float64(54905.51897992384), np.float64(54860.93296970515), np.float64(54865.32387311326), np.float64(54811.93511905274), np.float64(54761.87443256539), np.float64(54745.20168542184), np.float64(54758.41605375427), np.float64(54688.36244658709), np.float64(54722.765886830966), np.float64(54719.88918821246), np.float64(54679.51201790344), np.float64(54648.14564705369), np.float64(54622.99643495633), np.float64(54615.615521362175), np.float64(54551.42287361307), np.float64(54560.688969174924)]","[np.float64(55084.41168632984), np.float64(55080.323280679506), np.float64(55051.827461371955), np.float64(55027.8201066494), np.float64(54953.55364970574), np.float64(54986.400907528405), np.float64(54941.181620353265), np.float64(54930.37963775278), np.float64(54921.068961237346), np.float64(54918.44308110237), np.float64(54894.68702086551), np.float64(54900.82031986886), np.float64(54864.39376860643), np.float64(54838.3524089577), np.float64(54855.48333903228), np.float64(54759.07467725904), np.float64(54734.13715936521), np.float64(54723.59530369809), np.float64(54713.49575290353), np.float64(54673.80198106686), np.float64(54654.739181979814), np.float64(54660.87749621895), np.float64(54672.43737030467), np.float64(54558.276192217905), np.float64(54584.55695911885), np.float64(54544.964996897186), np.float64(54528.596341172604), np.float64(54493.20551951115), np.float64(54540.92599254715)]","[np.float64(55084.41168632984), np.float64(55086.23194960833), np.float64(55069.15238127708), np.float64(55027.8201066494), np.float64(55001.5127628851), np.float64(54986.400907528405), np.float64(54968.556918764116), np.float64(54943.17715592623), np.float64(54952.477561602595), np.float64(54918.44308110237), np.float64(54911.99779089451), np.float64(54909.09798979759), np.float64(54887.83046376705), np.float64(54858.490421013834), np.float64(54859.91469493389), np.float64(54798.88455745936), np.float64(54740.39145619631), np.float64(54737.896401295664), np.float64(54720.21222482205), np.float64(54688.36244658709), np.float64(54683.39422888041), np.float64(54697.38404999972), np.float64(54673.66602591991), np.float64(54605.54632677078), np.float64(54584.55695911885), np.float64(54602.16837657213), np.float64(54540.09900848866), np.float64(54545.75541062832), np.float64(54546.56065337896)]"
27,"[np.float64(55168.9919226408), np.float64(55166.71231170654), np.float64(55143.97157648564), np.float64(55138.51065787316), np.float64(55127.7734869051), np.float64(55048.04737185479), np.float64(55077.81920397997), np.float64(55043.8376508379), np.float64(55000.72451870203), np.float64(54975.16008960724), np.float64(54960.066906919485), np.float64(54909.50827340603), np.float64(54951.0526437974), np.float64(54940.29370951176), np.float64(54959.75681183815), np.float64(54902.70343773842), np.float64(54883.11477781057), np.float64(54839.29890943766), np.float64(54812.031661713125), np.float64(54811.97512859821), np.float64(54798.20358453989), np.float64(54752.02929369211), np.float64(54768.93217994213), np.float64(54761.115929503445), np.float64(54697.31772983074), np.float64(54717.13200711012), np.float64(54656.464505743985), np.float64(54616.902786462306), np.float64(54547.74308404207)]","[np.float64(55169.000451098895), np.float64(55166.71231170654), np.float64(55170.627730526285), np.float64(55138.51065787316), np.float64(55151.65311947446), np.float64(55086.45930272252), np.float64(55079.51576033186), np.float64(55047.460591409224), np.float64(55020.27905116283), np.float64(54975.16561111599), np.float64(54972.01904716336), np.float64(54970.47778072334), np.float64(54972.5947321123), np.float64(54959.7648651697), np.float64(54976.335929925815), np.float64(54902.71460108681), np.float64(54899.869392452216), np.float64(54849.02763651175), np.float64(54834.11757188853), np.float64(54824.43526619974), np.float64(54804.28067338036), np.float64(54797.89058269728), np.float64(54782.80379956639), np.float64(54770.489935671365), np.float64(54751.72076224416), np.float64(54717.14403347966), np.float64(54691.95251632057), np.float64(54620.10803819569), np.float64(54560.969964200674)]","[np.float64(55163.52175169692), np.float64(55134.69311982693), np.float64(55115.91680808093), np.float64(55126.908279576455), np.float64(55046.40764428187), np.float64(55034.42883231363), np.float64(55019.91567837412), np.float64(55000.72451870203), np.float64(54975.14404324737), np.float64(54932.73100639203), np.float64(54902.07810912816), np.float64(54904.936688929796), np.float64(54929.36427063244), np.float64(54924.06524859211), np.float64(54878.78314134619), np.float64(54863.645821152895), np.float64(54817.51560308713), np.float64(54808.94712282983), np.float64(54801.2878269003), np.float64(54750.783284834), np.float64(54749.339775518034), np.float64(54708.107605929414), np.float64(54745.73426508831), np.float64(54678.12219231247), np.float64(54688.78499876235), np.float64(54650.76087180966), np.float64(54577.4063964953), np.float64(54510.297562538835), np.float64(54528.82161925867)]","[np.float64(55166.71231170654), np.float64(55143.97157648564), np.float64(55138.51065787316), np.float64(55127.7734869051), np.float64(55048.04737185479), np.float64(55077.81920397997), np.float64(55043.8376508379), np.float64(55000.72451870203), np.float64(54975.16008960724), np.float64(54960.066906919485), np.float64(54909.50827340603), np.float64(54951.0526437974), np.float64(54940.29370951176), np.float64(54959.75681183815), np.float64(54902.70343773842), np.float64(54883.11477781057), np.float64(54839.29890943766), np.float64(54812.031661713125), np.float64(54811.97512859821), np.float64(54798.20358453989), np.float64(54752.02929369211), np.float64(54768.93217994213), np.float64(54761.115929503445), np.float64(54697.31772983074), np.float64(54717.13200711012), np.float64(54656.464505743985), np.float64(54616.902786462306), np.float64(54547.74308404207), np.float64(54549.95392804384)]"
28,"[np.float64(55151.43587930918), np.float64(55080.45900425911), np.float64(55111.52440162182), np.float64(55124.30809710503), np.float64(55147.679453427794), np.float64(55100.38261323452), np.float64(55071.5048800087), np.float64(55079.18385413647), np.float64(55020.79519104242), np.float64(54987.031657407286), np.float64(55005.76446521282), np.float64(54930.71128214598), np.float64(54871.852969233994), np.float64(54876.79040923119), np.float64(54894.65216922522), np.float64(54919.947454333305), np.float64(54864.62239671469), np.float64(54878.20824429989), np.float64(54836.65228397608), np.float64(54811.31836575985), np.float64(54774.446025912766), np.float64(54715.281996338366), np.float64(54702.94077872038), np.float64(54657.593365163804), np.float64(54719.39397559166), np.float64(54663.6448552227), np.float64(54681.54357422352), np.float64(54700.49375765085), np.float64(54690.89523315668)]","[np.float64(55151.43587930918), np.float64(55111.52440162182), np.float64(55144.19073476196), np.float64(55147.68886395781), np.float64(55166.78388059018), np.float64(55105.74344432397), np.float64(55079.18385413647), np.float64(55080.93916226623), np.float64(55046.427620638286), np.float64(55027.19006319901), np.float64(55019.15557104316), np.float64(54931.04001832044), np.float64(54886.35851510299), np.float64(54915.40931493236), np.float64(54921.370325970594), np.float64(54948.28961189979), np.float64(54891.1022177779), np.float64(54895.337037155696), np.float64(54880.411825753334), np.float64(54811.31836575985), np.float64(54808.35734464066), np.float64(54722.49456070801), np.float64(54702.94077872038), np.float64(54767.33668389132), np.float64(54719.39397559166), np.float64(54703.80221537729), np.float64(54700.50743163887), np.float64(54737.755349122), np.float64(54702.77422021655)]","[np.float64(55057.98245306453), np.float64(55071.49182846225), np.float64(55108.53703998526), np.float64(55099.891637326895), np.float64(55087.09483856926), np.float64(55064.841583179434), np.float64(55057.508044645874), np.float64(55020.779174695934), np.float64(54976.12068774046), np.float64(54926.166707278), np.float64(54930.71128214598), np.float64(54866.22367298866), np.float64(54871.56014001728), np.float64(54871.856796352826), np.float64(54876.7274589427), np.float64(54856.449411964684), np.float64(54841.86405254826), np.float64(54812.51298435727), np.float64(54810.74513157332), np.float64(54755.49776096075), np.float64(54690.0141489166), np.float64(54700.06140034529), np.float64(54639.82441122858), np.float64(54620.2211030022), np.float64(54643.144948947986), np.float64(54643.25820998955), np.float64(54681.54357422352), np.float64(54661.95054322746), np.float64(54669.15364218029)]","[np.float64(55080.45900425911), np.float64(55111.52440162182), np.float64(55124.30809710503), np.float64(55147.679453427794), np.float64(55100.38261323452), np.float64(55071.5048800087), np.float64(55079.18385413647), np.float64(55020.79519104242), np.float64(54987.031657407286), np.float64(55005.76446521282), np.float64(54930.71128214598), np.float64(54871.852969233994), np.float64(54876.79040923119), np.float64(54894.65216922522), np.float64(54919.947454333305), np.float64(54864.62239671469), np.float64(54878.20824429989), np.float64(54836.65228397608), np.float64(54811.31836575985), np.float64(54774.446025912766), np.float64(54715.281996338366), np.float64(54702.94077872038), np.float64(54657.593365163804), np.float64(54719.39397559166), np.float64(54663.6448552227), np.float64(54681.54357422352), np.float64(54700.49375765085), np.float64(54690.89523315668), np.float64(54692.40862077952)]"
29,"[np.float64(54988.20636144876), np.float64(54969.861945157056), np.float64(55013.088916184905), np.float64(55010.2850539732), np.float64(54984.92795589209), np.float64(54896.526905186176), np.float64(54913.14145967245), np.float64(54889.79714652539), np.float64(54914.24353347063), np.float64(54893.93024521113), np.float64(54870.595461564066), np.float64(54796.483509788515), np.float64(54800.491179649835), np.float64(54808.88757059574), np.float64(54775.27625140667), np.float64(54785.30437606335), np.float64(54726.595186948776), np.float64(54663.1397917223), np.float64(54640.35990828514), np.float64(54608.08696873904), np.float64(54520.6655248785), np.float64(54466.1275524497), np.float64(54451.44297926903), np.float64(54582.21939852238), np.float64(54482.37547873974), np.float64(54572.40568761587), np.float64(54578.54139785052), np.float64(54453.05642664194), np.float64(54393.80251070261)]","[np.float64(54989.96288030939), np.float64(55022.31426481387), np.float64(55016.28727663503), np.float64(55025.27679579492), np.float64(54984.94196793667), np.float64(54913.14145967245), np.float64(54936.952893844675), np.float64(54914.24353347063), np.float64(54936.03082425917), np.float64(54982.7529673347), np.float64(54870.603937671985), np.float64(54800.50081136126), np.float64(54808.88757059574), np.float64(54821.81001874205), np.float64(54785.30437606335), np.float64(54799.91221781671), np.float64(54726.595186948776), np.float64(54685.26510975019), np.float64(54645.3410268537), np.float64(54611.81337342206), np.float64(54544.59659624425), np.float64(54477.14110967073), np.float64(54583.95148300404), np.float64(54582.231238738124), np.float64(54572.40568761587), np.float64(54607.428112204965), np.float64(54578.54139785052), np.float64(54502.41635907599), np.float64(54404.100332751215)]","[np.float64(54931.5462840267), np.float64(54969.85301284273), np.float64(55010.2850539732), np.float64(54953.67630595346), np.float64(54885.158798371915), np.float64(54885.44957035384), np.float64(54889.79714652539), np.float64(54889.79714652539), np.float64(54876.71998887205), np.float64(54863.24741263716), np.float64(54768.85333990701), np.float64(54796.483509788515), np.float64(54710.49092607965), np.float64(54774.30012460164), np.float64(54705.00232656627), np.float64(54726.595186948776), np.float64(54663.12637889392), np.float64(54604.7688416856), np.float64(54599.499271162545), np.float64(54505.888584175394), np.float64(54441.17852939053), np.float64(54422.79799790059), np.float64(54447.003334449364), np.float64(54460.27614168585), np.float64(54449.445667046515), np.float64(54559.23850463126), np.float64(54443.86113312413), np.float64(54393.80251070261), np.float64(54365.62887658528)]","[np.float64(54969.861945157056), np.float64(55013.088916184905), np.float64(55010.2850539732), np.float64(54984.92795589209), np.float64(54896.526905186176), np.float64(54913.14145967245), np.float64(54889.79714652539), np.float64(54914.24353347063), np.float64(54893.93024521113), np.float64(54870.595461564066), np.float64(54796.483509788515), np.float64(54800.491179649835), np.float64(54808.88757059574), np.float64(54775.27625140667), np.float64(54785.30437606335), np.float64(54726.595186948776), np.float64(54663.1397917223), np.float64(54640.35990828514), np.float64(54608.08696873904), np.float64(54520.6655248785), np.float64(54466.1275524497), np.float64(54451.44297926903), np.float64(54582.21939852238), np.float64(54482.37547873974), np.float64(54572.40568761587), np.float64(54578.54139785052), np.float64(54453.05642664194), np.float64(54393.80251070261), np.float64(54398.19960229397)]"
30,"[np.float64(55259.6048475647), np.float64(55193.06318210602), np.float64(55146.022350642685), np.float64(55108.109492416384), np.float64(55143.30605680943), np.float64(55105.89607287407), np.float64(55080.92440443516), np.float64(55123.20872762442), np.float64(55068.07490389109), np.float64(54989.73133900404), np.float64(55049.329733490944), np.float64(55112.58809986591), np.float64(55029.63727927923), np.float64(55090.659947686196), np.float64(54969.983768224716), np.float64(54862.56634269953), np.float64(54788.25156710625), np.float64(54892.62045406819), np.float64(54906.03554331541), np.float64(54791.09483508825), np.float64(54715.25521071673), np.float64(54830.1589599371), np.float64(54834.26784854174), np.float64(54763.87188666105), np.float64(54642.55710192204), np.float64(54597.663498609065), np.float64(54526.50131341696), np.float64(54517.20696026087), np.float64(54319.31349979162)]","[np.float64(55259.6048475647), np.float64(55204.87212012658), np.float64(55146.022350642685), np.float64(55143.30605680943), np.float64(55143.30605680943), np.float64(55141.271413270406), np.float64(55123.20872762442), np.float64(55145.60024879888), np.float64(55068.08342620881), np.float64(55062.85041664683), np.float64(55112.59713830637), np.float64(55112.58809986591), np.float64(55211.91388355925), np.float64(55090.659947686196), np.float64(54969.983768224716), np.float64(54876.555553784485), np.float64(54914.120443455526), np.float64(54952.80305423585), np.float64(54906.03554331541), np.float64(54824.199870349155), np.float64(54830.1589599371), np.float64(54887.78324959793), np.float64(54840.75483789007), np.float64(54782.19643119208), np.float64(54642.56869631428), np.float64(54597.67191069816), np.float64(54536.6656436901), np.float64(54557.46483254113), np.float64(54331.11770480149)]","[np.float64(55193.06318210602), np.float64(55119.023997154894), np.float64(55108.109492416384), np.float64(55073.50433603198), np.float64(55105.8875537812), np.float64(55080.91147241372), np.float64(55070.66013516606), np.float64(55056.35702537423), np.float64(54976.55150667218), np.float64(54989.72157212355), np.float64(55042.92624889998), np.float64(55017.07974969955), np.float64(55029.63727927923), np.float64(54938.5592065066), np.float64(54848.778522643646), np.float64(54727.82698186878), np.float64(54788.24307968645), np.float64(54882.21839474921), np.float64(54711.18491945052), np.float64(54688.48216863754), np.float64(54713.83418126394), np.float64(54804.41541149184), np.float64(54748.272047082486), np.float64(54607.56089943965), np.float64(54588.33259837315), np.float64(54508.686794077934), np.float64(54464.42041851654), np.float64(54319.31349979162), np.float64(54281.957490589964)]","[np.float64(55193.06318210602), np.float64(55146.022350642685), np.float64(55108.109492416384), np.float64(55143.30605680943), np.float64(55105.89607287407), np.float64(55080.92440443516), np.float64(55123.20872762442), np.float64(55068.07490389109), np.float64(54989.73133900404), np.float64(55049.329733490944), np.float64(55112.58809986591), np.float64(55029.63727927923), np.float64(55090.659947686196), np.float64(54969.983768224716), np.float64(54862.56634269953), np.float64(54788.25156710625), np.float64(54892.62045406819), np.float64(54906.03554331541), np.float64(54791.09483508825), np.float64(54715.25521071673), np.float64(54830.1589599371), np.float64(54834.26784854174), np.float64(54763.87188666105), np.float64(54642.55710192204), np.float64(54597.663498609065), np.float64(54526.50131341696), np.float64(54517.20696026087), np.float64(54319.31349979162), np.float64(54319.25761056185)]"
31,"[np.float64(55143.7758354044), np.float64(55138.327279386525), np.float64(55101.85852674246), np.float64(55042.22407468796), np.float64(54979.98716769218), np.float64(54934.929502446656), np.float64(54989.25615177393), np.float64(54878.7470473814), np.float64(54917.96441689253), np.float64(54885.150742609505), np.float64(54864.96378461361), np.float64(54848.21182503939), np.float64(54882.14856377602), np.float64(54840.699102053644), np.float64(54792.61839609623), np.float64(54789.51139276266), np.float64(54780.82139019489), np.float64(54702.6143289566), np.float64(54645.39959724188), np.float64(54657.14766787291), np.float64(54671.59142801285), np.float64(54647.25887995958), np.float64(54678.65446161985), np.float64(54633.54798988104), np.float64(54614.08475877762), np.float64(54626.70336211205), np.float64(54560.77931127548), np.float64(54488.37185223103), np.float64(54470.37088427067)]","[np.float64(55149.17064106743), np.float64(55138.327279386525), np.float64(55101.873513472274), np.float64(55067.14024102792), np.float64(54979.98716769218), np.float64(54993.992398031136), np.float64(54992.47834940305), np.float64(54923.21766036717), np.float64(54925.46000385492), np.float64(54887.888188468954), np.float64(54876.36778015044), np.float64(54882.160025088146), np.float64(54980.068887574125), np.float64(54840.699102053644), np.float64(54835.265465240045), np.float64(54789.51689667506), np.float64(54841.05888579866), np.float64(54702.62902009004), np.float64(54658.79341510046), np.float64(54681.7672676752), np.float64(54683.27864589996), np.float64(54704.07865220984), np.float64(54678.65446161985), np.float64(54670.673762705184), np.float64(54647.4493535905), np.float64(54634.200143511036), np.float64(54597.861972574436), np.float64(54504.19125984701), np.float64(54477.61438294136)]","[np.float64(55138.31328836527), np.float64(55086.65737154033), np.float64(55036.42285845503), np.float64(54979.98716769218), np.float64(54927.97185570481), np.float64(54919.526073365276), np.float64(54862.473661180884), np.float64(54874.236250334994), np.float64(54880.624186374356), np.float64(54805.289180703345), np.float64(54848.21182503939), np.float64(54845.20644252772), np.float64(54833.71133481371), np.float64(54759.844066038284), np.float64(54772.187817149446), np.float64(54775.454818454986), np.float64(54702.6088331024), np.float64(54633.87377432927), np.float64(54635.31687670864), np.float64(54615.87696021674), np.float64(54644.270391040256), np.float64(54576.273359430044), np.float64(54626.348395071465), np.float64(54583.30006307041), np.float64(54608.46909580266), np.float64(54552.29177176263), np.float64(54419.56988759305), np.float64(54465.60107749824), np.float64(54408.982657627064)]","[np.float64(55138.327279386525), np.float64(55101.85852674246), np.float64(55042.22407468796), np.float64(54979.98716769218), np.float64(54934.929502446656), np.float64(54989.25615177393), np.float64(54878.7470473814), np.float64(54917.96441689253), np.float64(54885.150742609505), np.float64(54864.96378461361), np.float64(54848.21182503939), np.float64(54882.14856377602), np.float64(54840.699102053644), np.float64(54792.61839609623), np.float64(54789.51139276266), np.float64(54780.82139019489), np.float64(54702.6143289566), np.float64(54645.39959724188), np.float64(54657.14766787291), np.float64(54671.59142801285), np.float64(54647.25887995958), np.float64(54678.65446161985), np.float64(54633.54798988104), np.float64(54614.08475877762), np.float64(54626.70336211205), np.float64(54560.77931127548), np.float64(54488.37185223103), np.float64(54470.37088427067), np.float64(54432.95896867991)]"
32,"[np.float64(55099.303848078256), np.float64(55091.25026157856), np.float64(55037.60123696804), np.float64(54995.10868132592), np.float64(54992.98991289854), np.float64(55023.09630774021), np.float64(54950.624717736246), np.float64(54901.66163158894), np.float64(54886.528012914656), np.float64(54924.253371789455), np.float64(54893.73025448799), np.float64(54906.26412253857), np.float64(54828.740738537315), np.float64(54855.81366172791), np.float64(54798.91404739857), np.float64(54824.59334560156), np.float64(54789.66103166819), np.float64(54825.87673745394), np.float64(54718.16222332716), np.float64(54765.63561682463), np.float64(54643.42647563219), np.float64(54662.92975639105), np.float64(54657.77816019773), np.float64(54659.77471922636), np.float64(54734.20539414406), np.float64(54648.763510744575), np.float64(54561.6750842762), np.float64(54580.2966287303), np.float64(54537.46796504736)]","[np.float64(55099.303848078256), np.float64(55176.62531508183), np.float64(55037.60123696804), np.float64(55065.238442018825), np.float64(55023.09630774021), np.float64(55023.09630774021), np.float64(54991.00008626925), np.float64(54901.66163158894), np.float64(54929.5418293128), np.float64(54924.26717805983), np.float64(54907.87937885381), np.float64(54914.32748070369), np.float64(54855.81366172791), np.float64(54861.980983053414), np.float64(54839.68623856928), np.float64(54824.59334560156), np.float64(54839.75225358071), np.float64(54825.87673745394), np.float64(54765.64486773834), np.float64(54765.63561682463), np.float64(54666.81126740211), np.float64(54672.33750302484), np.float64(54659.77471922636), np.float64(54750.79062233115), np.float64(54734.20539414406), np.float64(54648.763510744575), np.float64(54592.4760486789), np.float64(54592.6479811533), np.float64(54542.18121609761)]","[np.float64(55087.60350979427), np.float64(55037.60123696804), np.float64(54989.99241874045), np.float64(54992.98991289854), np.float64(54992.974702601256), np.float64(54950.624717736246), np.float64(54880.66898753616), np.float64(54886.528012914656), np.float64(54868.62325627234), np.float64(54893.73025448799), np.float64(54886.861132139886), np.float64(54823.197000972876), np.float64(54761.57499518326), np.float64(54790.87942781743), np.float64(54797.26736079717), np.float64(54770.11485800511), np.float64(54789.66103166819), np.float64(54679.50366085772), np.float64(54704.44798690224), np.float64(54643.409523723974), np.float64(54623.35404441739), np.float64(54657.76236860115), np.float64(54653.05458676748), np.float64(54650.47484206442), np.float64(54648.75280993351), np.float64(54508.235511805986), np.float64(54547.66567314853), np.float64(54537.46796504736), np.float64(54444.080990657996)]","[np.float64(55091.25026157856), np.float64(55037.60123696804), np.float64(54995.10868132592), np.float64(54992.98991289854), np.float64(55023.09630774021), np.float64(54950.624717736246), np.float64(54901.66163158894), np.float64(54886.528012914656), np.float64(54924.253371789455), np.float64(54893.73025448799), np.float64(54906.26412253857), np.float64(54828.740738537315), np.float64(54855.81366172791), np.float64(54798.91404739857), np.float64(54824.59334560156), np.float64(54789.66103166819), np.float64(54825.87673745394), np.float64(54718.16222332716), np.float64(54765.63561682463), np.float64(54643.42647563219), np.float64(54662.92975639105), np.float64(54657.77816019773), np.float64(54659.77471922636), np.float64(54734.20539414406), np.float64(54648.763510744575), np.float64(54561.6750842762), np.float64(54580.2966287303), np.float64(54537.46796504736), np.float64(54455.66982763052)]"
33,"[np.float64(55167.510986828805), np.float64(55150.11990686894), np.float64(55125.20902118683), np.float64(55073.44812534809), np.float64(55119.0985512495), np.float64(55100.477393126486), np.float64(55031.57820663214), np.float64(54988.763708422186), np.float64(54974.40288068772), np.float64(54962.52564669848), np.float64(54961.009039649965), np.float64(55053.414154460435), np.float64(54963.635704672335), np.float64(54994.191273784636), np.float64(54962.855959773064), np.float64(54948.37614206553), np.float64(54921.05558065176), np.float64(54905.53498701096), np.float64(54867.11577751398), np.float64(54867.84079217673), np.float64(54798.03359886408), np.float64(54808.60129926443), np.float64(54764.68704524279), np.float64(54738.21937407971), np.float64(54731.89874003411), np.float64(54714.039813134674), np.float64(54646.64487109423), np.float64(54596.87448176384), np.float64(54626.78680962563)]","[np.float64(55192.472057593826), np.float64(55159.154671769735), np.float64(55157.88292129763), np.float64(55120.665366904585), np.float64(55195.80246068269), np.float64(55100.477393126486), np.float64(55069.46927449843), np.float64(55010.257885547275), np.float64(54974.40288068772), np.float64(55045.32908338058), np.float64(55053.427126994466), np.float64(55167.74863390025), np.float64(54994.191273784636), np.float64(55047.84733202376), np.float64(55024.01634433983), np.float64(54951.57550869823), np.float64(54923.828621311535), np.float64(54936.169738334014), np.float64(54890.99953739105), np.float64(54889.338481885745), np.float64(54823.25767931085), np.float64(54836.78141674575), np.float64(54774.61076845615), np.float64(54738.21937407971), np.float64(54817.88907008414), np.float64(54714.05168354841), np.float64(54685.24673199308), np.float64(54633.638740875635), np.float64(54656.90360016422)]","[np.float64(55142.968892520505), np.float64(55125.20093747349), np.float64(55073.44812534809), np.float64(55062.70099875831), np.float64(55088.75661563794), np.float64(55008.24403311563), np.float64(54986.34223744913), np.float64(54961.78721588113), np.float64(54948.607986423456), np.float64(54951.191809075026), np.float64(54954.54807530668), np.float64(54962.67867870538), np.float64(54963.629968108005), np.float64(54951.520730200216), np.float64(54932.15985912357), np.float64(54904.37135695241), np.float64(54859.78489290696), np.float64(54844.65200474703), np.float64(54866.261510927405), np.float64(54722.34030489335), np.float64(54791.61416507055), np.float64(54705.06493952058), np.float64(54738.21937407971), np.float64(54699.40800620896), np.float64(54690.131127654866), np.float64(54638.871231581164), np.float64(54581.49646423472), np.float64(54577.92937615243), np.float64(54606.00475432876)]","[np.float64(55150.11990686894), np.float64(55125.20902118683), np.float64(55073.44812534809), np.float64(55119.0985512495), np.float64(55100.477393126486), np.float64(55031.57820663214), np.float64(54988.763708422186), np.float64(54974.40288068772), np.float64(54962.52564669848), np.float64(54961.009039649965), np.float64(55053.414154460435), np.float64(54963.635704672335), np.float64(54994.191273784636), np.float64(54962.855959773064), np.float64(54948.37614206553), np.float64(54921.05558065176), np.float64(54905.53498701096), np.float64(54867.11577751398), np.float64(54867.84079217673), np.float64(54798.03359886408), np.float64(54808.60129926443), np.float64(54764.68704524279), np.float64(54738.21937407971), np.float64(54731.89874003411), np.float64(54714.039813134674), np.float64(54646.64487109423), np.float64(54596.87448176384), np.float64(54626.78680962563), np.float64(54615.01285481214)]"
34,"[np.float64(55041.44046647787), np.float64(55007.76334222794), np.float64(55001.98782133818), np.float64(55008.799482188224), np.float64(54963.889009084705), np.float64(54922.55506035566), np.float64(54901.73207262278), np.float64(54877.92261685371), np.float64(54899.02543706656), np.float64(54811.16241678), np.float64(54867.10148326397), np.float64(54887.81179109812), np.float64(54854.07014955759), np.float64(54832.66856664181), np.float64(54756.86628760815), np.float64(54716.893512055874), np.float64(54713.82810370207), np.float64(54705.777865405085), np.float64(54719.433767693045), np.float64(54684.76016680717), np.float64(54695.91882498503), np.float64(54618.080066044335), np.float64(54583.42050185442), np.float64(54582.722659144405), np.float64(54591.79036473274), np.float64(54583.30099677324), np.float64(54585.355505464075), np.float64(54482.212833354475), np.float64(54436.282574973106)]","[np.float64(55041.44046647787), np.float64(55007.76334222794), np.float64(55008.799482188224), np.float64(55019.23962934844), np.float64(54965.190424136956), np.float64(54922.55506035566), np.float64(54919.757071705484), np.float64(54899.043187983756), np.float64(54903.68225420764), np.float64(54883.66126042642), np.float64(54887.81179109812), np.float64(54902.60009505137), np.float64(54854.07014955759), np.float64(54832.66856664181), np.float64(54800.673458759185), np.float64(54725.467378593086), np.float64(54724.32688506479), np.float64(54719.439291066265), np.float64(54719.43925992807), np.float64(54702.94019716834), np.float64(54695.91882498503), np.float64(54641.24261677811), np.float64(54590.68727712496), np.float64(54591.80676891382), np.float64(54592.56581432712), np.float64(54585.355505464075), np.float64(54585.355505464075), np.float64(54504.37744843139), np.float64(54439.43286801293)]","[np.float64(55004.15409712873), np.float64(55001.98782133818), np.float64(55001.97580984593), np.float64(54963.8722788396), np.float64(54922.55506035566), np.float64(54886.93784200768), np.float64(54877.33641568772), np.float64(54848.92659817735), np.float64(54799.15745359979), np.float64(54811.16241678), np.float64(54843.76157173618), np.float64(54854.06084878633), np.float64(54832.663057496866), np.float64(54755.91610097963), np.float64(54710.33340906731), np.float64(54704.61110584079), np.float64(54697.11833295651), np.float64(54705.76425128991), np.float64(54664.96675747119), np.float64(54683.72392448653), np.float64(54604.96502292466), np.float64(54583.41172598211), np.float64(54578.19844921421), np.float64(54568.09003110183), np.float64(54578.696564832666), np.float64(54579.11631067511), np.float64(54458.87545907864), np.float64(54436.282574973106), np.float64(54393.808615469665)]","[np.float64(55007.76334222794), np.float64(55001.98782133818), np.float64(55008.799482188224), np.float64(54963.889009084705), np.float64(54922.55506035566), np.float64(54901.73207262278), np.float64(54877.92261685371), np.float64(54899.02543706656), np.float64(54811.16241678), np.float64(54867.10148326397), np.float64(54887.81179109812), np.float64(54854.07014955759), np.float64(54832.66856664181), np.float64(54756.86628760815), np.float64(54716.893512055874), np.float64(54713.82810370207), np.float64(54705.777865405085), np.float64(54719.433767693045), np.float64(54684.76016680717), np.float64(54695.91882498503), np.float64(54618.080066044335), np.float64(54583.42050185442), np.float64(54582.722659144405), np.float64(54591.79036473274), np.float64(54583.30099677324), np.float64(54585.355505464075), np.float64(54482.212833354475), np.float64(54436.282574973106), np.float64(54399.23239405155)]"
35,"[np.float64(55075.95708816767), np.float64(55029.85838943482), np.float64(54982.30154842377), np.float64(54966.49185035706), np.float64(54936.931470110416), np.float64(54945.46887190104), np.float64(54944.52042909622), np.float64(54894.66530448198), np.float64(54926.570456838606), np.float64(54838.574667437075), np.float64(54871.456464767456), np.float64(54872.64172852517), np.float64(54898.19109070778), np.float64(54865.783836722374), np.float64(54811.081416029934), np.float64(54760.82077255726), np.float64(54730.524817931655), np.float64(54693.071307361126), np.float64(54654.592731654644), np.float64(54645.359032478336), np.float64(54616.260832982065), np.float64(54661.31218815327), np.float64(54649.62425639391), np.float64(54570.615558161735), np.float64(54598.77394291401), np.float64(54558.220125415326), np.float64(54521.85413683891), np.float64(54555.502672588824), np.float64(54542.63527203799)]","[np.float64(55077.67623305957), np.float64(55031.65237357964), np.float64(54982.30154842377), np.float64(54971.10030051654), np.float64(54952.15308627274), np.float64(54964.61909469468), np.float64(54944.52908438595), np.float64(54929.14569962619), np.float64(54945.472556805216), np.float64(54873.09343509239), np.float64(54879.94093054972), np.float64(54898.19109070778), np.float64(54919.800764278574), np.float64(54865.783836722374), np.float64(54815.4561927078), np.float64(54763.57585764282), np.float64(54730.524817931655), np.float64(54693.071307361126), np.float64(54659.18740923343), np.float64(54645.3690038558), np.float64(54704.56790989047), np.float64(54662.63569025763), np.float64(54670.76959875289), np.float64(54602.57771645157), np.float64(54630.09331161931), np.float64(54595.352741052615), np.float64(54555.50830302814), np.float64(54618.02057921913), np.float64(54551.56314030669)]","[np.float64(55028.90807169601), np.float64(54963.7482042253), np.float64(54966.49185035706), np.float64(54929.35297089883), np.float64(54934.277110622235), np.float64(54938.04076889553), np.float64(54894.66530448198), np.float64(54890.32680752751), np.float64(54824.017760717994), np.float64(54794.649055724265), np.float64(54871.456464767456), np.float64(54857.485963559484), np.float64(54865.7813499742), np.float64(54801.76806202901), np.float64(54747.61552888317), np.float64(54719.57775309097), np.float64(54685.94740254944), np.float64(54654.579264682965), np.float64(54637.41743480691), np.float64(54605.30292989684), np.float64(54616.242274063545), np.float64(54630.142777000845), np.float64(54562.70750442078), np.float64(54535.86517605088), np.float64(54541.08638987369), np.float64(54521.85413683891), np.float64(54482.24506811881), np.float64(54542.6268856585), np.float64(54480.4531402628)]","[np.float64(55029.85838943482), np.float64(54982.30154842377), np.float64(54966.49185035706), np.float64(54936.931470110416), np.float64(54945.46887190104), np.float64(54944.52042909622), np.float64(54894.66530448198), np.float64(54926.570456838606), np.float64(54838.574667437075), np.float64(54871.456464767456), np.float64(54872.64172852517), np.float64(54898.19109070778), np.float64(54865.783836722374), np.float64(54811.081416029934), np.float64(54760.82077255726), np.float64(54730.524817931655), np.float64(54693.071307361126), np.float64(54654.592731654644), np.float64(54645.359032478336), np.float64(54616.260832982065), np.float64(54661.31218815327), np.float64(54649.62425639391), np.float64(54570.615558161735), np.float64(54598.77394291401), np.float64(54558.220125415326), np.float64(54521.85413683891), np.float64(54555.502672588824), np.float64(54542.63527203799), np.float64(54500.6565367341)]"
36,"[np.float64(54991.57838790417), np.float64(55014.910209679605), np.float64(55003.748203299045), np.float64(54936.42344473839), np.float64(54946.15976065159), np.float64(54904.93849182129), np.float64(54839.50598289728), np.float64(54845.76094065905), np.float64(54797.96908157349), np.float64(54789.729669823646), np.float64(54806.8325467968), np.float64(54821.84163808585), np.float64(54762.96014530897), np.float64(54751.379871144294), np.float64(54692.12853074551), np.float64(54699.32806800127), np.float64(54708.49300024509), np.float64(54699.24152983904), np.float64(54666.89634638071), np.float64(54636.21174268723), np.float64(54565.480059096815), np.float64(54500.04149765253), np.float64(54522.358556454186), np.float64(54506.48614397526), np.float64(54459.6996471405), np.float64(54473.79236110449), np.float64(54485.865722506045), np.float64(54445.868994426724), np.float64(54417.06556554556)]","[np.float64(55014.910209679605), np.float64(55014.910209679605), np.float64(55003.748203299045), np.float64(54950.99416312352), np.float64(54960.67542932479), np.float64(54904.93849182129), np.float64(54850.16719659188), np.float64(54868.69433874483), np.float64(54803.35266428913), np.float64(54812.83433850738), np.float64(54821.84163808585), np.float64(54848.52985212808), np.float64(54773.99478478499), np.float64(54751.379871144294), np.float64(54729.88216750235), np.float64(54708.49300024509), np.float64(54744.812974522065), np.float64(54699.24152983904), np.float64(54678.01432982771), np.float64(54648.88077218018), np.float64(54565.480059096815), np.float64(54600.22269531266), np.float64(54522.358556454186), np.float64(54579.24222704234), np.float64(54473.79236110449), np.float64(54489.09649702269), np.float64(54486.07327700794), np.float64(54495.820762252275), np.float64(54417.07398204005)]","[np.float64(54978.71909388579), np.float64(55003.74267697265), np.float64(54888.27082375108), np.float64(54933.271513426924), np.float64(54904.93849182129), np.float64(54837.831121433665), np.float64(54784.403168356606), np.float64(54791.30654964117), np.float64(54783.576094492695), np.float64(54786.5905268224), np.float64(54806.8325467968), np.float64(54746.97586168671), np.float64(54751.379871144294), np.float64(54679.128687740245), np.float64(54692.12853074551), np.float64(54670.15679874101), np.float64(54698.809980855265), np.float64(54652.43509093194), np.float64(54631.11983540696), np.float64(54565.41862558064), np.float64(54494.8124595195), np.float64(54499.750605239664), np.float64(54502.7612239436), np.float64(54431.58464430258), np.float64(54459.6848044589), np.float64(54438.09235687964), np.float64(54431.41598065819), np.float64(54415.088190682436), np.float64(54386.81512463308)]","[np.float64(55014.910209679605), np.float64(55003.748203299045), np.float64(54936.42344473839), np.float64(54946.15976065159), np.float64(54904.93849182129), np.float64(54839.50598289728), np.float64(54845.76094065905), np.float64(54797.96908157349), np.float64(54789.729669823646), np.float64(54806.8325467968), np.float64(54821.84163808585), np.float64(54762.96014530897), np.float64(54751.379871144294), np.float64(54692.12853074551), np.float64(54699.32806800127), np.float64(54708.49300024509), np.float64(54699.24152983904), np.float64(54666.89634638071), np.float64(54636.21174268723), np.float64(54565.480059096815), np.float64(54500.04149765253), np.float64(54522.358556454186), np.float64(54506.48614397526), np.float64(54459.6996471405), np.float64(54473.79236110449), np.float64(54485.865722506045), np.float64(54445.868994426724), np.float64(54417.06556554556), np.float64(54389.509470949175)]"
37,"[np.float64(55092.5738318634), np.float64(55125.36612915993), np.float64(55113.929441380504), np.float64(55058.15791380883), np.float64(54998.55964809895), np.float64(55031.77124339581), np.float64(54970.70144259692), np.float64(54981.45187759877), np.float64(54941.69403090477), np.float64(54901.41837178469), np.float64(54930.83040089608), np.float64(54889.94086168766), np.float64(54924.904210884575), np.float64(54910.25724059582), np.float64(54871.66353822708), np.float64(54867.725536737446), np.float64(54787.63575536251), np.float64(54798.21427303315), np.float64(54758.77617969752), np.float64(54788.6600478363), np.float64(54753.13368547678), np.float64(54745.70067547083), np.float64(54748.79209678411), np.float64(54684.39109184742), np.float64(54661.8672171402), np.float64(54683.69170381308), np.float64(54683.84945567131), np.float64(54651.33570308447), np.float64(54646.89933449984)]","[np.float64(55152.27220136327), np.float64(55125.36612915993), np.float64(55146.709197140735), np.float64(55059.100497307365), np.float64(55045.82867031879), np.float64(55031.82385602589), np.float64(54997.357014396344), np.float64(54981.457388629926), np.float64(54947.742463252114), np.float64(54932.03031567952), np.float64(54953.93711313419), np.float64(54927.742427122146), np.float64(54936.4894934134), np.float64(54929.69536560416), np.float64(54875.89627799285), np.float64(54868.51834470583), np.float64(54807.33939506095), np.float64(54804.23811426615), np.float64(54809.78907646916), np.float64(54810.494134914086), np.float64(54753.13368547678), np.float64(54754.891119707136), np.float64(54788.40607263362), np.float64(54692.548594399), np.float64(54735.50312959249), np.float64(54683.8578595406), np.float64(54723.37069868432), np.float64(54651.33570308447), np.float64(54686.86305344859)]","[np.float64(55092.5738318634), np.float64(55109.00162732933), np.float64(55058.14867282064), np.float64(54986.55429232847), np.float64(54985.51961939944), np.float64(54970.70144259692), np.float64(54933.391953148326), np.float64(54928.3393919553), np.float64(54894.48551655276), np.float64(54901.41837178469), np.float64(54877.14587796425), np.float64(54854.720100568506), np.float64(54910.25724059582), np.float64(54843.36669785671), np.float64(54867.725536737446), np.float64(54760.56132418062), np.float64(54783.42355936548), np.float64(54746.736010657776), np.float64(54758.223660930475), np.float64(54726.39495735058), np.float64(54730.09475376973), np.float64(54741.59258104707), np.float64(54677.27733674168), np.float64(54640.83015689103), np.float64(54661.852768900746), np.float64(54669.92103210768), np.float64(54646.257328238855), np.float64(54617.98936813357), np.float64(54634.48705741368)]","[np.float64(55125.36612915993), np.float64(55113.929441380504), np.float64(55058.15791380883), np.float64(54998.55964809895), np.float64(55031.77124339581), np.float64(54970.70144259692), np.float64(54981.45187759877), np.float64(54941.69403090477), np.float64(54901.41837178469), np.float64(54930.83040089608), np.float64(54889.94086168766), np.float64(54924.904210884575), np.float64(54910.25724059582), np.float64(54871.66353822708), np.float64(54867.725536737446), np.float64(54787.63575536251), np.float64(54798.21427303315), np.float64(54758.77617969752), np.float64(54788.6600478363), np.float64(54753.13368547678), np.float64(54745.70067547083), np.float64(54748.79209678411), np.float64(54684.39109184742), np.float64(54661.8672171402), np.float64(54683.69170381308), np.float64(54683.84945567131), np.float64(54651.33570308447), np.float64(54646.89933449984), np.float64(54662.94520963431)]"
38,"[np.float64(55059.88404108048), np.float64(55076.60213229656), np.float64(55057.34558832169), np.float64(55068.15899528981), np.float64(55029.18926400185), np.float64(55015.79181720734), np.float64(54999.93962272167), np.float64(55028.471589629655), np.float64(54974.465208768845), np.float64(54894.877142691614), np.float64(54941.36152862072), np.float64(54904.95742204428), np.float64(54927.03031960249), np.float64(54874.603260202406), np.float64(54844.458361029625), np.float64(54865.94648210764), np.float64(54768.9557461381), np.float64(54796.824125025276), np.float64(54787.697439558506), np.float64(54813.9420689106), np.float64(54770.505320105556), np.float64(54755.50395543814), np.float64(54777.412533509734), np.float64(54685.79682187557), np.float64(54674.2483556366), np.float64(54633.5834035635), np.float64(54632.88981049538), np.float64(54654.41064093828), np.float64(54665.362096879486)]","[np.float64(55076.61513885137), np.float64(55076.60213229656), np.float64(55108.28742916815), np.float64(55068.15899528981), np.float64(55035.39335748037), np.float64(55015.80108222359), np.float64(55040.640967294145), np.float64(55028.471589629655), np.float64(54984.62862311301), np.float64(54941.36152862072), np.float64(54964.347803685356), np.float64(54927.03031960249), np.float64(54947.397320123484), np.float64(54891.353084051974), np.float64(54892.048916381675), np.float64(54865.94648210764), np.float64(54823.94827705525), np.float64(54797.89244628361), np.float64(54826.97863060495), np.float64(54822.965973099694), np.float64(54770.505320105556), np.float64(54777.42943020721), np.float64(54800.137935824016), np.float64(54695.0009216068), np.float64(54674.69014971843), np.float64(54633.5834035635), np.float64(54758.74190192178), np.float64(54665.362096879486), np.float64(54695.15157252871)]","[np.float64(55059.88404108048), np.float64(55057.33187594835), np.float64(55057.33361349186), np.float64(55019.305779806775), np.float64(54992.523777912196), np.float64(54999.93962272167), np.float64(54950.50221600879), np.float64(54974.465208768845), np.float64(54888.11795417739), np.float64(54894.877142691614), np.float64(54904.95742204428), np.float64(54881.85808952562), np.float64(54874.603260202406), np.float64(54827.413311340206), np.float64(54844.458361029625), np.float64(54719.12281289171), np.float64(54768.9557461381), np.float64(54762.09144270935), np.float64(54787.697439558506), np.float64(54740.22618197451), np.float64(54750.46074094199), np.float64(54752.284580178806), np.float64(54678.96099376071), np.float64(54661.99701135303), np.float64(54633.5834035635), np.float64(54610.36359821717), np.float64(54632.88981049538), np.float64(54654.386413773376), np.float64(54632.72282930879)]","[np.float64(55076.60213229656), np.float64(55057.34558832169), np.float64(55068.15899528981), np.float64(55029.18926400185), np.float64(55015.79181720734), np.float64(54999.93962272167), np.float64(55028.471589629655), np.float64(54974.465208768845), np.float64(54894.877142691614), np.float64(54941.36152862072), np.float64(54904.95742204428), np.float64(54927.03031960249), np.float64(54874.603260202406), np.float64(54844.458361029625), np.float64(54865.94648210764), np.float64(54768.9557461381), np.float64(54796.824125025276), np.float64(54787.697439558506), np.float64(54813.9420689106), np.float64(54770.505320105556), np.float64(54755.50395543814), np.float64(54777.412533509734), np.float64(54685.79682187557), np.float64(54674.2483556366), np.float64(54633.5834035635), np.float64(54632.88981049538), np.float64(54654.41064093828), np.float64(54665.362096879486), np.float64(54653.772164437774)]"
39,"[np.float64(55056.02794178009), np.float64(55061.79921302795), np.float64(55089.24481693506), np.float64(55028.75528542042), np.float64(55036.366265277866), np.float64(55036.644166102415), np.float64(54982.27424769402), np.float64(54952.812124319076), np.float64(54945.405256049635), np.float64(54900.41429730415), np.float64(54941.20055733681), np.float64(54958.91422374964), np.float64(54854.71223181486), np.float64(54816.77696638584), np.float64(54889.86694367409), np.float64(54854.228030192855), np.float64(54768.10762063742), np.float64(54823.422891201975), np.float64(54753.38737622023), np.float64(54782.42440662861), np.float64(54754.25185640335), np.float64(54762.20345149755), np.float64(54736.179417192936), np.float64(54672.80257595301), np.float64(54704.77340459347), np.float64(54659.16238446236), np.float64(54509.532364552026), np.float64(54537.604726250174), np.float64(54523.46990219832)]","[np.float64(55085.45521182915), np.float64(55089.24481693506), np.float64(55121.736806059904), np.float64(55046.24642145441), np.float64(55049.398272360086), np.float64(55036.644166102415), np.float64(54996.26848133462), np.float64(54979.466742886245), np.float64(54945.405256049635), np.float64(54974.39035043322), np.float64(54958.92342079169), np.float64(54994.836398413965), np.float64(54862.62211223466), np.float64(54924.8290508665), np.float64(54889.87589773761), np.float64(54854.23672642108), np.float64(54847.65801249848), np.float64(54840.19055032934), np.float64(54792.6318141067), np.float64(54801.19166911613), np.float64(54762.21500349741), np.float64(54804.39040112069), np.float64(54736.179417192936), np.float64(54758.48076204647), np.float64(54704.77340459347), np.float64(54669.156205874795), np.float64(54542.766295916124), np.float64(54568.99415446699), np.float64(54538.84074549376)]","[np.float64(55051.13862082454), np.float64(55023.17960476656), np.float64(55028.75528542042), np.float64(55018.56101781901), np.float64(55034.10160790941), np.float64(54940.04429139479), np.float64(54940.79742406954), np.float64(54933.831639361226), np.float64(54890.492557906575), np.float64(54900.41429730415), np.float64(54941.20055733681), np.float64(54854.71223181486), np.float64(54808.49639712188), np.float64(54800.37664269217), np.float64(54854.21110480996), np.float64(54762.634137344125), np.float64(54751.079996347384), np.float64(54741.45133021139), np.float64(54751.74722850443), np.float64(54750.18497646081), np.float64(54752.22538000291), np.float64(54718.9419479871), np.float64(54669.59979959808), np.float64(54648.56742675983), np.float64(54638.83451459352), np.float64(54499.30194160152), np.float64(54470.85449300803), np.float64(54511.693319230304), np.float64(54450.012905374686)]","[np.float64(55061.79921302795), np.float64(55089.24481693506), np.float64(55028.75528542042), np.float64(55036.366265277866), np.float64(55036.644166102415), np.float64(54982.27424769402), np.float64(54952.812124319076), np.float64(54945.405256049635), np.float64(54900.41429730415), np.float64(54941.20055733681), np.float64(54958.91422374964), np.float64(54854.71223181486), np.float64(54816.77696638584), np.float64(54889.86694367409), np.float64(54854.228030192855), np.float64(54768.10762063742), np.float64(54823.422891201975), np.float64(54753.38737622023), np.float64(54782.42440662861), np.float64(54754.25185640335), np.float64(54762.20345149755), np.float64(54736.179417192936), np.float64(54672.80257595301), np.float64(54704.77340459347), np.float64(54659.16238446236), np.float64(54509.532364552026), np.float64(54537.604726250174), np.float64(54523.46990219832), np.float64(54461.07665989161)]"
40,"[np.float64(54981.52695460558), np.float64(54997.93353419304), np.float64(54989.00696822644), np.float64(54914.78632863999), np.float64(54917.778076534276), np.float64(54916.28825510741), np.float64(54872.63735010624), np.float64(54837.55385194302), np.float64(54876.95923591375), np.float64(54850.28217330456), np.float64(54856.08332082272), np.float64(54830.79112636328), np.float64(54807.598126223085), np.float64(54815.350889587404), np.float64(54752.67729969263), np.float64(54780.20570722818), np.float64(54777.75134586811), np.float64(54736.69761595011), np.float64(54674.86712925196), np.float64(54638.866094770434), np.float64(54572.32288398743), np.float64(54483.49107412577), np.float64(54501.146018214225), np.float64(54487.20487481117), np.float64(54489.49839366436), np.float64(54496.10980623722), np.float64(54458.27975163937), np.float64(54419.14776129722), np.float64(54394.67561894655)]","[np.float64(54997.93353419304), np.float64(55032.91577415825), np.float64(54989.62198639851), np.float64(54921.5040935083), np.float64(54917.778076534276), np.float64(54916.29392798648), np.float64(54881.00520209008), np.float64(54876.97109629797), np.float64(54876.975248636096), np.float64(54924.319514884424), np.float64(54856.08332082272), np.float64(54835.493671634176), np.float64(54815.350889587404), np.float64(54817.63878434807), np.float64(54780.20570722818), np.float64(54814.9921077305), np.float64(54777.75134586811), np.float64(54751.72581003086), np.float64(54674.86712925196), np.float64(54649.20699155968), np.float64(54575.04084368256), np.float64(54507.9979017534), np.float64(54522.98467821941), np.float64(54489.543149632154), np.float64(54496.10980623722), np.float64(54505.529637538086), np.float64(54458.27975163937), np.float64(54450.71803653114), np.float64(54421.61976830433)]","[np.float64(54981.52695460558), np.float64(54972.26947637379), np.float64(54914.78632863999), np.float64(54885.19326554985), np.float64(54911.44587895456), np.float64(54868.903922481004), np.float64(54837.55385194302), np.float64(54829.618022227114), np.float64(54833.54331758966), np.float64(54850.28217330456), np.float64(54821.2175279817), np.float64(54803.48194192889), np.float64(54807.58548912819), np.float64(54746.35264840019), np.float64(54714.25118905813), np.float64(54777.75134586811), np.float64(54733.360724157836), np.float64(54667.53132156219), np.float64(54616.27716821527), np.float64(54564.36174679677), np.float64(54476.6869657895), np.float64(54478.369672742665), np.float64(54480.38725685537), np.float64(54460.34354308294), np.float64(54480.7935037131), np.float64(54450.40308600937), np.float64(54412.68436336362), np.float64(54394.67561894655), np.float64(54378.56990595898)]","[np.float64(54997.93353419304), np.float64(54989.00696822644), np.float64(54914.78632863999), np.float64(54917.778076534276), np.float64(54916.28825510741), np.float64(54872.63735010624), np.float64(54837.55385194302), np.float64(54876.95923591375), np.float64(54850.28217330456), np.float64(54856.08332082272), np.float64(54830.79112636328), np.float64(54807.598126223085), np.float64(54815.350889587404), np.float64(54752.67729969263), np.float64(54780.20570722818), np.float64(54777.75134586811), np.float64(54736.69761595011), np.float64(54674.86712925196), np.float64(54638.866094770434), np.float64(54572.32288398743), np.float64(54483.49107412577), np.float64(54501.146018214225), np.float64(54487.20487481117), np.float64(54489.49839366436), np.float64(54496.10980623722), np.float64(54458.27975163937), np.float64(54419.14776129722), np.float64(54394.67561894655), np.float64(54408.43789105892)]"
41,"[np.float64(55017.559925789836), np.float64(55059.86626985073), np.float64(55077.793062243465), np.float64(55004.844224576955), np.float64(54969.339883089066), np.float64(54968.835978581905), np.float64(54944.396159265045), np.float64(54983.701612262725), np.float64(54911.52505042792), np.float64(54901.65751072407), np.float64(54860.71800602913), np.float64(54882.11752851248), np.float64(54865.60238989115), np.float64(54884.6684726429), np.float64(54902.044872021674), np.float64(54831.653417336944), np.float64(54788.55290534973), np.float64(54788.269338335995), np.float64(54749.73757771731), np.float64(54771.86314507962), np.float64(54679.37445397854), np.float64(54681.15531148672), np.float64(54624.31029861689), np.float64(54626.71559592962), np.float64(54619.046537632945), np.float64(54564.0403319335), np.float64(54540.488687772755), np.float64(54493.21554255247), np.float64(54454.31367675781)]","[np.float64(55059.86626985073), np.float64(55079.37153639395), np.float64(55118.45429963032), np.float64(55011.14450258837), np.float64(54984.27434184632), np.float64(54973.133844625074), np.float64(54993.81665887864), np.float64(54983.71541133228), np.float64(54930.37970390026), np.float64(54901.665937763915), np.float64(54908.857220173886), np.float64(54882.11752851248), np.float64(54884.677452909535), np.float64(54932.804462475324), np.float64(54902.08341816108), np.float64(54832.962987942454), np.float64(54798.066257077924), np.float64(54788.269338335995), np.float64(54796.731782599294), np.float64(54774.987455110255), np.float64(54681.170783069414), np.float64(54710.16549715739), np.float64(54626.71559592962), np.float64(54641.56177556875), np.float64(54632.614332689336), np.float64(54570.27266907193), np.float64(54543.45752204612), np.float64(54493.24703391285), np.float64(54476.53553366612)]","[np.float64(55017.559925789836), np.float64(55040.744599618934), np.float64(54999.84486762876), np.float64(54964.882695621636), np.float64(54963.33225593493), np.float64(54938.810996150896), np.float64(54923.544493123634), np.float64(54909.24192235358), np.float64(54900.98611881212), np.float64(54859.41857527488), np.float64(54852.11437961449), np.float64(54846.9691743227), np.float64(54839.54449499532), np.float64(54871.84537168819), np.float64(54813.856350052396), np.float64(54779.47953457722), np.float64(54778.15395644184), np.float64(54636.26172777257), np.float64(54747.83136761943), np.float64(54669.811711582), np.float64(54678.71552792182), np.float64(54517.725172684346), np.float64(54606.30681251015), np.float64(54589.80941279857), np.float64(54560.586926516546), np.float64(54517.120684924834), np.float64(54472.62178333069), np.float64(54221.005947590274), np.float64(54426.027483825535)]","[np.float64(55059.86626985073), np.float64(55077.793062243465), np.float64(55004.844224576955), np.float64(54969.339883089066), np.float64(54968.835978581905), np.float64(54944.396159265045), np.float64(54983.701612262725), np.float64(54911.52505042792), np.float64(54901.65751072407), np.float64(54860.71800602913), np.float64(54882.11752851248), np.float64(54865.60238989115), np.float64(54884.6684726429), np.float64(54902.044872021674), np.float64(54831.653417336944), np.float64(54788.55290534973), np.float64(54788.269338335995), np.float64(54749.73757771731), np.float64(54771.86314507962), np.float64(54679.37445397854), np.float64(54681.15531148672), np.float64(54624.31029861689), np.float64(54626.71559592962), np.float64(54619.046537632945), np.float64(54564.0403319335), np.float64(54540.488687772755), np.float64(54493.21554255247), np.float64(54454.31367675781), np.float64(54436.81468164921)]"
42,"[np.float64(55088.41845475197), np.float64(55055.53318044186), np.float64(55096.98805079937), np.float64(55025.995336174965), np.float64(55036.30264942646), np.float64(55020.95384433985), np.float64(54998.824542443755), np.float64(54986.97924515724), np.float64(54965.106853430276), np.float64(54902.72764781952), np.float64(54901.030366601946), np.float64(54895.99428340197), np.float64(54851.44090899468), np.float64(54901.27117964268), np.float64(54856.44441160679), np.float64(54849.946451594835), np.float64(54838.28504790306), np.float64(54830.19372973442), np.float64(54757.62195120335), np.float64(54757.229953932765), np.float64(54720.51523716688), np.float64(54652.40584017992), np.float64(54659.01944196224), np.float64(54625.976029462814), np.float64(54683.589841184614), np.float64(54672.90147670984), np.float64(54617.4538233614), np.float64(54563.61961738586), np.float64(54581.44158527851)]","[np.float64(55094.50284073538), np.float64(55096.99983563674), np.float64(55098.77260153589), np.float64(55036.3178968136), np.float64(55036.32866395769), np.float64(55020.9601457616), np.float64(55021.218756671165), np.float64(55004.9363514432), np.float64(54979.14846161086), np.float64(54913.02845322732), np.float64(54912.58092206202), np.float64(54895.99428340197), np.float64(54915.49979226383), np.float64(54904.88814876363), np.float64(54874.90169204417), np.float64(54849.9593978788), np.float64(54855.09538265696), np.float64(54830.19372973442), np.float64(54775.29729457891), np.float64(54762.1283359763), np.float64(54723.54250907271), np.float64(54688.391545043385), np.float64(54659.01944196224), np.float64(54739.009711685336), np.float64(54683.589841184614), np.float64(54760.58180172821), np.float64(54617.4538233614), np.float64(54635.1478536836), np.float64(54590.747117725245)]","[np.float64(55054.43777696413), np.float64(55040.633067093695), np.float64(55020.35060524177), np.float64(55013.41568937203), np.float64(55013.07176879059), np.float64(54990.622835297545), np.float64(54986.97924515724), np.float64(54965.101330753925), np.float64(54895.76345985329), np.float64(54886.69409995243), np.float64(54895.98879015377), np.float64(54829.86077389163), np.float64(54848.059595482344), np.float64(54840.21307913174), np.float64(54849.946451594835), np.float64(54820.765415719274), np.float64(54827.573456757025), np.float64(54727.8756966051), np.float64(54751.64140571427), np.float64(54718.2056208251), np.float64(54648.042636859434), np.float64(54637.12229402179), np.float64(54618.41238226183), np.float64(54611.31142542865), np.float64(54655.75810836928), np.float64(54617.3277394146), np.float64(54508.781621460286), np.float64(54559.88911559652), np.float64(54558.186380994)]","[np.float64(55055.53318044186), np.float64(55096.98805079937), np.float64(55025.995336174965), np.float64(55036.30264942646), np.float64(55020.95384433985), np.float64(54998.824542443755), np.float64(54986.97924515724), np.float64(54965.106853430276), np.float64(54902.72764781952), np.float64(54901.030366601946), np.float64(54895.99428340197), np.float64(54851.44090899468), np.float64(54901.27117964268), np.float64(54856.44441160679), np.float64(54849.946451594835), np.float64(54838.28504790306), np.float64(54830.19372973442), np.float64(54757.62195120335), np.float64(54757.229953932765), np.float64(54720.51523716688), np.float64(54652.40584017992), np.float64(54659.01944196224), np.float64(54625.976029462814), np.float64(54683.589841184614), np.float64(54672.90147670984), np.float64(54617.4538233614), np.float64(54563.61961738586), np.float64(54581.44158527851), np.float64(54568.49163865328)]"
43,"[np.float64(55034.7663394928), np.float64(55005.41058594227), np.float64(55037.49744268417), np.float64(55025.66000079632), np.float64(55035.09111515522), np.float64(55003.647757217885), np.float64(54947.15082865238), np.float64(54915.699486539364), np.float64(54949.083385498525), np.float64(54942.51936287165), np.float64(54942.883157973294), np.float64(54912.592096874716), np.float64(54893.42672703505), np.float64(54910.79578612328), np.float64(54853.046500968936), np.float64(54870.23810531378), np.float64(54815.845650925636), np.float64(54776.827628252504), np.float64(54740.54444330454), np.float64(54733.60954283953), np.float64(54731.117964918616), np.float64(54691.79203637362), np.float64(54679.755505201814), np.float64(54654.99412964821), np.float64(54648.08859034538), np.float64(54656.8628130889), np.float64(54639.901462068556), np.float64(54548.42019365072), np.float64(54526.652368869785)]","[np.float64(55034.7663394928), np.float64(55037.49744268417), np.float64(55049.68469759195), np.float64(55035.09111515522), np.float64(55040.063843923635), np.float64(55003.647757217885), np.float64(54947.15082865238), np.float64(54949.083385498525), np.float64(54963.02750542632), np.float64(54942.883157973294), np.float64(54952.92466504672), np.float64(54912.592096874716), np.float64(54925.36684708912), np.float64(54912.32657650908), np.float64(54884.676954522656), np.float64(54870.24703357906), np.float64(54823.36545358721), np.float64(54779.84607724576), np.float64(54740.54444330454), np.float64(54741.47299212497), np.float64(54731.117964918616), np.float64(54691.80049478466), np.float64(54731.03319895754), np.float64(54664.34225950691), np.float64(54656.8628130889), np.float64(54656.8628130889), np.float64(54672.38861576108), np.float64(54548.42019365072), np.float64(54535.95044662419)]","[np.float64(55005.41058594227), np.float64(54981.11870241529), np.float64(55025.65042773617), np.float64(55025.66000079632), np.float64(54983.25879979403), np.float64(54947.15082865238), np.float64(54902.904103407134), np.float64(54915.699486539364), np.float64(54909.62330105574), np.float64(54942.51936287165), np.float64(54912.592096874716), np.float64(54891.43593284452), np.float64(54893.42672703505), np.float64(54831.05409150824), np.float64(54853.046500968936), np.float64(54773.86937472971), np.float64(54776.827628252504), np.float64(54669.03000817366), np.float64(54733.60954283953), np.float64(54700.03927078002), np.float64(54691.79203637362), np.float64(54663.80335004954), np.float64(54654.99412964821), np.float64(54615.583830911), np.float64(54648.08859034538), np.float64(54574.61237376466), np.float64(54548.42019365072), np.float64(54520.416458406), np.float64(54504.222629631986)]","[np.float64(55005.41058594227), np.float64(55037.49744268417), np.float64(55025.66000079632), np.float64(55035.09111515522), np.float64(55003.647757217885), np.float64(54947.15082865238), np.float64(54915.699486539364), np.float64(54949.083385498525), np.float64(54942.51936287165), np.float64(54942.883157973294), np.float64(54912.592096874716), np.float64(54893.42672703505), np.float64(54910.79578612328), np.float64(54853.046500968936), np.float64(54870.23810531378), np.float64(54815.845650925636), np.float64(54776.827628252504), np.float64(54740.54444330454), np.float64(54733.60954283953), np.float64(54731.117964918616), np.float64(54691.79203637362), np.float64(54679.755505201814), np.float64(54654.99412964821), np.float64(54648.08859034538), np.float64(54656.8628130889), np.float64(54639.901462068556), np.float64(54548.42019365072), np.float64(54526.652368869785), np.float64(54511.13306299925)]"
44,"[np.float64(55183.27973380089), np.float64(55203.12916720867), np.float64(55143.45131729603), np.float64(55102.41368450642), np.float64(55089.26490615129), np.float64(55059.0966983366), np.float64(55028.3516982174), np.float64(54990.314956491), np.float64(54939.81388630867), np.float64(54936.84570461035), np.float64(54902.61380892754), np.float64(54899.52032718182), np.float64(54878.32427240133), np.float64(54869.602590684895), np.float64(54838.419233565335), np.float64(54864.93352201224), np.float64(54804.02391983509), np.float64(54859.67388189316), np.float64(54811.58570686817), np.float64(54766.586120061875), np.float64(54695.091432585716), np.float64(54685.391560571195), np.float64(54647.32429868937), np.float64(54638.46469677687), np.float64(54640.295777325635), np.float64(54629.252503364085), np.float64(54606.26722056866), np.float64(54570.14462057352), np.float64(54556.94381629944)]","[np.float64(55227.097006441996), np.float64(55203.14233226004), np.float64(55173.647892132045), np.float64(55102.41368450642), np.float64(55120.04775295405), np.float64(55072.652593453466), np.float64(55028.365151703525), np.float64(55003.78338889208), np.float64(54946.34262515068), np.float64(54952.943400522374), np.float64(54911.492101748816), np.float64(54998.789878522475), np.float64(54901.500933255076), np.float64(54873.079098309805), np.float64(54886.56550474062), np.float64(54886.08206681895), np.float64(54872.33680802773), np.float64(54897.826743531), np.float64(54829.352357374024), np.float64(54781.62840752985), np.float64(54701.023963697495), np.float64(54696.46711353997), np.float64(54649.960353859045), np.float64(54650.03321333515), np.float64(54738.27504907285), np.float64(54641.16639700528), np.float64(54638.82158394929), np.float64(54585.376296547445), np.float64(54586.51616964745)]","[np.float64(55183.27093445403), np.float64(55141.00996798771), np.float64(55076.197644898544), np.float64(55089.26490615129), np.float64(55046.425261803124), np.float64(55019.001754496654), np.float64(54975.92551905095), np.float64(54910.17918309909), np.float64(54920.50574719649), np.float64(54881.71775374424), np.float64(54890.19763414581), np.float64(54878.31554922856), np.float64(54858.96662131092), np.float64(54834.37896537086), np.float64(54816.839867034054), np.float64(54789.44676652508), np.float64(54751.647232160045), np.float64(54811.58570686817), np.float64(54748.835242373454), np.float64(54662.43185399378), np.float64(54669.772603298996), np.float64(54631.60971169316), np.float64(54630.829423979914), np.float64(54597.14409352261), np.float64(54609.98518954698), np.float64(54594.67630071225), np.float64(54534.25423961769), np.float64(54502.907857101156), np.float64(54553.94901797254)]","[np.float64(55203.12916720867), np.float64(55143.45131729603), np.float64(55102.41368450642), np.float64(55089.26490615129), np.float64(55059.0966983366), np.float64(55028.3516982174), np.float64(54990.314956491), np.float64(54939.81388630867), np.float64(54936.84570461035), np.float64(54902.61380892754), np.float64(54899.52032718182), np.float64(54878.32427240133), np.float64(54869.602590684895), np.float64(54838.419233565335), np.float64(54864.93352201224), np.float64(54804.02391983509), np.float64(54859.67388189316), np.float64(54811.58570686817), np.float64(54766.586120061875), np.float64(54695.091432585716), np.float64(54685.391560571195), np.float64(54647.32429868937), np.float64(54638.46469677687), np.float64(54640.295777325635), np.float64(54629.252503364085), np.float64(54606.26722056866), np.float64(54570.14462057352), np.float64(54556.94381629944), np.float64(54568.423129274845)]"
45,"[np.float64(55140.22455132723), np.float64(55102.25245566845), np.float64(55158.783510146146), np.float64(55095.36571781159), np.float64(55123.15695925951), np.float64(55069.96573698044), np.float64(55038.255424265866), np.float64(55030.825504908564), np.float64(54958.320819208624), np.float64(54962.425973279474), np.float64(54935.9008675623), np.float64(54971.882070381645), np.float64(54933.057470803265), np.float64(54953.094146008494), np.float64(54887.82428246975), np.float64(54911.12120567083), np.float64(54772.62421730995), np.float64(54869.08567969799), np.float64(54726.697693462374), np.float64(54790.318953499795), np.float64(54643.167891361714), np.float64(54691.67678093434), np.float64(54638.093303830625), np.float64(54627.90536688328), np.float64(54759.16779063702), np.float64(54766.19682710886), np.float64(54629.90875109434), np.float64(54595.88109577656), np.float64(54574.54184094191)]","[np.float64(55154.457202496764), np.float64(55161.82899584541), np.float64(55175.35233653175), np.float64(55123.15695925951), np.float64(55143.41170657221), np.float64(55116.748564011454), np.float64(55038.26420466912), np.float64(55061.880296413365), np.float64(54962.425973279474), np.float64(54962.43582032187), np.float64(54982.12617545314), np.float64(54971.89132756129), np.float64(54958.22109735253), np.float64(54966.63723593132), np.float64(54911.131237735935), np.float64(54921.89986753766), np.float64(54875.70795192045), np.float64(54891.01079574649), np.float64(54819.66127873178), np.float64(54813.07878514809), np.float64(54703.95106617628), np.float64(54712.2191656279), np.float64(54641.24882859244), np.float64(54759.16779063702), np.float64(54795.13484733871), np.float64(54779.0680814097), np.float64(54643.472304550975), np.float64(54605.38287818158), np.float64(54599.25324808482)]","[np.float64(55063.385817834656), np.float64(55102.25245566845), np.float64(55082.38718167646), np.float64(55095.36571781159), np.float64(55051.46446184447), np.float64(55038.255424265866), np.float64(55025.5560926151), np.float64(54958.310066723716), np.float64(54958.320819208624), np.float64(54915.482445811875), np.float64(54928.66644521778), np.float64(54933.04880819233), np.float64(54921.01130068943), np.float64(54886.3620508594), np.float64(54876.24680435773), np.float64(54766.4122885816), np.float64(54760.01148508619), np.float64(54717.97594733042), np.float64(54714.48820901202), np.float64(54629.38765243176), np.float64(54625.417381893196), np.float64(54616.39890745399), np.float64(54621.56965870867), np.float64(54621.256144576066), np.float64(54710.150425571235), np.float64(54629.90875109434), np.float64(54556.92208231519), np.float64(54513.12010551296), np.float64(54559.49889755702)]","[np.float64(55102.25245566845), np.float64(55158.783510146146), np.float64(55095.36571781159), np.float64(55123.15695925951), np.float64(55069.96573698044), np.float64(55038.255424265866), np.float64(55030.825504908564), np.float64(54958.320819208624), np.float64(54962.425973279474), np.float64(54935.9008675623), np.float64(54971.882070381645), np.float64(54933.057470803265), np.float64(54953.094146008494), np.float64(54887.82428246975), np.float64(54911.12120567083), np.float64(54772.62421730995), np.float64(54869.08567969799), np.float64(54726.697693462374), np.float64(54790.318953499795), np.float64(54643.167891361714), np.float64(54691.67678093434), np.float64(54638.093303830625), np.float64(54627.90536688328), np.float64(54759.16779063702), np.float64(54766.19682710886), np.float64(54629.90875109434), np.float64(54595.88109577656), np.float64(54574.54184094191), np.float64(54577.92056380272)]"
46,"[np.float64(55057.619883389474), np.float64(55102.009582195285), np.float64(55044.051163148884), np.float64(55128.832549176215), np.float64(55063.27216466427), np.float64(54969.53317740679), np.float64(55042.81529001951), np.float64(54874.19993055344), np.float64(54894.619202306276), np.float64(54893.01154989958), np.float64(54894.58765193463), np.float64(54863.96769430876), np.float64(55032.54454944372), np.float64(54887.12064479351), np.float64(54675.33240065098), np.float64(54835.12730642081), np.float64(54923.81874932289), np.float64(54928.8340994215), np.float64(54746.132722396855), np.float64(54742.83744704962), np.float64(54655.15625992537), np.float64(54505.73704800844), np.float64(54647.38057425022), np.float64(54695.65818028212), np.float64(54648.16971987247), np.float64(54778.27070361853), np.float64(54488.24513563633), np.float64(54571.1740641284), np.float64(54474.952899672986)]","[np.float64(55107.92170186568), np.float64(55102.009582195285), np.float64(55134.759124977034), np.float64(55128.832549176215), np.float64(55066.203960336825), np.float64(55042.81529001951), np.float64(55051.1323314203), np.float64(54894.619202306276), np.float64(54894.619202306276), np.float64(54894.58765193463), np.float64(54916.18056853905), np.float64(55032.54454944372), np.float64(55032.54454944372), np.float64(54887.12840816795), np.float64(54877.66642998458), np.float64(54923.81874932289), np.float64(54951.21050604993), np.float64(54928.8340994215), np.float64(54762.515216720465), np.float64(54750.4405725862), np.float64(54655.16961750554), np.float64(54651.73760215369), np.float64(54695.65818028212), np.float64(54714.57959429254), np.float64(54778.284265915376), np.float64(54799.00406031163), np.float64(54571.1740641284), np.float64(54581.68225434071), np.float64(54482.81655677048)]","[np.float64(55057.619883389474), np.float64(55005.80488631892), np.float64(55044.051163148884), np.float64(55042.3638431272), np.float64(54966.491875620326), np.float64(54969.519452904366), np.float64(54874.19993055344), np.float64(54825.69406142453), np.float64(54867.733217389046), np.float64(54893.01154989958), np.float64(54850.93727421506), np.float64(54863.96769430876), np.float64(54887.12064479351), np.float64(54675.324955601354), np.float64(54665.919034110695), np.float64(54835.12730642081), np.float64(54916.839191612096), np.float64(54746.132722396855), np.float64(54713.84846854282), np.float64(54654.00876987744), np.float64(54496.25272298876), np.float64(54495.6664675952), np.float64(54620.03887226201), np.float64(54648.16971987247), np.float64(54616.24167722295), np.float64(54488.24513563633), np.float64(54477.031600703995), np.float64(54474.70452380816), np.float64(54439.10737124106)]","[np.float64(55102.009582195285), np.float64(55044.051163148884), np.float64(55128.832549176215), np.float64(55063.27216466427), np.float64(54969.53317740679), np.float64(55042.81529001951), np.float64(54874.19993055344), np.float64(54894.619202306276), np.float64(54893.01154989958), np.float64(54894.58765193463), np.float64(54863.96769430876), np.float64(55032.54454944372), np.float64(54887.12064479351), np.float64(54675.33240065098), np.float64(54835.12730642081), np.float64(54923.81874932289), np.float64(54928.8340994215), np.float64(54746.132722396855), np.float64(54742.83744704962), np.float64(54655.15625992537), np.float64(54505.73704800844), np.float64(54647.38057425022), np.float64(54695.65818028212), np.float64(54648.16971987247), np.float64(54778.27070361853), np.float64(54488.24513563633), np.float64(54571.1740641284), np.float64(54474.952899672986), np.float64(54465.25547442198)]"
47,"[np.float64(55071.11571583271), np.float64(55044.92349873066), np.float64(54995.73531033993), np.float64(55042.01030482292), np.float64(55007.83416959286), np.float64(55039.42343190193), np.float64(55010.01384955407), np.float64(54956.05975216627), np.float64(54868.887749407295), np.float64(54826.81887018443), np.float64(54814.66270515442), np.float64(54846.056355159286), np.float64(54824.46637145281), np.float64(54791.97373829842), np.float64(54806.60461145878), np.float64(54800.11077231169), np.float64(54668.626594517234), np.float64(54693.23742972613), np.float64(54644.98570787668), np.float64(54683.58469010353), np.float64(54567.868229064945), np.float64(54678.82431851864), np.float64(54664.24431228399), np.float64(54534.786698565484), np.float64(54605.90329668999), np.float64(54522.66890908957), np.float64(54398.7214068079), np.float64(54564.31333923101), np.float64(54562.261406080725)]","[np.float64(55071.11571583271), np.float64(55073.26715323386), np.float64(55042.01030482292), np.float64(55042.01030482292), np.float64(55060.13708665099), np.float64(55039.42343190193), np.float64(55010.01384955407), np.float64(54971.12253678196), np.float64(54873.878274041745), np.float64(54858.330736858334), np.float64(54847.22822873417), np.float64(54878.61400672358), np.float64(54862.79419444489), np.float64(54821.114533469954), np.float64(54806.60461145878), np.float64(54837.67109761631), np.float64(54699.51122783893), np.float64(54707.42981150412), np.float64(54695.51480567515), np.float64(54683.58469010353), np.float64(54686.690123643806), np.float64(54708.987256318556), np.float64(54664.24431228399), np.float64(54712.59293078729), np.float64(54605.90329668999), np.float64(54615.19525654601), np.float64(54576.874470607814), np.float64(54598.98245426436), np.float64(54562.27309603781)]","[np.float64(55044.92349873066), np.float64(54995.722254302615), np.float64(54984.91235305366), np.float64(55007.83416959286), np.float64(54995.279013000014), np.float64(54983.52786260746), np.float64(54941.673533673755), np.float64(54868.878467457645), np.float64(54805.5094918367), np.float64(54756.59392837258), np.float64(54814.66270515442), np.float64(54824.46637145281), np.float64(54772.958414409055), np.float64(54789.210432095526), np.float64(54779.86355110871), np.float64(54642.31840686101), np.float64(54626.564247230424), np.float64(54639.66194326232), np.float64(54631.699048045564), np.float64(54567.868229064945), np.float64(54501.38654238582), np.float64(54664.24431228399), np.float64(54497.65606885183), np.float64(54512.918727626784), np.float64(54522.655973648565), np.float64(54379.20795080411), np.float64(54368.43661093455), np.float64(54562.25219918722), np.float64(54465.346702869094)]","[np.float64(55044.92349873066), np.float64(54995.73531033993), np.float64(55042.01030482292), np.float64(55007.83416959286), np.float64(55039.42343190193), np.float64(55010.01384955407), np.float64(54956.05975216627), np.float64(54868.887749407295), np.float64(54826.81887018443), np.float64(54814.66270515442), np.float64(54846.056355159286), np.float64(54824.46637145281), np.float64(54791.97373829842), np.float64(54806.60461145878), np.float64(54800.11077231169), np.float64(54668.626594517234), np.float64(54693.23742972613), np.float64(54644.98570787668), np.float64(54683.58469010353), np.float64(54567.868229064945), np.float64(54678.82431851864), np.float64(54664.24431228399), np.float64(54534.786698565484), np.float64(54605.90329668999), np.float64(54522.66890908957), np.float64(54398.7214068079), np.float64(54564.31333923101), np.float64(54562.261406080725), np.float64(54470.08808991909)]"
48,"[np.float64(55039.53405136824), np.float64(55009.45779035091), np.float64(54953.760438346864), np.float64(54974.91309526921), np.float64(54932.54867276907), np.float64(54967.450466547016), np.float64(54944.2843808055), np.float64(54936.19460796118), np.float64(54955.213558321004), np.float64(54872.25629888296), np.float64(54873.33506403923), np.float64(54835.36837701559), np.float64(54860.87086436033), np.float64(54838.49959043026), np.float64(54825.56793014288), np.float64(54805.372086532116), np.float64(54798.11241040468), np.float64(54754.759752998354), np.float64(54789.720655431745), np.float64(54703.952579822544), np.float64(54737.72886238337), np.float64(54702.12639280081), np.float64(54628.82882694483), np.float64(54634.65096511841), np.float64(54619.29945571423), np.float64(54604.30195435762), np.float64(54581.904538691044), np.float64(54532.73283375979), np.float64(54513.335278940205)]","[np.float64(55039.5449576), np.float64(55022.596975340464), np.float64(54984.66819303933), np.float64(54986.34744106002), np.float64(54967.450466547016), np.float64(54967.45614065158), np.float64(54957.14030912482), np.float64(54955.213558321004), np.float64(54968.211109584), np.float64(54882.853530127875), np.float64(54873.347946907015), np.float64(54860.876169283976), np.float64(54875.89149674), np.float64(54842.75837791105), np.float64(54829.920058770855), np.float64(54830.4055002592), np.float64(54805.16694295751), np.float64(54808.070115539005), np.float64(54789.720655431745), np.float64(54737.93272549048), np.float64(54770.72724596201), np.float64(54708.12798276598), np.float64(54700.74248608136), np.float64(54634.65096511841), np.float64(54703.39181826591), np.float64(54604.30195435762), np.float64(54616.08868407524), np.float64(54532.74450794172), np.float64(54538.108875000944)]","[np.float64(54991.640338968864), np.float64(54952.432541149974), np.float64(54953.760438346864), np.float64(54918.7443214142), np.float64(54932.53667760495), np.float64(54914.61433228593), np.float64(54936.19460796118), np.float64(54900.331258603226), np.float64(54863.71913271), np.float64(54865.11669872965), np.float64(54831.27829450276), np.float64(54830.19080262219), np.float64(54836.2436661872), np.float64(54812.28364460222), np.float64(54790.683544070285), np.float64(54783.424467056175), np.float64(54750.42417855574), np.float64(54741.438198924705), np.float64(54697.43459242585), np.float64(54682.69220762172), np.float64(54698.52622859405), np.float64(54591.443063625215), np.float64(54615.47291908396), np.float64(54578.168375449655), np.float64(54595.16794412623), np.float64(54571.393272665424), np.float64(54516.35469787275), np.float64(54513.335278940205), np.float64(54463.60566827928)]","[np.float64(55009.45779035091), np.float64(54953.760438346864), np.float64(54974.91309526921), np.float64(54932.54867276907), np.float64(54967.450466547016), np.float64(54944.2843808055), np.float64(54936.19460796118), np.float64(54955.213558321004), np.float64(54872.25629888296), np.float64(54873.33506403923), np.float64(54835.36837701559), np.float64(54860.87086436033), np.float64(54838.49959043026), np.float64(54825.56793014288), np.float64(54805.372086532116), np.float64(54798.11241040468), np.float64(54754.759752998354), np.float64(54789.720655431745), np.float64(54703.952579822544), np.float64(54737.72886238337), np.float64(54702.12639280081), np.float64(54628.82882694483), np.float64(54634.65096511841), np.float64(54619.29945571423), np.float64(54604.30195435762), np.float64(54581.904538691044), np.float64(54532.73283375979), np.float64(54513.335278940205), np.float64(54504.96567361593)]"
49,"[np.float64(55136.07522673607), np.float64(55095.48213224411), np.float64(55047.673403368), np.float64(55045.59932056904), np.float64(55023.43524887562), np.float64(55013.059426245694), np.float64(54969.50677811623), np.float64(55010.17057119608), np.float64(54979.60791934729), np.float64(54996.45298471212), np.float64(54978.18042600155), np.float64(54977.66222724438), np.float64(54963.55071183443), np.float64(54957.50578940392), np.float64(54954.31868675947), np.float64(54920.88520864487), np.float64(54859.58618473769), np.float64(54875.949752798086), np.float64(54849.181129722594), np.float64(54848.991312384605), np.float64(54764.80989852667), np.float64(54815.57122708082), np.float64(54747.39409337759), np.float64(54734.01789479256), np.float64(54761.0260431385), np.float64(54735.40096006393), np.float64(54708.83155504942), np.float64(54673.47530714273), np.float64(54694.85834616661)]","[np.float64(55136.07522673607), np.float64(55095.48213224411), np.float64(55056.884560313236), np.float64(55045.59932056904), np.float64(55027.59333152813), np.float64(55013.067876528534), np.float64(55013.357284550395), np.float64(55020.614061401095), np.float64(54996.458636840296), np.float64(54996.45298471212), np.float64(54979.78306862936), np.float64(54977.66222724438), np.float64(54963.55071183443), np.float64(54968.182936054225), np.float64(54958.742243061315), np.float64(54920.90217633733), np.float64(54875.949752798086), np.float64(54883.60247048782), np.float64(54850.17560491023), np.float64(54860.856381275145), np.float64(54815.57122708082), np.float64(54834.57092069683), np.float64(54766.672121281816), np.float64(54770.481649917725), np.float64(54761.0260431385), np.float64(54744.0806441849), np.float64(54721.358089017784), np.float64(54709.308635280024), np.float64(54709.26681422333)]","[np.float64(55091.873012428536), np.float64(55047.673403368), np.float64(55024.91579013044), np.float64(55023.43524887562), np.float64(55013.05065735072), np.float64(54969.49497974509), np.float64(54969.50127010654), np.float64(54979.60791934729), np.float64(54976.263632707974), np.float64(54978.18042600155), np.float64(54975.33923083092), np.float64(54955.984197032776), np.float64(54957.50578940392), np.float64(54935.54525152497), np.float64(54920.88520864487), np.float64(54830.07719915672), np.float64(54845.110743282065), np.float64(54841.36847977822), np.float64(54840.80666676349), np.float64(54764.78834014913), np.float64(54760.689442497045), np.float64(54710.42533802212), np.float64(54732.74520023482), np.float64(54709.40564394189), np.float64(54730.55876113365), np.float64(54706.520512767915), np.float64(54673.46477255864), np.float64(54652.09876333474), np.float64(54683.98003696221)]","[np.float64(55095.48213224411), np.float64(55047.673403368), np.float64(55045.59932056904), np.float64(55023.43524887562), np.float64(55013.059426245694), np.float64(54969.50677811623), np.float64(55010.17057119608), np.float64(54979.60791934729), np.float64(54996.45298471212), np.float64(54978.18042600155), np.float64(54977.66222724438), np.float64(54963.55071183443), np.float64(54957.50578940392), np.float64(54954.31868675947), np.float64(54920.88520864487), np.float64(54859.58618473769), np.float64(54875.949752798086), np.float64(54849.181129722594), np.float64(54848.991312384605), np.float64(54764.80989852667), np.float64(54815.57122708082), np.float64(54747.39409337759), np.float64(54734.01789479256), np.float64(54761.0260431385), np.float64(54735.40096006393), np.float64(54708.83155504942), np.float64(54673.47530714273), np.float64(54694.85834616661), np.float64(54706.55142900706)]"
50,"[np.float64(55085.515434229375), np.float64(55063.33500785351), np.float64(55033.185215153695), np.float64(55016.05323457241), np.float64(54982.08417280197), np.float64(54963.69571476698), np.float64(54977.48644660234), np.float64(54950.51062129021), np.float64(54953.011857488156), np.float64(54922.260547294616), np.float64(54908.04124551296), np.float64(54894.52416486025), np.float64(54878.38016163111), np.float64(54834.23784349442), np.float64(54830.894920647144), np.float64(54825.838619453905), np.float64(54820.68161462546), np.float64(54840.28894722224), np.float64(54822.62125420809), np.float64(54748.61567225695), np.float64(54728.86192018032), np.float64(54742.44390445471), np.float64(54701.000366475586), np.float64(54688.77646472931), np.float64(54668.64243409157), np.float64(54628.889223370556), np.float64(54615.169576454166), np.float64(54576.16700702429), np.float64(54547.71655597448)]","[np.float64(55097.13574701017), np.float64(55063.33500785351), np.float64(55053.98962774302), np.float64(55016.05323457241), np.float64(54992.948199896775), np.float64(54977.48644660234), np.float64(54985.63056797032), np.float64(54953.011857488156), np.float64(54985.57598793925), np.float64(54922.260547294616), np.float64(54929.762346934294), np.float64(54894.52416486025), np.float64(54908.17879310603), np.float64(54834.23784349442), np.float64(54856.711529349894), np.float64(54825.838619453905), np.float64(54850.868525654754), np.float64(54843.37043333895), np.float64(54833.726358626445), np.float64(54755.17842212172), np.float64(54743.864943418695), np.float64(54742.45172640648), np.float64(54707.75083515484), np.float64(54707.12936897645), np.float64(54668.64243409157), np.float64(54631.552208341425), np.float64(54626.245199791636), np.float64(54578.03763899546), np.float64(54556.117886528)]","[np.float64(55063.33500785351), np.float64(55012.21499546744), np.float64(55016.05323457241), np.float64(54982.07825944057), np.float64(54948.75466380106), np.float64(54963.69571476698), np.float64(54927.33767435627), np.float64(54950.51062129021), np.float64(54903.7928937601), np.float64(54908.04124551296), np.float64(54894.52416486025), np.float64(54853.05259021245), np.float64(54834.23784349442), np.float64(54824.25445694193), np.float64(54825.838619453905), np.float64(54786.35134918649), np.float64(54820.68161462546), np.float64(54796.275609186094), np.float64(54748.61567225695), np.float64(54683.8230752116), np.float64(54728.86192018032), np.float64(54636.809476981376), np.float64(54688.77646472931), np.float64(54621.47449842048), np.float64(54628.889223370556), np.float64(54588.49986347014), np.float64(54576.16700702429), np.float64(54530.56863414831), np.float64(54524.66304699822)]","[np.float64(55063.33500785351), np.float64(55033.185215153695), np.float64(55016.05323457241), np.float64(54982.08417280197), np.float64(54963.69571476698), np.float64(54977.48644660234), np.float64(54950.51062129021), np.float64(54953.011857488156), np.float64(54922.260547294616), np.float64(54908.04124551296), np.float64(54894.52416486025), np.float64(54878.38016163111), np.float64(54834.23784349442), np.float64(54830.894920647144), np.float64(54825.838619453905), np.float64(54820.68161462546), np.float64(54840.28894722224), np.float64(54822.62125420809), np.float64(54748.61567225695), np.float64(54728.86192018032), np.float64(54742.44390445471), np.float64(54701.000366475586), np.float64(54688.77646472931), np.float64(54668.64243409157), np.float64(54628.889223370556), np.float64(54615.169576454166), np.float64(54576.16700702429), np.float64(54547.71655597448), np.float64(54543.895097694396)]"
51,"[np.float64(55115.53323047638), np.float64(55037.303504481315), np.float64(55040.142780375485), np.float64(55030.45539973259), np.float64(55043.95123217583), np.float64(55006.67092670679), np.float64(54945.20178834677), np.float64(54930.79331311226), np.float64(54966.78610586405), np.float64(54890.86908649922), np.float64(54893.41526587963), np.float64(54861.13241050243), np.float64(54834.0402995348), np.float64(54828.157764935495), np.float64(54780.61251385689), np.float64(54794.12830673933), np.float64(54774.03059122324), np.float64(54768.61667622566), np.float64(54701.815782611375), np.float64(54648.01158168316), np.float64(54641.648579995635), np.float64(54614.32621570349), np.float64(54491.612526118755), np.float64(54543.0653873086), np.float64(54561.28720787048), np.float64(54598.77304147482), np.float64(54551.02754211903), np.float64(54513.2052141428), np.float64(54453.9742205143)]","[np.float64(55115.53323047638), np.float64(55044.99208406683), np.float64(55062.58468743659), np.float64(55043.95123217583), np.float64(55062.122914310225), np.float64(55006.68203770043), np.float64(54946.67232270703), np.float64(54972.124926224926), np.float64(54975.059235862136), np.float64(54893.42451954357), np.float64(54903.26592761799), np.float64(54871.41590009757), np.float64(54834.0402995348), np.float64(54841.01579282283), np.float64(54794.12830673933), np.float64(54837.60036574004), np.float64(54778.15453849393), np.float64(54817.665864079274), np.float64(54705.42970267052), np.float64(54677.25043250337), np.float64(54643.915212788634), np.float64(54630.32318465167), np.float64(54546.55930097339), np.float64(54614.750074633776), np.float64(54615.91881563326), np.float64(54634.68097718883), np.float64(54553.388717688824), np.float64(54546.19608942338), np.float64(54463.79821302892)]","[np.float64(55037.303504481315), np.float64(55009.25003456749), np.float64(54992.755050175896), np.float64(55030.45539973259), np.float64(54991.004330513), np.float64(54945.20178834677), np.float64(54925.14469120421), np.float64(54919.55691815415), np.float64(54870.18654279357), np.float64(54867.64523207313), np.float64(54859.04904624888), np.float64(54824.64153778834), np.float64(54828.157764935495), np.float64(54775.40974202941), np.float64(54770.53616228187), np.float64(54761.89507123763), np.float64(54756.71223045119), np.float64(54695.426381391946), np.float64(54641.88652727339), np.float64(54629.87661710988), np.float64(54607.409002342094), np.float64(54477.77525403553), np.float64(54491.6038327479), np.float64(54501.07591680506), np.float64(54561.28720787048), np.float64(54535.29966779415), np.float64(54509.561290903235), np.float64(54366.32241778257), np.float64(54421.11251241086)]","[np.float64(55037.303504481315), np.float64(55040.142780375485), np.float64(55030.45539973259), np.float64(55043.95123217583), np.float64(55006.67092670679), np.float64(54945.20178834677), np.float64(54930.79331311226), np.float64(54966.78610586405), np.float64(54890.86908649922), np.float64(54893.41526587963), np.float64(54861.13241050243), np.float64(54834.0402995348), np.float64(54828.157764935495), np.float64(54780.61251385689), np.float64(54794.12830673933), np.float64(54774.03059122324), np.float64(54768.61667622566), np.float64(54701.815782611375), np.float64(54648.01158168316), np.float64(54641.648579995635), np.float64(54614.32621570349), np.float64(54491.612526118755), np.float64(54543.0653873086), np.float64(54561.28720787048), np.float64(54598.77304147482), np.float64(54551.02754211903), np.float64(54513.2052141428), np.float64(54453.9742205143), np.float64(54421.125003771784)]"
52,"[np.float64(55078.882129561905), np.float64(54955.27047776699), np.float64(55011.48306665659), np.float64(55105.14143949509), np.float64(54974.51440159321), np.float64(55002.90445621729), np.float64(54980.7286658144), np.float64(54937.86317190171), np.float64(54919.15199863673), np.float64(54820.62521028757), np.float64(54838.67653006554), np.float64(54816.33693528414), np.float64(54867.40269273043), np.float64(54809.73002990723), np.float64(54753.606554720405), np.float64(54792.52876728535), np.float64(54664.00259780407), np.float64(54740.30723602057), np.float64(54619.38869819403), np.float64(54597.96264764309), np.float64(54632.91891410351), np.float64(54634.653540658954), np.float64(54715.38244241953), np.float64(54425.92941709996), np.float64(54576.4442639637), np.float64(54468.892781553266), np.float64(54406.96081855774), np.float64(54483.97166999102), np.float64(54421.57688235998)]","[np.float64(55078.882129561905), np.float64(55017.542620978806), np.float64(55105.81861158088), np.float64(55105.14143949509), np.float64(55030.71715617543), np.float64(55029.19183518211), np.float64(54980.7286658144), np.float64(54941.07180937129), np.float64(54919.16095157214), np.float64(54838.67653006554), np.float64(54851.206857905374), np.float64(54867.40269273043), np.float64(54945.8744229801), np.float64(54809.73554067049), np.float64(54804.38450143864), np.float64(54792.52876728535), np.float64(54746.23647383037), np.float64(54761.72942452797), np.float64(54666.7501309468), np.float64(54649.10862922919), np.float64(54634.653540658954), np.float64(54746.672253217424), np.float64(54715.38244241953), np.float64(54696.28770866871), np.float64(54594.016068700585), np.float64(54478.72541426395), np.float64(54501.46023176862), np.float64(54591.50721477653), np.float64(54421.65685384307)]","[np.float64(54943.554457826765), np.float64(54932.134937721275), np.float64(55011.48306665659), np.float64(54946.718984044375), np.float64(54974.51440159321), np.float64(54980.7286658144), np.float64(54925.582525558915), np.float64(54888.019859127584), np.float64(54813.766708370385), np.float64(54794.67748400571), np.float64(54816.33693528414), np.float64(54774.95590034614), np.float64(54809.73002990723), np.float64(54753.606554720405), np.float64(54753.59903613646), np.float64(54663.34870663066), np.float64(54635.12170070758), np.float64(54619.38869819403), np.float64(54517.82728781305), np.float64(54597.96264764309), np.float64(54602.7461787473), np.float64(54611.939693215056), np.float64(54416.71741125423), np.float64(54412.98421076922), np.float64(54429.74733156147), np.float64(54406.955191610796), np.float64(54379.734195633035), np.float64(54407.393059305046), np.float64(54332.10975791328)]","[np.float64(54955.27047776699), np.float64(55011.48306665659), np.float64(55105.14143949509), np.float64(54974.51440159321), np.float64(55002.90445621729), np.float64(54980.7286658144), np.float64(54937.86317190171), np.float64(54919.15199863673), np.float64(54820.62521028757), np.float64(54838.67653006554), np.float64(54816.33693528414), np.float64(54867.40269273043), np.float64(54809.73002990723), np.float64(54753.606554720405), np.float64(54792.52876728535), np.float64(54664.00259780407), np.float64(54740.30723602057), np.float64(54619.38869819403), np.float64(54597.96264764309), np.float64(54632.91891410351), np.float64(54634.653540658954), np.float64(54715.38244241953), np.float64(54425.92941709996), np.float64(54576.4442639637), np.float64(54468.892781553266), np.float64(54406.96081855774), np.float64(54483.97166999102), np.float64(54421.57688235998), np.float64(54353.199886710645)]"
53,"[np.float64(55110.821407830714), np.float64(55101.24747974873), np.float64(55046.49599500895), np.float64(54993.121394243244), np.float64(55034.783209283356), np.float64(54977.8417424202), np.float64(54916.05671401262), np.float64(54915.79722830296), np.float64(54891.10178658724), np.float64(54867.07894728422), np.float64(54916.69377396584), np.float64(54934.68662897348), np.float64(54875.07922009468), np.float64(54859.92860285282), np.float64(54820.94831184864), np.float64(54797.05103014708), np.float64(54742.763915367126), np.float64(54861.68988625288), np.float64(54787.98770297766), np.float64(54721.64589946508), np.float64(54622.94127004147), np.float64(54650.50740924597), np.float64(54577.13927357912), np.float64(54557.898826732635), np.float64(54587.19843349934), np.float64(54630.60698013544), np.float64(54504.440907230375), np.float64(54545.40990186453), np.float64(54406.371792435646)]","[np.float64(55115.05446401167), np.float64(55101.259234126665), np.float64(55091.64538685298), np.float64(55034.783209283356), np.float64(55059.76738482383), np.float64(54987.697039437735), np.float64(54916.066623455714), np.float64(54934.47933641045), np.float64(54891.10178658724), np.float64(54965.84230195206), np.float64(54938.65073938258), np.float64(54969.15790924912), np.float64(54883.17365919382), np.float64(54881.99858911789), np.float64(54832.41775139751), np.float64(54797.0647219153), np.float64(54873.17138830501), np.float64(54883.29929549661), np.float64(54797.433198715684), np.float64(54772.52426537101), np.float64(54650.52364168829), np.float64(54679.67341939679), np.float64(54577.13927357912), np.float64(54596.93517929313), np.float64(54639.37794982525), np.float64(54647.121525949064), np.float64(54556.87574674024), np.float64(54587.638982903605), np.float64(54413.64804831883)]","[np.float64(55101.238299445686), np.float64(55021.06468296708), np.float64(54993.1159012535), np.float64(54980.62510516599), np.float64(54977.82975557291), np.float64(54916.04826606715), np.float64(54887.47787504017), np.float64(54878.4561609367), np.float64(54855.381955124234), np.float64(54852.891277303475), np.float64(54909.029752456874), np.float64(54875.07922009468), np.float64(54844.4346519023), np.float64(54820.93759393787), np.float64(54778.44368452627), np.float64(54729.90177646352), np.float64(54720.96126663374), np.float64(54787.98770297766), np.float64(54699.626944300646), np.float64(54615.190716670404), np.float64(54615.298901409216), np.float64(54526.318281548185), np.float64(54554.83228455239), np.float64(54536.61105493518), np.float64(54539.24042582558), np.float64(54504.43324636356), np.float64(54465.457686310605), np.float64(54390.16058872353), np.float64(54358.42977185266)]","[np.float64(55101.24747974873), np.float64(55046.49599500895), np.float64(54993.121394243244), np.float64(55034.783209283356), np.float64(54977.8417424202), np.float64(54916.05671401262), np.float64(54915.79722830296), np.float64(54891.10178658724), np.float64(54867.07894728422), np.float64(54916.69377396584), np.float64(54934.68662897348), np.float64(54875.07922009468), np.float64(54859.92860285282), np.float64(54820.94831184864), np.float64(54797.05103014708), np.float64(54742.763915367126), np.float64(54861.68988625288), np.float64(54787.98770297766), np.float64(54721.64589946508), np.float64(54622.94127004147), np.float64(54650.50740924597), np.float64(54577.13927357912), np.float64(54557.898826732635), np.float64(54587.19843349934), np.float64(54630.60698013544), np.float64(54504.440907230375), np.float64(54545.40990186453), np.float64(54406.371792435646), np.float64(54365.24981069326)]"
54,"[np.float64(55100.000918126105), np.float64(55059.11292424202), np.float64(55031.930798132424), np.float64(55028.2249816227), np.float64(55037.181938967704), np.float64(54986.198341264724), np.float64(55009.38400111437), np.float64(54948.30724635601), np.float64(54926.90798142672), np.float64(54874.34609247923), np.float64(54867.40076107502), np.float64(54869.23197040081), np.float64(54774.240369000436), np.float64(54795.87362178803), np.float64(54831.595467674735), np.float64(54777.68914656401), np.float64(54810.23200275898), np.float64(54811.136146266464), np.float64(54747.04485008001), np.float64(54755.963303093915), np.float64(54684.88443663836), np.float64(54679.65415768146), np.float64(54652.08621559858), np.float64(54625.26427883387), np.float64(54685.99668382168), np.float64(54696.25403158665), np.float64(54676.73877456427), np.float64(54685.947362220286), np.float64(54618.578948247436)]","[np.float64(55100.000918126105), np.float64(55071.17741374757), np.float64(55031.930798132424), np.float64(55040.838289411346), np.float64(55039.50001044811), np.float64(55009.39895607525), np.float64(55009.38400111437), np.float64(54948.30724635601), np.float64(54938.11186350381), np.float64(54874.34609247923), np.float64(54882.01118175706), np.float64(54869.23197040081), np.float64(54795.87362178803), np.float64(54836.373322183514), np.float64(54831.595467674735), np.float64(54810.245082149486), np.float64(54811.136146266464), np.float64(54811.136146266464), np.float64(54776.654424482964), np.float64(54755.963303093915), np.float64(54688.972952342694), np.float64(54689.69081349741), np.float64(54707.28979981739), np.float64(54685.99668382168), np.float64(54709.53544128382), np.float64(54696.25403158665), np.float64(54730.81503496153), np.float64(54685.947362220286), np.float64(54626.18350507339)]","[np.float64(55035.90097279997), np.float64(55031.930798132424), np.float64(55007.85626617255), np.float64(55028.2249816227), np.float64(54986.023710145724), np.float64(54986.198341264724), np.float64(54944.083057993215), np.float64(54926.90798142672), np.float64(54874.34609247923), np.float64(54867.40076107502), np.float64(54836.65271165331), np.float64(54774.240369000436), np.float64(54774.229053875795), np.float64(54782.58423564535), np.float64(54777.67426126504), np.float64(54761.80480398872), np.float64(54810.23200275898), np.float64(54734.07026454488), np.float64(54747.04485008001), np.float64(54591.73924500339), np.float64(54679.64129259599), np.float64(54652.08621559858), np.float64(54625.2506826077), np.float64(54606.29434451286), np.float64(54685.989276504406), np.float64(54671.74888043232), np.float64(54676.73877456427), np.float64(54586.63340515575), np.float64(54614.45671832374)]","[np.float64(55059.11292424202), np.float64(55031.930798132424), np.float64(55028.2249816227), np.float64(55037.181938967704), np.float64(54986.198341264724), np.float64(55009.38400111437), np.float64(54948.30724635601), np.float64(54926.90798142672), np.float64(54874.34609247923), np.float64(54867.40076107502), np.float64(54869.23197040081), np.float64(54774.240369000436), np.float64(54795.87362178803), np.float64(54831.595467674735), np.float64(54777.68914656401), np.float64(54810.23200275898), np.float64(54811.136146266464), np.float64(54747.04485008001), np.float64(54755.963303093915), np.float64(54684.88443663836), np.float64(54679.65415768146), np.float64(54652.08621559858), np.float64(54625.26427883387), np.float64(54685.99668382168), np.float64(54696.25403158665), np.float64(54676.73877456427), np.float64(54685.947362220286), np.float64(54618.578948247436), np.float64(54619.09328369379)]"
55,"[np.float64(55055.35765735388), np.float64(55051.61758615494), np.float64(55041.02078214646), np.float64(55040.07195301056), np.float64(54999.55509451866), np.float64(54932.080053167345), np.float64(54990.160166504385), np.float64(54967.83216165543), np.float64(54965.52100034952), np.float64(54902.797960076336), np.float64(54858.63413617611), np.float64(54868.42067512989), np.float64(54858.150578439236), np.float64(54849.57209677697), np.float64(54756.82224586487), np.float64(54733.0212893796), np.float64(54731.803573811056), np.float64(54728.89797774792), np.float64(54749.23032500744), np.float64(54702.00572872639), np.float64(54667.51035524607), np.float64(54626.518438301086), np.float64(54616.451422982216), np.float64(54645.109591376786), np.float64(54566.012294549946), np.float64(54573.72294782638), np.float64(54516.651544942855), np.float64(54468.80328151942), np.float64(54451.55849226237)]","[np.float64(55057.0743144007), np.float64(55070.915599418535), np.float64(55053.50782924758), np.float64(55040.07195301056), np.float64(55003.20328418642), np.float64(55021.45595643881), np.float64(54998.84883848153), np.float64(54967.84132699203), np.float64(54978.436883022274), np.float64(54902.797960076336), np.float64(54882.814735630454), np.float64(54868.434953980315), np.float64(54877.15035835434), np.float64(54849.58055154257), np.float64(54770.78679900855), np.float64(54735.44520262626), np.float64(54731.813653399724), np.float64(54770.90670433681), np.float64(54749.23032500744), np.float64(54718.217354801214), np.float64(54667.51035524607), np.float64(54647.291757937215), np.float64(54645.12445076479), np.float64(54645.109591376786), np.float64(54573.728337322544), np.float64(54591.41786416509), np.float64(54516.651544942855), np.float64(54474.227471608654), np.float64(54459.50144039143)]","[np.float64(55051.61758615494), np.float64(55036.75847898404), np.float64(55027.62206731767), np.float64(54999.55509451866), np.float64(54911.02510346623), np.float64(54932.080053167345), np.float64(54951.05047747159), np.float64(54965.52100034952), np.float64(54889.052129394724), np.float64(54858.63413617611), np.float64(54852.530167165125), np.float64(54858.14076495401), np.float64(54821.73262250046), np.float64(54754.57205819822), np.float64(54727.30145448516), np.float64(54684.310954402834), np.float64(54727.275346268216), np.float64(54721.120530508495), np.float64(54685.29625243019), np.float64(54663.98153944141), np.float64(54619.97685989377), np.float64(54594.486366424484), np.float64(54598.758813165055), np.float64(54551.7850296479), np.float64(54566.012294549946), np.float64(54491.76273707737), np.float64(54467.7032745493), np.float64(54439.405728476966), np.float64(54427.06558095067)]","[np.float64(55051.61758615494), np.float64(55041.02078214646), np.float64(55040.07195301056), np.float64(54999.55509451866), np.float64(54932.080053167345), np.float64(54990.160166504385), np.float64(54967.83216165543), np.float64(54965.52100034952), np.float64(54902.797960076336), np.float64(54858.63413617611), np.float64(54868.42067512989), np.float64(54858.150578439236), np.float64(54849.57209677697), np.float64(54756.82224586487), np.float64(54733.0212893796), np.float64(54731.803573811056), np.float64(54728.89797774792), np.float64(54749.23032500744), np.float64(54702.00572872639), np.float64(54667.51035524607), np.float64(54626.518438301086), np.float64(54616.451422982216), np.float64(54645.109591376786), np.float64(54566.012294549946), np.float64(54573.72294782638), np.float64(54516.651544942855), np.float64(54468.80328151942), np.float64(54451.55849226237), np.float64(54432.26717849016)]"
56,"[np.float64(55118.49535965443), np.float64(55091.00146436215), np.float64(55076.27078900576), np.float64(55039.55504202366), np.float64(55032.57352427483), np.float64(55046.30913954258), np.float64(54981.96698570729), np.float64(55006.16547687531), np.float64(54999.01693532229), np.float64(54965.81499830246), np.float64(54958.80617982388), np.float64(54952.84084159613), np.float64(54928.07907971144), np.float64(54933.48655585766), np.float64(54933.22256295204), np.float64(54899.26805298567), np.float64(54857.3126263237), np.float64(54849.31853481055), np.float64(54834.106362149716), np.float64(54827.23005523205), np.float64(54808.01085659504), np.float64(54816.971290919784), np.float64(54759.04970210314), np.float64(54707.570956730844), np.float64(54695.35800103188), np.float64(54650.82857915163), np.float64(54595.35182219505), np.float64(54631.939951143264), np.float64(54634.359413928985)]","[np.float64(55118.49535965443), np.float64(55091.01056723184), np.float64(55092.77725479578), np.float64(55039.56288716778), np.float64(55049.03671223279), np.float64(55060.7722537555), np.float64(55007.592669144455), np.float64(55012.0225113082), np.float64(55010.95467446185), np.float64(54967.90701214525), np.float64(54985.947615159464), np.float64(54952.84084159613), np.float64(54952.78670311528), np.float64(54961.57549685769), np.float64(54937.69971440653), np.float64(54905.96683843073), np.float64(54870.02243122801), np.float64(54858.88147402702), np.float64(54852.04334146926), np.float64(54835.91722504813), np.float64(54827.19560338471), np.float64(54823.13356289244), np.float64(54776.152267408776), np.float64(54734.086666729665), np.float64(54699.215354775566), np.float64(54657.6626217704), np.float64(54641.6535217741), np.float64(54651.94961547723), np.float64(54647.71133676432)]","[np.float64(55090.98829094448), np.float64(55063.2683294486), np.float64(55039.54633828218), np.float64(55010.51807384357), np.float64(55011.17439317953), np.float64(54981.96698570729), np.float64(54969.267995334485), np.float64(54990.60268918295), np.float64(54947.714592978584), np.float64(54948.88850777928), np.float64(54952.84084159613), np.float64(54900.63543142153), np.float64(54928.07907971144), np.float64(54911.08148762406), np.float64(54899.25308680288), np.float64(54832.420556111996), np.float64(54844.54408276394), np.float64(54806.880949268976), np.float64(54826.75659159168), np.float64(54792.51621992986), np.float64(54798.57343039899), np.float64(54745.92255718409), np.float64(54699.05028865846), np.float64(54660.80281571806), np.float64(54649.49695861702), np.float64(54568.23752614302), np.float64(54595.35182219505), np.float64(54607.93568320427), np.float64(54615.775497445684)]","[np.float64(55091.00146436215), np.float64(55076.27078900576), np.float64(55039.55504202366), np.float64(55032.57352427483), np.float64(55046.30913954258), np.float64(54981.96698570729), np.float64(55006.16547687531), np.float64(54999.01693532229), np.float64(54965.81499830246), np.float64(54958.80617982388), np.float64(54952.84084159613), np.float64(54928.07907971144), np.float64(54933.48655585766), np.float64(54933.22256295204), np.float64(54899.26805298567), np.float64(54857.3126263237), np.float64(54849.31853481055), np.float64(54834.106362149716), np.float64(54827.23005523205), np.float64(54808.01085659504), np.float64(54816.971290919784), np.float64(54759.04970210314), np.float64(54707.570956730844), np.float64(54695.35800103188), np.float64(54650.82857915163), np.float64(54595.35182219505), np.float64(54631.939951143264), np.float64(54634.359413928985), np.float64(54630.51760887861)]"
57,"[np.float64(55099.110424983504), np.float64(54956.25278892994), np.float64(55045.60125222445), np.float64(55013.889007854465), np.float64(55080.71733097553), np.float64(54976.09398060799), np.float64(55020.5909506774), np.float64(54864.707518329626), np.float64(54901.23074365616), np.float64(54814.63527564764), np.float64(54935.8980344677), np.float64(54916.06598595858), np.float64(54792.88007101536), np.float64(54793.6923965025), np.float64(54742.848135542874), np.float64(54798.03359886408), np.float64(54643.25481585503), np.float64(54801.681852042675), np.float64(54536.81223242521), np.float64(54551.38296671391), np.float64(54649.966288177966), np.float64(54577.203146984575), np.float64(54675.19808621168), np.float64(54405.94167716503), np.float64(54637.164435133935), np.float64(54594.74927448511), np.float64(54349.478230626584), np.float64(54466.939749159814), np.float64(54308.56048924923)]","[np.float64(55099.110424983504), np.float64(55078.8192339682), np.float64(55045.61566214111), np.float64(55080.71733097553), np.float64(55080.71733097553), np.float64(55082.79716681452), np.float64(55020.5909506774), np.float64(54943.4408108711), np.float64(54901.23074365616), np.float64(54935.8980344677), np.float64(54947.89632890807), np.float64(54916.06598595858), np.float64(54831.7603741124), np.float64(54795.31767078033), np.float64(54798.03359886408), np.float64(54811.13685891087), np.float64(54814.60759569417), np.float64(54817.51024351158), np.float64(54551.39363751096), np.float64(54692.27225079768), np.float64(54649.970427803564), np.float64(54718.61132359364), np.float64(54675.19808621168), np.float64(54653.61490075161), np.float64(54637.164435133935), np.float64(54621.541034252296), np.float64(54474.36526357071), np.float64(54508.625409699554), np.float64(54314.77809411411)]","[np.float64(54909.51990674109), np.float64(54954.58612985239), np.float64(55013.889007854465), np.float64(55004.08275593153), np.float64(54971.38226169471), np.float64(54976.08521141062), np.float64(54864.707518329626), np.float64(54840.54046726859), np.float64(54812.51996465782), np.float64(54814.63527564764), np.float64(54916.06077260336), np.float64(54792.88007101536), np.float64(54726.263827486175), np.float64(54742.848135542874), np.float64(54737.01250510499), np.float64(54641.46878882866), np.float64(54627.65196842198), np.float64(54536.81223242521), np.float64(54500.99828567107), np.float64(54551.38296671391), np.float64(54570.239495499925), np.float64(54511.42308157616), np.float64(54385.69333299858), np.float64(54405.93098149458), np.float64(54544.57646528391), np.float64(54349.478230626584), np.float64(54309.42482818982), np.float64(54308.54989722668), np.float64(54132.50158020476)]","[np.float64(54956.25278892994), np.float64(55045.60125222445), np.float64(55013.889007854465), np.float64(55080.71733097553), np.float64(54976.09398060799), np.float64(55020.5909506774), np.float64(54864.707518329626), np.float64(54901.23074365616), np.float64(54814.63527564764), np.float64(54935.8980344677), np.float64(54916.06598595858), np.float64(54792.88007101536), np.float64(54793.6923965025), np.float64(54742.848135542874), np.float64(54798.03359886408), np.float64(54643.25481585503), np.float64(54801.681852042675), np.float64(54536.81223242521), np.float64(54551.38296671391), np.float64(54649.966288177966), np.float64(54577.203146984575), np.float64(54675.19808621168), np.float64(54405.94167716503), np.float64(54637.164435133935), np.float64(54594.74927448511), np.float64(54349.478230626584), np.float64(54466.939749159814), np.float64(54308.56048924923), np.float64(54191.09253186464)]"
58,"[np.float64(55123.8741185236), np.float64(54990.9363056469), np.float64(55071.35021879912), np.float64(55102.46364999295), np.float64(55056.50544699669), np.float64(55006.20269343615), np.float64(54959.55553334475), np.float64(54929.527692489624), np.float64(55037.50980527878), np.float64(54971.180493137836), np.float64(54988.36643129349), np.float64(54963.678201091294), np.float64(54975.05693920851), np.float64(54995.70466140747), np.float64(54792.80151702881), np.float64(54849.493414013385), np.float64(54813.77234078884), np.float64(54958.75441145897), np.float64(54822.160490005015), np.float64(54814.19215389729), np.float64(54670.05305764675), np.float64(54624.23856981278), np.float64(54673.08871850729), np.float64(54697.87546313524), np.float64(54700.930440549855), np.float64(54718.10337222576), np.float64(54644.66711351156), np.float64(54718.08856286764), np.float64(54609.49244121313)]","[np.float64(55123.88256586475), np.float64(55082.97143045768), np.float64(55102.46364999295), np.float64(55102.46364999295), np.float64(55056.51417733742), np.float64(55006.21765516622), np.float64(54959.55553334475), np.float64(55061.7410184587), np.float64(55046.54139842795), np.float64(55111.42898425778), np.float64(54988.37616323271), np.float64(54975.05693920851), np.float64(55000.97553586426), np.float64(55014.63417443706), np.float64(54849.493414013385), np.float64(54876.42472769487), np.float64(55019.635409915885), np.float64(54960.977730864375), np.float64(54856.95652871022), np.float64(54814.19215389729), np.float64(54715.5496423613), np.float64(54687.46971079132), np.float64(54697.89033996231), np.float64(54702.108135208284), np.float64(54718.10337222576), np.float64(54745.06320443721), np.float64(54737.52368464302), np.float64(54721.171885935946), np.float64(54628.14781256957)]","[np.float64(54874.12316243684), np.float64(54990.9363056469), np.float64(55004.45526157468), np.float64(55056.50544699669), np.float64(54998.51474426745), np.float64(54853.78374309507), np.float64(54929.527692489624), np.float64(54929.527692489624), np.float64(54965.98649981935), np.float64(54971.169467235864), np.float64(54926.1272387743), np.float64(54963.678201091294), np.float64(54901.869812366545), np.float64(54792.55468681381), np.float64(54649.18892627379), np.float64(54812.90469994967), np.float64(54813.746216424224), np.float64(54800.90194076899), np.float64(54798.72533063903), np.float64(54638.804627677106), np.float64(54584.614549838334), np.float64(54624.23856981278), np.float64(54627.47499111038), np.float64(54695.0795185208), np.float64(54671.20370266067), np.float64(54644.65343734085), np.float64(54637.59612740886), np.float64(54609.49244121313), np.float64(54457.57863346717)]","[np.float64(54990.9363056469), np.float64(55071.35021879912), np.float64(55102.46364999295), np.float64(55056.50544699669), np.float64(55006.20269343615), np.float64(54959.55553334475), np.float64(54929.527692489624), np.float64(55037.50980527878), np.float64(54971.180493137836), np.float64(54988.36643129349), np.float64(54963.678201091294), np.float64(54975.05693920851), np.float64(54995.70466140747), np.float64(54792.80151702881), np.float64(54849.493414013385), np.float64(54813.77234078884), np.float64(54958.75441145897), np.float64(54822.160490005015), np.float64(54814.19215389729), np.float64(54670.05305764675), np.float64(54624.23856981278), np.float64(54673.08871850729), np.float64(54697.87546313524), np.float64(54700.930440549855), np.float64(54718.10337222576), np.float64(54644.66711351156), np.float64(54718.08856286764), np.float64(54609.49244121313), np.float64(54485.18346181631)]"
59,"[np.float64(54958.20041268826), np.float64(54974.65039013386), np.float64(55037.879395346645), np.float64(54965.14072178841), np.float64(54943.483387696746), np.float64(54924.83879215479), np.float64(54913.352653996946), np.float64(54831.62611660719), np.float64(54874.74555881739), np.float64(54853.776795489786), np.float64(54807.13903612137), np.float64(54799.99487298727), np.float64(54827.0893019414), np.float64(54792.30624058247), np.float64(54779.19416368008), np.float64(54752.4426679492), np.float64(54739.80552072287), np.float64(54665.38836739302), np.float64(54592.090028874874), np.float64(54600.38339819908), np.float64(54554.459063560964), np.float64(54478.41597148657), np.float64(54470.57280664921), np.float64(54525.46079503775), np.float64(54535.11173178196), np.float64(54495.63964131117), np.float64(54498.012615590094), np.float64(54456.159952995775), np.float64(54368.46241118908)]","[np.float64(54974.65039013386), np.float64(55037.88487902135), np.float64(55050.67203649037), np.float64(54965.14072178841), np.float64(54943.483387696746), np.float64(54937.82560664507), np.float64(54913.36632912409), np.float64(54906.01850167143), np.float64(54874.74555881739), np.float64(54911.75072901709), np.float64(54807.15079194749), np.float64(54863.4351415535), np.float64(54827.0893019414), np.float64(54792.30624058247), np.float64(54797.49846371666), np.float64(54755.918589181056), np.float64(54761.681305154634), np.float64(54671.16511997571), np.float64(54606.4016818438), np.float64(54605.42402808054), np.float64(54554.683540741855), np.float64(54493.79182412973), np.float64(54525.47259097825), np.float64(54553.2313190844), np.float64(54535.11950984561), np.float64(54515.61189885976), np.float64(54498.018232390285), np.float64(54482.06948069726), np.float64(54386.8429870392)]","[np.float64(54958.20041268826), np.float64(54973.054744658424), np.float64(54956.377806420416), np.float64(54943.483387696746), np.float64(54903.65366246761), np.float64(54906.988520368635), np.float64(54831.617410260566), np.float64(54820.95277484277), np.float64(54849.30639034914), np.float64(54764.47735125618), np.float64(54799.99487298727), np.float64(54799.99487298727), np.float64(54753.79349089265), np.float64(54774.67188212482), np.float64(54674.651599438206), np.float64(54739.80552072287), np.float64(54665.38836739302), np.float64(54586.637599774695), np.float64(54586.80205879424), np.float64(54518.48289981745), np.float64(54471.88841232352), np.float64(54428.72607621136), np.float64(54468.01252802236), np.float64(54489.9190882977), np.float64(54482.31815781521), np.float64(54475.78418847133), np.float64(54416.77052791461), np.float64(54354.27128849722), np.float64(54315.5100530086)]","[np.float64(54974.65039013386), np.float64(55037.879395346645), np.float64(54965.14072178841), np.float64(54943.483387696746), np.float64(54924.83879215479), np.float64(54913.352653996946), np.float64(54831.62611660719), np.float64(54874.74555881739), np.float64(54853.776795489786), np.float64(54807.13903612137), np.float64(54799.99487298727), np.float64(54827.0893019414), np.float64(54792.30624058247), np.float64(54779.19416368008), np.float64(54752.4426679492), np.float64(54739.80552072287), np.float64(54665.38836739302), np.float64(54592.090028874874), np.float64(54600.38339819908), np.float64(54554.459063560964), np.float64(54478.41597148657), np.float64(54470.57280664921), np.float64(54525.46079503775), np.float64(54535.11173178196), np.float64(54495.63964131117), np.float64(54498.012615590094), np.float64(54456.159952995775), np.float64(54368.46241118908), np.float64(54321.29872644186)]"
60,"[np.float64(55145.97148371697), np.float64(55131.31537025929), np.float64(55194.725178418164), np.float64(55104.10323910237), np.float64(55069.590223169325), np.float64(55024.07333904505), np.float64(55034.553084735875), np.float64(54992.79764879704), np.float64(54979.90758348942), np.float64(54981.74420145035), np.float64(55022.29866283417), np.float64(54988.020278644566), np.float64(54969.360101082326), np.float64(54909.297336635595), np.float64(54888.35394238234), np.float64(54896.06575465202), np.float64(54838.72675310612), np.float64(54877.57672175884), np.float64(54790.18669949293), np.float64(54782.02738705397), np.float64(54758.295841386316), np.float64(54723.4178713584), np.float64(54754.71223427534), np.float64(54756.13766718865), np.float64(54687.44388005257), np.float64(54652.75997700453), np.float64(54623.561460204124), np.float64(54575.76445003748), np.float64(54626.245688557625)]","[np.float64(55156.9116262122), np.float64(55194.725178418164), np.float64(55241.34608274977), np.float64(55104.10323910237), np.float64(55088.250792900595), np.float64(55050.74218644358), np.float64(55037.60196358405), np.float64(54992.803369206704), np.float64(55003.456368121566), np.float64(55033.48082518589), np.float64(55034.00896074716), np.float64(54988.020278644566), np.float64(54972.57983791772), np.float64(54925.59469290833), np.float64(54901.47994524347), np.float64(54896.07387752227), np.float64(54915.10450813333), np.float64(54877.57672175884), np.float64(54802.91519075506), np.float64(54811.256039550986), np.float64(54758.295841386316), np.float64(54754.71773525724), np.float64(54853.209005423356), np.float64(54756.13766718865), np.float64(54693.653956535294), np.float64(54652.76918196374), np.float64(54684.099278311245), np.float64(54626.245688557625), np.float64(54718.701797787726)]","[np.float64(55131.31537025929), np.float64(55127.56516784396), np.float64(55066.91080196643), np.float64(55069.581251513206), np.float64(54995.61180882993), np.float64(55024.07333904505), np.float64(54975.74537022099), np.float64(54972.94451671906), np.float64(54971.285947188866), np.float64(54981.74420145035), np.float64(54952.01235028814), np.float64(54969.360101082326), np.float64(54896.91399446786), np.float64(54876.20323125193), np.float64(54846.912674324674), np.float64(54812.6102515405), np.float64(54836.8655429256), np.float64(54782.656828787265), np.float64(54772.15080370328), np.float64(54718.51478645569), np.float64(54706.78445575275), np.float64(54699.17264262323), np.float64(54720.07944405084), np.float64(54675.462880532104), np.float64(54652.75997700453), np.float64(54616.47506178982), np.float64(54573.497222511105), np.float64(54531.24683593617), np.float64(54603.85623420011)]","[np.float64(55131.31537025929), np.float64(55194.725178418164), np.float64(55104.10323910237), np.float64(55069.590223169325), np.float64(55024.07333904505), np.float64(55034.553084735875), np.float64(54992.79764879704), np.float64(54979.90758348942), np.float64(54981.74420145035), np.float64(55022.29866283417), np.float64(54988.020278644566), np.float64(54969.360101082326), np.float64(54909.297336635595), np.float64(54888.35394238234), np.float64(54896.06575465202), np.float64(54838.72675310612), np.float64(54877.57672175884), np.float64(54790.18669949293), np.float64(54782.02738705397), np.float64(54758.295841386316), np.float64(54723.4178713584), np.float64(54754.71223427534), np.float64(54756.13766718865), np.float64(54687.44388005257), np.float64(54652.75997700453), np.float64(54623.561460204124), np.float64(54575.76445003748), np.float64(54626.245688557625), np.float64(54664.99031760216)]"
61,"[np.float64(55090.70772396326), np.float64(55072.847509293555), np.float64(55028.49180762291), np.float64(54989.15480425358), np.float64(54992.10611616135), np.float64(54950.588273837566), np.float64(54930.78854836226), np.float64(54948.328108234404), np.float64(54956.95114674807), np.float64(54999.78959748507), np.float64(54954.74146173954), np.float64(54912.120515401366), np.float64(54876.59144872427), np.float64(54893.54069470406), np.float64(54788.789726302624), np.float64(54724.36257962942), np.float64(54791.302552433015), np.float64(54776.17279706955), np.float64(54707.394532203674), np.float64(54699.76269046783), np.float64(54570.95591584444), np.float64(54600.88704515219), np.float64(54492.8178790927), np.float64(54512.97418815613), np.float64(54553.73031436443), np.float64(54545.9461294055), np.float64(54462.833564872744), np.float64(54369.44948710203), np.float64(54259.25756052732)]","[np.float64(55102.70231104799), np.float64(55072.861131913996), np.float64(55057.68903616284), np.float64(54992.10611616135), np.float64(55032.14828308982), np.float64(54950.588273837566), np.float64(54980.02273679919), np.float64(54956.95114674807), np.float64(55024.30314902168), np.float64(55003.23243232185), np.float64(54962.645901262105), np.float64(54940.62827237332), np.float64(54896.396349406656), np.float64(54918.32064266291), np.float64(54804.156546923405), np.float64(54814.19023594071), np.float64(54791.30828769066), np.float64(54800.20734110549), np.float64(54718.35735776455), np.float64(54699.7751984409), np.float64(54637.74488959075), np.float64(54633.716817215776), np.float64(54512.97418815613), np.float64(54564.126361662224), np.float64(54553.73904004695), np.float64(54578.41518305818), np.float64(54462.833564872744), np.float64(54401.60867328964), np.float64(54338.06028917492)]","[np.float64(55019.98232200073), np.float64(55028.49180762291), np.float64(54979.302829222426), np.float64(54987.450838056495), np.float64(54934.21115711162), np.float64(54924.276177931955), np.float64(54898.178601672735), np.float64(54944.53609464992), np.float64(54949.12761604144), np.float64(54914.846538999846), np.float64(54902.40016345692), np.float64(54875.37275950243), np.float64(54855.23091132992), np.float64(54772.66889352626), np.float64(54712.3017205074), np.float64(54703.18645047146), np.float64(54776.17279706955), np.float64(54627.64844568558), np.float64(54696.164337990434), np.float64(54529.186263225136), np.float64(54567.19678485643), np.float64(54456.52366004416), np.float64(54492.80994140238), np.float64(54497.45829278726), np.float64(54525.47665700384), np.float64(54444.16013477409), np.float64(54337.901452047954), np.float64(54177.82791701457), np.float64(54252.44964905973)]","[np.float64(55072.847509293555), np.float64(55028.49180762291), np.float64(54989.15480425358), np.float64(54992.10611616135), np.float64(54950.588273837566), np.float64(54930.78854836226), np.float64(54948.328108234404), np.float64(54956.95114674807), np.float64(54999.78959748507), np.float64(54954.74146173954), np.float64(54912.120515401366), np.float64(54876.59144872427), np.float64(54893.54069470406), np.float64(54788.789726302624), np.float64(54724.36257962942), np.float64(54791.302552433015), np.float64(54776.17279706955), np.float64(54707.394532203674), np.float64(54699.76269046783), np.float64(54570.95591584444), np.float64(54600.88704515219), np.float64(54492.8178790927), np.float64(54512.97418815613), np.float64(54553.73031436443), np.float64(54545.9461294055), np.float64(54462.833564872744), np.float64(54369.44948710203), np.float64(54259.25756052732), np.float64(54328.785822799204)]"
62,"[np.float64(55158.835020957), np.float64(55149.507958436014), np.float64(55124.91721244335), np.float64(55068.81884877682), np.float64(55051.10659891129), np.float64(55063.40635032654), np.float64(55024.568486714365), np.float64(55040.0337062335), np.float64(55049.33192270041), np.float64(54958.83566976309), np.float64(54945.181055245404), np.float64(54960.120864493845), np.float64(54916.24138026953), np.float64(54858.08554604054), np.float64(54842.85727625132), np.float64(54784.75887657642), np.float64(54810.813688590526), np.float64(54756.51472632408), np.float64(54681.937631926536), np.float64(54634.45316360474), np.float64(54680.12290606022), np.float64(54651.83510039568), np.float64(54669.70175391674), np.float64(54653.08101813316), np.float64(54612.821971249585), np.float64(54535.44809737682), np.float64(54412.63344660282), np.float64(54459.77729968786), np.float64(54405.95236565828)]","[np.float64(55158.835020957), np.float64(55161.65929122146), np.float64(55124.91721244335), np.float64(55068.82746128639), np.float64(55082.57856170377), np.float64(55063.41833331803), np.float64(55045.194766013024), np.float64(55061.45718447522), np.float64(55071.51464787424), np.float64(54962.94203240897), np.float64(54960.120864493845), np.float64(54960.174942461614), np.float64(54936.70722311319), np.float64(54858.08554604054), np.float64(54875.56760053889), np.float64(54827.19116213542), np.float64(54818.15017602988), np.float64(54756.51472632408), np.float64(54685.77660697637), np.float64(54715.141407737756), np.float64(54680.12290606022), np.float64(54718.91057766676), np.float64(54669.70175391674), np.float64(54741.18100397742), np.float64(54612.821971249585), np.float64(54558.33590603188), np.float64(54459.77729968786), np.float64(54624.20095723183), np.float64(54414.937104231154)]","[np.float64(55132.69219652997), np.float64(55099.479010430965), np.float64(55033.06372604116), np.float64(55048.60369904998), np.float64(55038.93971461458), np.float64(55012.32774854506), np.float64(54985.28001027004), np.float64(55026.827865381936), np.float64(54922.47304677877), np.float64(54944.299849419935), np.float64(54945.181055245404), np.float64(54886.268389436555), np.float64(54857.34058133499), np.float64(54810.7071320353), np.float64(54781.1533583464), np.float64(54745.028702963304), np.float64(54748.66692951828), np.float64(54651.735520680435), np.float64(54590.85856999205), np.float64(54634.45316360474), np.float64(54629.02688349322), np.float64(54648.35309053171), np.float64(54621.892524980714), np.float64(54577.76612119834), np.float64(54530.45990221572), np.float64(54385.43355877374), np.float64(54329.81204016009), np.float64(54377.89610360419), np.float64(54335.58769619235)]","[np.float64(55149.507958436014), np.float64(55124.91721244335), np.float64(55068.81884877682), np.float64(55051.10659891129), np.float64(55063.40635032654), np.float64(55024.568486714365), np.float64(55040.0337062335), np.float64(55049.33192270041), np.float64(54958.83566976309), np.float64(54945.181055245404), np.float64(54960.120864493845), np.float64(54916.24138026953), np.float64(54858.08554604054), np.float64(54842.85727625132), np.float64(54784.75887657642), np.float64(54810.813688590526), np.float64(54756.51472632408), np.float64(54681.937631926536), np.float64(54634.45316360474), np.float64(54680.12290606022), np.float64(54651.83510039568), np.float64(54669.70175391674), np.float64(54653.08101813316), np.float64(54612.821971249585), np.float64(54535.44809737682), np.float64(54412.63344660282), np.float64(54459.77729968786), np.float64(54405.95236565828), np.float64(54351.912889101506)]"
63,"[np.float64(55137.83277560234), np.float64(55139.33714883328), np.float64(55099.89918427468), np.float64(55081.49282623291), np.float64(55083.37129672766), np.float64(55045.382717609406), np.float64(55019.14130768299), np.float64(54996.49406458378), np.float64(54947.11451353073), np.float64(54956.1761665988), np.float64(54937.75654452324), np.float64(54925.006717398166), np.float64(54940.006150410176), np.float64(54882.91762018204), np.float64(54862.089481368064), np.float64(54854.53181519985), np.float64(54805.1232893157), np.float64(54789.19292717457), np.float64(54786.35854480744), np.float64(54768.77597340822), np.float64(54739.75388113499), np.float64(54733.0151080823), np.float64(54692.89333750963), np.float64(54665.06887158871), np.float64(54671.92908137798), np.float64(54663.18834066152), np.float64(54598.6585586977), np.float64(54584.175907895566), np.float64(54624.516599414346)]","[np.float64(55139.33714883328), np.float64(55139.33714883328), np.float64(55135.3773357812), np.float64(55083.37129672766), np.float64(55094.88393963375), np.float64(55045.397696257416), np.float64(55041.769611630334), np.float64(54996.49406458378), np.float64(54997.36691374212), np.float64(54956.1761665988), np.float64(54966.069767749876), np.float64(54940.006150410176), np.float64(54967.90664077208), np.float64(54882.925418270905), np.float64(54915.008061262575), np.float64(54858.35176233037), np.float64(54805.1232893157), np.float64(54808.03486624413), np.float64(54786.35854480744), np.float64(54770.97554684188), np.float64(54745.25124010448), np.float64(54738.939959192176), np.float64(54692.90087193103), np.float64(54674.07898914871), np.float64(54671.92908137798), np.float64(54669.34746381153), np.float64(54598.6585586977), np.float64(54632.39080880174), np.float64(54650.88616068036)]","[np.float64(55134.22792811813), np.float64(55082.41949209082), np.float64(55081.49282623291), np.float64(55033.9129568044), np.float64(55034.97061495775), np.float64(55019.14130768299), np.float64(54980.73248102617), np.float64(54947.11451353073), np.float64(54931.95382451451), np.float64(54937.75654452324), np.float64(54922.81653225927), np.float64(54914.84602506242), np.float64(54882.91762018204), np.float64(54846.54388138645), np.float64(54848.3183746272), np.float64(54771.43322624972), np.float64(54789.19292717457), np.float64(54738.780614720745), np.float64(54768.7633325641), np.float64(54721.12043752184), np.float64(54730.70554565039), np.float64(54662.44068932464), np.float64(54642.99347671302), np.float64(54643.521781810894), np.float64(54663.179642539086), np.float64(54576.759259036866), np.float64(54584.175907895566), np.float64(54584.175907895566), np.float64(54579.96947064966)]","[np.float64(55139.33714883328), np.float64(55099.89918427468), np.float64(55081.49282623291), np.float64(55083.37129672766), np.float64(55045.382717609406), np.float64(55019.14130768299), np.float64(54996.49406458378), np.float64(54947.11451353073), np.float64(54956.1761665988), np.float64(54937.75654452324), np.float64(54925.006717398166), np.float64(54940.006150410176), np.float64(54882.91762018204), np.float64(54862.089481368064), np.float64(54854.53181519985), np.float64(54805.1232893157), np.float64(54789.19292717457), np.float64(54786.35854480744), np.float64(54768.77597340822), np.float64(54739.75388113499), np.float64(54733.0151080823), np.float64(54692.89333750963), np.float64(54665.06887158871), np.float64(54671.92908137798), np.float64(54663.18834066152), np.float64(54598.6585586977), np.float64(54584.175907895566), np.float64(54624.516599414346), np.float64(54649.232001569275)]"
64,"[np.float64(54960.4415192914), np.float64(55020.01106772423), np.float64(54935.91400281906), np.float64(54980.213042597774), np.float64(54941.04757022858), np.float64(54915.905401005744), np.float64(54857.631349465846), np.float64(54945.12156025886), np.float64(54880.75738555193), np.float64(54847.80051121474), np.float64(54813.782127842904), np.float64(54843.798121211534), np.float64(54860.4307044816), np.float64(54895.24158167839), np.float64(54797.33820291758), np.float64(54754.24335711956), np.float64(54733.95415016413), np.float64(54717.04714304924), np.float64(54716.75584941387), np.float64(54752.033672111036), np.float64(54643.90037509203), np.float64(54624.72058222532), np.float64(54565.526676380636), np.float64(54538.03793216944), np.float64(54602.18756434917), np.float64(54573.04030080557), np.float64(54488.35459610939), np.float64(54416.07810330152), np.float64(54333.328818762304)]","[np.float64(55020.01106772423), np.float64(55052.4240326127), np.float64(55017.250423859135), np.float64(54980.213042597774), np.float64(54966.492494329614), np.float64(54915.9110484471), np.float64(54955.37944927069), np.float64(54945.12156025886), np.float64(54903.158567899736), np.float64(54847.80051121474), np.float64(54880.59254942596), np.float64(54860.4307044816), np.float64(54895.24158167839), np.float64(54913.581945917525), np.float64(54797.34959270848), np.float64(54771.01709845363), np.float64(54733.95415016413), np.float64(54717.06010762775), np.float64(54773.05124508718), np.float64(54752.033672111036), np.float64(54650.64448059712), np.float64(54643.541358554765), np.float64(54565.543660461924), np.float64(54611.80754477469), np.float64(54602.18756434917), np.float64(54577.527363545756), np.float64(54498.72074348918), np.float64(54416.0864808434), np.float64(54361.18227095891)]","[np.float64(54953.0849078409), np.float64(54930.333761399605), np.float64(54934.59339636736), np.float64(54921.230018252485), np.float64(54915.89613349237), np.float64(54828.70140887097), np.float64(54845.565658031046), np.float64(54880.74195210302), np.float64(54845.21012173879), np.float64(54810.17995727606), np.float64(54813.782127842904), np.float64(54819.491514361376), np.float64(54859.801204370015), np.float64(54789.09364841669), np.float64(54729.15903648161), np.float64(54728.878816563134), np.float64(54700.352018275706), np.float64(54687.574999275625), np.float64(54716.02913038693), np.float64(54625.89768350378), np.float64(54620.59109785411), np.float64(54533.089199101705), np.float64(54514.27158811492), np.float64(54528.27074560163), np.float64(54564.455124336644), np.float64(54480.7922948747), np.float64(54413.44790918345), np.float64(53907.66201017214), np.float64(54327.716197636546)]","[np.float64(55020.01106772423), np.float64(54935.91400281906), np.float64(54980.213042597774), np.float64(54941.04757022858), np.float64(54915.905401005744), np.float64(54857.631349465846), np.float64(54945.12156025886), np.float64(54880.75738555193), np.float64(54847.80051121474), np.float64(54813.782127842904), np.float64(54843.798121211534), np.float64(54860.4307044816), np.float64(54895.24158167839), np.float64(54797.33820291758), np.float64(54754.24335711956), np.float64(54733.95415016413), np.float64(54717.04714304924), np.float64(54716.75584941387), np.float64(54752.033672111036), np.float64(54643.90037509203), np.float64(54624.72058222532), np.float64(54565.526676380636), np.float64(54538.03793216944), np.float64(54602.18756434917), np.float64(54573.04030080557), np.float64(54488.35459610939), np.float64(54416.07810330152), np.float64(54333.328818762304), np.float64(54348.09413513899)]"
65,"[np.float64(55032.933842396735), np.float64(54929.99669842243), np.float64(55208.616356334685), np.float64(54975.96855178356), np.float64(54980.9099838686), np.float64(54944.34735277176), np.float64(54960.288017075065), np.float64(54883.7177118516), np.float64(55115.389515314106), np.float64(54959.235651209354), np.float64(54958.501235823634), np.float64(54840.450562391285), np.float64(54889.09299374104), np.float64(54938.62939521313), np.float64(54781.82662366867), np.float64(54861.56832073927), np.float64(54811.30922259093), np.float64(54860.90241473198), np.float64(54639.17966683149), np.float64(54771.86481918097), np.float64(54665.98846833944), np.float64(54662.51380659342), np.float64(54647.951314034464), np.float64(54649.96770472527), np.float64(54593.911322369575), np.float64(54745.35851490975), np.float64(54574.287506313325), np.float64(54758.97475387335), np.float64(54642.53958824635)]","[np.float64(55042.07497135495), np.float64(55238.0171728335), np.float64(55208.63225918898), np.float64(54986.11448954484), np.float64(54980.9099838686), np.float64(54960.288017075065), np.float64(54960.288017075065), np.float64(55149.744643017286), np.float64(55115.389515314106), np.float64(54959.24412262855), np.float64(54979.27597000779), np.float64(54889.09299374104), np.float64(54938.896787257334), np.float64(54982.8390697482), np.float64(54861.56832073927), np.float64(54931.61855851627), np.float64(54860.90241473198), np.float64(54906.67523990183), np.float64(54771.86481918097), np.float64(54773.648966996305), np.float64(54744.05619141138), np.float64(54729.501004683036), np.float64(54649.96770472527), np.float64(54653.12107311658), np.float64(54758.30475445467), np.float64(54765.20552896209), np.float64(54758.97475387335), np.float64(54792.43865686638), np.float64(54651.967033208944)]","[np.float64(54861.74180619154), np.float64(54929.367471928876), np.float64(54975.96855178356), np.float64(54968.40542156987), np.float64(54937.4602871346), np.float64(54944.34735277176), np.float64(54868.31508666393), np.float64(54883.7177118516), np.float64(54937.11936929083), np.float64(54958.501235823634), np.float64(54770.334808247964), np.float64(54840.450562391285), np.float64(54888.02985260606), np.float64(54753.51807212176), np.float64(54781.82662366867), np.float64(54781.49547048809), np.float64(54811.30922259093), np.float64(54630.63261836168), np.float64(54627.778220746666), np.float64(54665.98846833944), np.float64(54636.19218291452), np.float64(54647.951314034464), np.float64(54625.05777245555), np.float64(54583.15714421008), np.float64(54578.07041615365), np.float64(54569.789036027796), np.float64(54533.01797129881), np.float64(54642.53958824635), np.float64(54380.98962696442)]","[np.float64(54929.99669842243), np.float64(55208.616356334685), np.float64(54975.96855178356), np.float64(54980.9099838686), np.float64(54944.34735277176), np.float64(54960.288017075065), np.float64(54883.7177118516), np.float64(55115.389515314106), np.float64(54959.235651209354), np.float64(54958.501235823634), np.float64(54840.450562391285), np.float64(54889.09299374104), np.float64(54938.62939521313), np.float64(54781.82662366867), np.float64(54861.56832073927), np.float64(54811.30922259093), np.float64(54860.90241473198), np.float64(54639.17966683149), np.float64(54771.86481918097), np.float64(54665.98846833944), np.float64(54662.51380659342), np.float64(54647.951314034464), np.float64(54649.96770472527), np.float64(54593.911322369575), np.float64(54745.35851490975), np.float64(54574.287506313325), np.float64(54758.97475387335), np.float64(54642.53958824635), np.float64(54428.925414636135)]"
66,"[np.float64(54950.794188303946), np.float64(54949.311707167624), np.float64(54942.05035693884), np.float64(54962.13661129952), np.float64(54926.900898690226), np.float64(54890.294225850106), np.float64(54921.11713607073), np.float64(54842.78619133234), np.float64(54867.19046818972), np.float64(54842.028596081735), np.float64(54841.63634125709), np.float64(54806.2506034112), np.float64(54822.85846149206), np.float64(54779.94647907257), np.float64(54747.40066100597), np.float64(54738.52032599211), np.float64(54730.21472285032), np.float64(54653.57307515383), np.float64(54680.3274039793), np.float64(54654.86367851973), np.float64(54600.651125638484), np.float64(54559.985916011334), np.float64(54545.86293944597), np.float64(54551.18361987591), np.float64(54562.61592923641), np.float64(54561.90508004666), np.float64(54506.40862020493), np.float64(54443.24606393814), np.float64(54420.5592862916)]","[np.float64(54964.47427280419), np.float64(54949.32025820568), np.float64(54980.040206876954), np.float64(54973.50236522191), np.float64(54927.13297754725), np.float64(54921.11713607073), np.float64(54944.35448362433), np.float64(54867.26370632154), np.float64(54898.9158907378), np.float64(54861.12888752533), np.float64(54841.646041615066), np.float64(54858.47570867564), np.float64(54822.86395934589), np.float64(54791.28360336431), np.float64(54750.95096671777), np.float64(54741.45164074316), np.float64(54739.21312520908), np.float64(54710.07644207588), np.float64(54680.34342731267), np.float64(54654.87231562588), np.float64(54619.58777331054), np.float64(54579.91427469676), np.float64(54570.62558664467), np.float64(54578.413383528554), np.float64(54562.61592923641), np.float64(54586.09878707595), np.float64(54506.40862020493), np.float64(54470.00670430577), np.float64(54447.888535504004)]","[np.float64(54941.75755016503), np.float64(54930.51890168308), np.float64(54942.05035693884), np.float64(54844.168795028396), np.float64(54890.284311614916), np.float64(54872.8779440575), np.float64(54842.78619133234), np.float64(54840.04518615904), np.float64(54834.98771219315), np.float64(54832.79967259316), np.float64(54794.96145067721), np.float64(54806.23985788885), np.float64(54779.93359851808), np.float64(54734.9629924734), np.float64(54737.81267300136), np.float64(54720.351104292575), np.float64(54653.56133227838), np.float64(54645.40038899114), np.float64(54650.24072807086), np.float64(54575.81563798961), np.float64(54559.977041741666), np.float64(54507.615630692424), np.float64(54541.51576588125), np.float64(54534.7805796495), np.float64(54526.6432108903), np.float64(54504.57798494414), np.float64(54393.93816271658), np.float64(54420.5592862916), np.float64(54400.10547065609)]","[np.float64(54949.311707167624), np.float64(54942.05035693884), np.float64(54962.13661129952), np.float64(54926.900898690226), np.float64(54890.294225850106), np.float64(54921.11713607073), np.float64(54842.78619133234), np.float64(54867.19046818972), np.float64(54842.028596081735), np.float64(54841.63634125709), np.float64(54806.2506034112), np.float64(54822.85846149206), np.float64(54779.94647907257), np.float64(54747.40066100597), np.float64(54738.52032599211), np.float64(54730.21472285032), np.float64(54653.57307515383), np.float64(54680.3274039793), np.float64(54654.86367851973), np.float64(54600.651125638484), np.float64(54559.985916011334), np.float64(54545.86293944597), np.float64(54551.18361987591), np.float64(54562.61592923641), np.float64(54561.90508004666), np.float64(54506.40862020493), np.float64(54443.24606393814), np.float64(54420.5592862916), np.float64(54437.575753879544)]"
67,"[np.float64(55162.41862806797), np.float64(55150.83822512627), np.float64(55115.56980315209), np.float64(55097.70971725941), np.float64(55092.277644701004), np.float64(55058.49041609287), np.float64(55062.69923567057), np.float64(55050.31938494444), np.float64(54999.08879290342), np.float64(54991.61573324203), np.float64(55011.876995582585), np.float64(55022.30278369904), np.float64(55003.79649468422), np.float64(54924.210746593475), np.float64(54916.039071559906), np.float64(54902.673175137046), np.float64(54889.6030795455), np.float64(54847.43916287661), np.float64(54857.552409148215), np.float64(54874.802091932295), np.float64(54865.939656925206), np.float64(54818.707334022525), np.float64(54815.75409045935), np.float64(54744.14646553039), np.float64(54771.225441241266), np.float64(54728.68974529505), np.float64(54712.87335082293), np.float64(54735.23264848947), np.float64(54714.87596237183)]","[np.float64(55183.34885672838), np.float64(55163.76845453641), np.float64(55166.58078902886), np.float64(55097.70971725941), np.float64(55121.94727929393), np.float64(55106.45649223187), np.float64(55080.90267606805), np.float64(55058.61198353793), np.float64(55107.39411274594), np.float64(55033.50656972409), np.float64(55032.86986046694), np.float64(55092.03646159552), np.float64(55008.755793874116), np.float64(54970.949692017646), np.float64(54937.274649269966), np.float64(54936.65453985771), np.float64(54899.78614105066), np.float64(54870.4798751292), np.float64(54934.36989121856), np.float64(54874.91996418804), np.float64(54920.95189472971), np.float64(54820.33353137377), np.float64(54971.228725478926), np.float64(54771.225441241266), np.float64(54794.19735927497), np.float64(54740.68431383311), np.float64(54791.29798154326), np.float64(54735.23264848947), np.float64(54805.02246193435)]","[np.float64(55118.523781039024), np.float64(55115.56980315209), np.float64(55058.47109881376), np.float64(55078.877138669726), np.float64(55005.792492912966), np.float64(55058.48202669297), np.float64(55016.34842820642), np.float64(54999.08879290342), np.float64(54980.67101096728), np.float64(54920.91973358541), np.float64(54967.365624912236), np.float64(54991.965567288564), np.float64(54883.88427210197), np.float64(54884.40083178694), np.float64(54886.95823017705), np.float64(54773.94695387375), np.float64(54839.41561995639), np.float64(54810.246934594485), np.float64(54836.328659544066), np.float64(54818.37276110823), np.float64(54763.7708385649), np.float64(54810.189448874735), np.float64(54709.05843808461), np.float64(54722.97144573392), np.float64(54676.39724844476), np.float64(54698.02193636966), np.float64(54669.74230172363), np.float64(54690.28624087926), np.float64(54663.78096129031)]","[np.float64(55150.83822512627), np.float64(55115.56980315209), np.float64(55097.70971725941), np.float64(55092.277644701004), np.float64(55058.49041609287), np.float64(55062.69923567057), np.float64(55050.31938494444), np.float64(54999.08879290342), np.float64(54991.61573324203), np.float64(55011.876995582585), np.float64(55022.30278369904), np.float64(55003.79649468422), np.float64(54924.210746593475), np.float64(54916.039071559906), np.float64(54902.673175137046), np.float64(54889.6030795455), np.float64(54847.43916287661), np.float64(54857.552409148215), np.float64(54874.802091932295), np.float64(54865.939656925206), np.float64(54818.707334022525), np.float64(54815.75409045935), np.float64(54744.14646553039), np.float64(54771.225441241266), np.float64(54728.68974529505), np.float64(54712.87335082293), np.float64(54735.23264848947), np.float64(54714.87596237183), np.float64(54752.888880348204)]"
68,"[np.float64(55066.17492763281), np.float64(55106.13946145535), np.float64(55099.35638910532), np.float64(54981.23888039589), np.float64(54962.74083311081), np.float64(54955.41419292927), np.float64(54958.64907185078), np.float64(54940.28855843067), np.float64(54907.62696981669), np.float64(54906.93930049181), np.float64(54900.67597222328), np.float64(54864.52748804569), np.float64(54818.82645277262), np.float64(54838.4019774437), np.float64(54822.45886637688), np.float64(54829.83444182873), np.float64(54802.21988246203), np.float64(54854.2415517807), np.float64(54795.87169013262), np.float64(54763.72366430283), np.float64(54698.25767335176), np.float64(54713.3701725936), np.float64(54775.179539859295), np.float64(54722.98376399994), np.float64(54728.39883799076), np.float64(54689.79006870985), np.float64(54592.755162220004), np.float64(54616.14300200224), np.float64(54605.42385981798)]","[np.float64(55134.760070838194), np.float64(55118.8930701748), np.float64(55099.35638910532), np.float64(55015.69032200194), np.float64(55007.09967986714), np.float64(54958.64907185078), np.float64(55017.49824911037), np.float64(54940.29746782805), np.float64(54911.49874899742), np.float64(54906.954225128844), np.float64(54900.68444562738), np.float64(54880.72431839907), np.float64(54845.56645226124), np.float64(54839.949141567035), np.float64(54870.90171891135), np.float64(54829.84846494321), np.float64(54854.2754049192), np.float64(54854.2415517807), np.float64(54810.76934458789), np.float64(54790.69897786207), np.float64(54722.73165857985), np.float64(54788.660771689974), np.float64(54775.179539859295), np.float64(54728.83854519975), np.float64(54884.14780516001), np.float64(54689.80667538283), np.float64(54621.29263193402), np.float64(54657.92746011464), np.float64(54612.93234537687)]","[np.float64(55033.51717198714), np.float64(55086.884624980754), np.float64(54980.40794133834), np.float64(54955.701558295914), np.float64(54955.40848123797), np.float64(54952.84817397213), np.float64(54912.06840894905), np.float64(54880.24363983173), np.float64(54884.75244306439), np.float64(54900.67597222328), np.float64(54856.583799832006), np.float64(54802.016067371995), np.float64(54811.62802241977), np.float64(54817.731920723316), np.float64(54822.45138648526), np.float64(54786.7378716495), np.float64(54757.265646402804), np.float64(54790.49855346441), np.float64(54750.76141504671), np.float64(54698.25767335176), np.float64(54674.96030373267), np.float64(54713.3701725936), np.float64(54704.109842932914), np.float64(54706.48753908246), np.float64(54677.05936158414), np.float64(54589.90043812862), np.float64(54552.5754571242), np.float64(54601.341408462446), np.float64(54520.19487272914)]","[np.float64(55106.13946145535), np.float64(55099.35638910532), np.float64(54981.23888039589), np.float64(54962.74083311081), np.float64(54955.41419292927), np.float64(54958.64907185078), np.float64(54940.28855843067), np.float64(54907.62696981669), np.float64(54906.93930049181), np.float64(54900.67597222328), np.float64(54864.52748804569), np.float64(54818.82645277262), np.float64(54838.4019774437), np.float64(54822.45886637688), np.float64(54829.83444182873), np.float64(54802.21988246203), np.float64(54854.2415517807), np.float64(54795.87169013262), np.float64(54763.72366430283), np.float64(54698.25767335176), np.float64(54713.3701725936), np.float64(54775.179539859295), np.float64(54722.98376399994), np.float64(54728.39883799076), np.float64(54689.79006870985), np.float64(54592.755162220004), np.float64(54616.14300200224), np.float64(54605.42385981798), np.float64(54553.964044668675)]"
69,"[np.float64(55138.66622052193), np.float64(55166.30099788189), np.float64(55121.47899459601), np.float64(55076.85839858055), np.float64(55017.043787465096), np.float64(55052.28606770277), np.float64(55023.044153044226), np.float64(54997.00054463148), np.float64(55012.728598063), np.float64(54981.258454504015), np.float64(54953.966224036216), np.float64(54993.025326581), np.float64(54979.83353669882), np.float64(54956.04339748383), np.float64(54922.034543612004), np.float64(54914.2870601058), np.float64(54876.339303305154), np.float64(54884.71161294699), np.float64(54819.34568174601), np.float64(54819.99961148977), np.float64(54822.2239770794), np.float64(54838.053378031254), np.float64(54790.45906290531), np.float64(54750.789557251934), np.float64(54721.894052796364), np.float64(54693.840106213094), np.float64(54691.50074273825), np.float64(54647.201831736566), np.float64(54692.26902648211)]","[np.float64(55170.6319569315), np.float64(55177.4212078397), np.float64(55148.34406850922), np.float64(55076.85839858055), np.float64(55084.74310194151), np.float64(55052.295299178426), np.float64(55051.99979672866), np.float64(55015.91989837925), np.float64(55056.31822663396), np.float64(54981.258454504015), np.float64(55014.17662410335), np.float64(55001.50093372775), np.float64(54979.84245359017), np.float64(54973.52982124109), np.float64(54923.7955397045), np.float64(54942.63092534852), np.float64(54884.71161294699), np.float64(54919.34437545626), np.float64(54831.23368300066), np.float64(54831.12270838895), np.float64(54857.292617048704), np.float64(54854.92405614385), np.float64(54800.385343584625), np.float64(54772.737380191305), np.float64(54743.07711391957), np.float64(54720.35961276787), np.float64(54691.50074273825), np.float64(54721.32056620324), np.float64(54720.68681817931)]","[np.float64(55138.61054044197), np.float64(55094.348064947844), np.float64(55076.85839858055), np.float64(54925.55121589568), np.float64(55014.950782319065), np.float64(54996.91529725003), np.float64(54997.00054463148), np.float64(54979.27298707063), np.float64(54946.02852161172), np.float64(54952.74815977675), np.float64(54953.9581355504), np.float64(54909.9974395398), np.float64(54956.04339748383), np.float64(54899.9415584745), np.float64(54914.27288079649), np.float64(54863.5051759251), np.float64(54834.50492359161), np.float64(54818.75472537558), np.float64(54810.10589871743), np.float64(54798.25481708243), np.float64(54812.34642441331), np.float64(54786.99990140802), np.float64(54733.427809545065), np.float64(54690.6831269526), np.float64(54685.79964522371), np.float64(54685.0941166176), np.float64(54645.709025923126), np.float64(54628.559909258365), np.float64(54632.685534303506)]","[np.float64(55166.30099788189), np.float64(55121.47899459601), np.float64(55076.85839858055), np.float64(55017.043787465096), np.float64(55052.28606770277), np.float64(55023.044153044226), np.float64(54997.00054463148), np.float64(55012.728598063), np.float64(54981.258454504015), np.float64(54953.966224036216), np.float64(54993.025326581), np.float64(54979.83353669882), np.float64(54956.04339748383), np.float64(54922.034543612004), np.float64(54914.2870601058), np.float64(54876.339303305154), np.float64(54884.71161294699), np.float64(54819.34568174601), np.float64(54819.99961148977), np.float64(54822.2239770794), np.float64(54838.053378031254), np.float64(54790.45906290531), np.float64(54750.789557251934), np.float64(54721.894052796364), np.float64(54693.840106213094), np.float64(54691.50074273825), np.float64(54647.201831736566), np.float64(54692.26902648211), np.float64(54655.96188900709)]"
70,"[np.float64(55062.98769621134), np.float64(55074.16979180813), np.float64(55017.63126826286), np.float64(55007.19749597073), np.float64(54983.7569863844), np.float64(54944.20724336624), np.float64(54900.85381329775), np.float64(54947.08811424017), np.float64(54842.727340230944), np.float64(54852.3281827116), np.float64(54873.58257348538), np.float64(54950.896566040516), np.float64(54901.26924798727), np.float64(54867.409260358814), np.float64(54879.56735704422), np.float64(54798.64374441862), np.float64(54810.33141862392), np.float64(54762.895885572434), np.float64(54798.20603130341), np.float64(54846.186291179656), np.float64(54738.5744123435), np.float64(54771.858251552585), np.float64(54734.93543111086), np.float64(54738.76796421528), np.float64(54626.7610542202), np.float64(54589.62794089317), np.float64(54589.64957543373), np.float64(54614.72426549435), np.float64(54576.602788484095)]","[np.float64(55074.16979180813), np.float64(55074.16979180813), np.float64(55043.70361115542), np.float64(55038.92350543037), np.float64(54983.766182325504), np.float64(54944.20724336624), np.float64(54949.965929364575), np.float64(54965.714571054225), np.float64(54852.3281827116), np.float64(54873.59432813332), np.float64(54950.896566040516), np.float64(54986.74359411715), np.float64(54901.2774197995), np.float64(54885.15362086044), np.float64(54919.84245912214), np.float64(54810.33141862392), np.float64(54829.32043537129), np.float64(54811.50579839718), np.float64(54846.186291179656), np.float64(54851.4452339783), np.float64(54771.858251552585), np.float64(54837.5992502371), np.float64(54738.77683650271), np.float64(54777.79871351775), np.float64(54626.7610542202), np.float64(54590.19627708936), np.float64(54630.26092121179), np.float64(54614.73201448687), np.float64(54576.610570230376)]","[np.float64(55053.439724633376), np.float64(55017.63126826286), np.float64(54995.86127864356), np.float64(54983.48412683881), np.float64(54944.19805855027), np.float64(54890.2654021807), np.float64(54864.283200839796), np.float64(54842.66929916956), np.float64(54842.468512508196), np.float64(54852.3281827116), np.float64(54858.12895776251), np.float64(54901.26924798727), np.float64(54867.4040080321), np.float64(54845.64523944312), np.float64(54798.64374441862), np.float64(54782.82658476896), np.float64(54753.90607594161), np.float64(54761.941933745715), np.float64(54798.19490568331), np.float64(54714.256291519734), np.float64(54738.56251130075), np.float64(54687.849831306914), np.float64(54729.47018514335), np.float64(54612.22321373519), np.float64(54586.57684456686), np.float64(54573.117660929594), np.float64(54578.06189555887), np.float64(54565.127639585764), np.float64(54537.78243809591)]","[np.float64(55074.16979180813), np.float64(55017.63126826286), np.float64(55007.19749597073), np.float64(54983.7569863844), np.float64(54944.20724336624), np.float64(54900.85381329775), np.float64(54947.08811424017), np.float64(54842.727340230944), np.float64(54852.3281827116), np.float64(54873.58257348538), np.float64(54950.896566040516), np.float64(54901.26924798727), np.float64(54867.409260358814), np.float64(54879.56735704422), np.float64(54798.64374441862), np.float64(54810.33141862392), np.float64(54762.895885572434), np.float64(54798.20603130341), np.float64(54846.186291179656), np.float64(54738.5744123435), np.float64(54771.858251552585), np.float64(54734.93543111086), np.float64(54738.76796421528), np.float64(54626.7610542202), np.float64(54589.62794089317), np.float64(54589.64957543373), np.float64(54614.72426549435), np.float64(54576.602788484095), np.float64(54542.66540586233)]"
71,"[np.float64(55065.00164013863), np.float64(55096.0830058527), np.float64(55049.93962149143), np.float64(55049.74671350479), np.float64(55026.182835526466), np.float64(55009.77149118901), np.float64(54994.24420114279), np.float64(54972.81158296347), np.float64(54953.81336570501), np.float64(54955.14981369257), np.float64(54898.700017519), np.float64(54871.85876420021), np.float64(54874.002772924905), np.float64(54881.843877329826), np.float64(54876.51662927151), np.float64(54837.7749620986), np.float64(54816.531259818075), np.float64(54816.62269150734), np.float64(54766.964338190555), np.float64(54757.12461432457), np.float64(54706.695530500416), np.float64(54683.888732664585), np.float64(54655.9894472909), np.float64(54648.65469415665), np.float64(54666.422833251956), np.float64(54699.89262648821), np.float64(54597.641220183374), np.float64(54567.139351091384), np.float64(54527.89699883699)]","[np.float64(55096.0830058527), np.float64(55096.0830058527), np.float64(55073.022078779264), np.float64(55049.74671350479), np.float64(55035.19861027495), np.float64(55009.77149118901), np.float64(54994.24420114279), np.float64(54972.81158296347), np.float64(54967.33482633555), np.float64(54963.39520889932), np.float64(54908.23363222399), np.float64(54874.002772924905), np.float64(54899.69747324306), np.float64(54881.975950613065), np.float64(54879.79054658328), np.float64(54837.847181467136), np.float64(54822.04767545276), np.float64(54822.259460938665), np.float64(54782.68908118523), np.float64(54757.13575552042), np.float64(54723.09568398158), np.float64(54683.888732664585), np.float64(54668.7861840541), np.float64(54694.72892224411), np.float64(54699.89262648821), np.float64(54699.89262648821), np.float64(54609.66531379789), np.float64(54568.818796042935), np.float64(54554.79442616551)]","[np.float64(55065.00164013863), np.float64(55031.4842890656), np.float64(55049.74671350479), np.float64(55018.085576888305), np.float64(55005.654560915376), np.float64(54994.24420114279), np.float64(54963.819827704654), np.float64(54953.81336570501), np.float64(54939.958946902116), np.float64(54891.65800005908), np.float64(54871.85876420021), np.float64(54866.29745767673), np.float64(54874.002772924905), np.float64(54863.09006425073), np.float64(54831.325059187664), np.float64(54807.95569095148), np.float64(54816.531259818075), np.float64(54722.37050458157), np.float64(54757.12461432457), np.float64(54660.354740028786), np.float64(54683.888732664585), np.float64(54646.67883889404), np.float64(54645.923451862196), np.float64(54632.83133456489), np.float64(54666.422833251956), np.float64(54582.37817566115), np.float64(54567.139351091384), np.float64(54524.41133297405), np.float64(54503.99285129329)]","[np.float64(55096.0830058527), np.float64(55049.93962149143), np.float64(55049.74671350479), np.float64(55026.182835526466), np.float64(55009.77149118901), np.float64(54994.24420114279), np.float64(54972.81158296347), np.float64(54953.81336570501), np.float64(54955.14981369257), np.float64(54898.700017519), np.float64(54871.85876420021), np.float64(54874.002772924905), np.float64(54881.843877329826), np.float64(54876.51662927151), np.float64(54837.7749620986), np.float64(54816.531259818075), np.float64(54816.62269150734), np.float64(54766.964338190555), np.float64(54757.12461432457), np.float64(54706.695530500416), np.float64(54683.888732664585), np.float64(54655.9894472909), np.float64(54648.65469415665), np.float64(54666.422833251956), np.float64(54699.89262648821), np.float64(54597.641220183374), np.float64(54567.139351091384), np.float64(54527.89699883699), np.float64(54550.561755611896)]"
72,"[np.float64(55148.76723297596), np.float64(55147.38674324513), np.float64(55074.93215180874), np.float64(55056.22084976673), np.float64(55091.31052922726), np.float64(55051.18579678297), np.float64(55008.46826767445), np.float64(54979.560915732385), np.float64(54971.96680566549), np.float64(54971.28518886089), np.float64(55016.97759607315), np.float64(54980.3100116992), np.float64(54945.429466130736), np.float64(54886.8538187933), np.float64(54859.267976703646), np.float64(54874.66339907408), np.float64(54863.127810537815), np.float64(54876.60355376482), np.float64(54838.15498310566), np.float64(54767.94909611702), np.float64(54722.57695737124), np.float64(54679.13261072159), np.float64(54677.45348706484), np.float64(54692.071482522486), np.float64(54668.88762555122), np.float64(54697.740376033784), np.float64(54663.850383358), np.float64(54603.966232647894), np.float64(54545.57460768223)]","[np.float64(55155.064451983024), np.float64(55147.38674324513), np.float64(55087.889166761124), np.float64(55125.95103005936), np.float64(55094.17203063185), np.float64(55051.19986883204), np.float64(55013.460241315915), np.float64(54984.99807879588), np.float64(54981.72006578268), np.float64(55037.91053749335), np.float64(55019.55794932188), np.float64(54980.3100116992), np.float64(54959.76230826122), np.float64(54893.022014430215), np.float64(54874.66339907408), np.float64(54875.67695740426), np.float64(54912.98647782854), np.float64(54876.60355376482), np.float64(54861.63989475455), np.float64(54792.079079221054), np.float64(54744.33152811242), np.float64(54694.13753852835), np.float64(54695.28255622601), np.float64(54713.68958244488), np.float64(54703.07959815705), np.float64(54714.88032164933), np.float64(54663.850383358), np.float64(54648.40703313848), np.float64(54560.758558623595)]","[np.float64(55147.38674324513), np.float64(55015.097789184976), np.float64(55056.22084976673), np.float64(55050.89016348466), np.float64(55041.797726239165), np.float64(55003.3556092176), np.float64(54979.560915732385), np.float64(54971.95480563806), np.float64(54965.92004706366), np.float64(54961.33567722697), np.float64(54978.271002235844), np.float64(54926.47810947287), np.float64(54870.3837299667), np.float64(54846.09539999738), np.float64(54844.81101872863), np.float64(54863.11931462712), np.float64(54853.56708105351), np.float64(54809.12161170567), np.float64(54753.0943786097), np.float64(54716.06524194257), np.float64(54677.590896858674), np.float64(54642.97760233382), np.float64(54669.10954532311), np.float64(54647.65056855821), np.float64(54653.22359024625), np.float64(54663.84132377713), np.float64(54568.619011164556), np.float64(54540.04089116902), np.float64(54515.23081596267)]","[np.float64(55147.38674324513), np.float64(55074.93215180874), np.float64(55056.22084976673), np.float64(55091.31052922726), np.float64(55051.18579678297), np.float64(55008.46826767445), np.float64(54979.560915732385), np.float64(54971.96680566549), np.float64(54971.28518886089), np.float64(55016.97759607315), np.float64(54980.3100116992), np.float64(54945.429466130736), np.float64(54886.8538187933), np.float64(54859.267976703646), np.float64(54874.66339907408), np.float64(54863.127810537815), np.float64(54876.60355376482), np.float64(54838.15498310566), np.float64(54767.94909611702), np.float64(54722.57695737124), np.float64(54679.13261072159), np.float64(54677.45348706484), np.float64(54692.071482522486), np.float64(54668.88762555122), np.float64(54697.740376033784), np.float64(54663.850383358), np.float64(54603.966232647894), np.float64(54545.57460768223), np.float64(54547.61714010954)]"
73,"[np.float64(55009.18529816151), np.float64(55002.12059045315), np.float64(54951.88158152103), np.float64(54951.48108496666), np.float64(54904.370070023535), np.float64(55034.8978208375), np.float64(54941.9723180604), np.float64(54981.29373940945), np.float64(54929.353070840836), np.float64(54951.9687635684), np.float64(54760.008447070126), np.float64(54783.39499908209), np.float64(54772.15765814066), np.float64(54876.76465382576), np.float64(54723.03128272295), np.float64(54831.21763587713), np.float64(54853.34436223269), np.float64(54876.8787502718), np.float64(54740.91390459538), np.float64(54678.9655869174), np.float64(54631.66114887953), np.float64(54586.71976928949), np.float64(54683.85847006321), np.float64(54553.31745521545), np.float64(54730.83143603325), np.float64(54623.17152336598), np.float64(54565.73954480648), np.float64(54659.77420411825), np.float64(54657.977635812764)]","[np.float64(55009.18529816151), np.float64(55004.48974031472), np.float64(54961.05793937495), np.float64(54951.48108496666), np.float64(55034.94709080067), np.float64(55037.93000924218), np.float64(54981.29373940945), np.float64(54981.308682254516), np.float64(54951.9687635684), np.float64(54962.390863833854), np.float64(54797.71715414578), np.float64(54783.39499908209), np.float64(54881.93921366759), np.float64(54899.425216775126), np.float64(54831.21763587713), np.float64(54913.837867096525), np.float64(54877.126829921224), np.float64(54897.812469093515), np.float64(54753.87705103538), np.float64(54678.9655869174), np.float64(54691.89948602715), np.float64(54683.86772914056), np.float64(54683.85847006321), np.float64(54756.12168519581), np.float64(54730.83143603325), np.float64(54624.8661802216), np.float64(54666.21071982116), np.float64(54659.78821203721), np.float64(54679.33021885286)]","[np.float64(55002.12059045315), np.float64(54951.88010776695), np.float64(54951.46615816409), np.float64(54904.370070023535), np.float64(54885.59364803461), np.float64(54937.83477803984), np.float64(54941.9723180604), np.float64(54929.353070840836), np.float64(54925.003956231776), np.float64(54655.74234931991), np.float64(54760.008447070126), np.float64(54772.14573310278), np.float64(54772.15765814066), np.float64(54723.02285155468), np.float64(54712.926181515395), np.float64(54825.73106013998), np.float64(54853.34436223269), np.float64(54706.40028029473), np.float64(54678.9655869174), np.float64(54574.566663430654), np.float64(54581.87580264946), np.float64(54586.71976928949), np.float64(54541.16923087417), np.float64(54538.77981931072), np.float64(54623.16607864468), np.float64(54531.35072162825), np.float64(54565.73954480648), np.float64(54648.82054886227), np.float64(54539.707188019565)]","[np.float64(55002.12059045315), np.float64(54951.88158152103), np.float64(54951.48108496666), np.float64(54904.370070023535), np.float64(55034.8978208375), np.float64(54941.9723180604), np.float64(54981.29373940945), np.float64(54929.353070840836), np.float64(54951.9687635684), np.float64(54760.008447070126), np.float64(54783.39499908209), np.float64(54772.15765814066), np.float64(54876.76465382576), np.float64(54723.03128272295), np.float64(54831.21763587713), np.float64(54853.34436223269), np.float64(54876.8787502718), np.float64(54740.91390459538), np.float64(54678.9655869174), np.float64(54631.66114887953), np.float64(54586.71976928949), np.float64(54683.85847006321), np.float64(54553.31745521545), np.float64(54730.83143603325), np.float64(54623.17152336598), np.float64(54565.73954480648), np.float64(54659.77420411825), np.float64(54657.977635812764), np.float64(54556.583498177526)]"
74,"[np.float64(55084.25728267431), np.float64(55054.17046194077), np.float64(55070.23359319687), np.float64(55039.0435396719), np.float64(55001.976488959794), np.float64(54990.527309808735), np.float64(54957.132078471186), np.float64(54939.000144274236), np.float64(54991.50820442438), np.float64(54926.91132962942), np.float64(54929.45325936795), np.float64(54843.41913042068), np.float64(54870.59018170596), np.float64(54881.70067727566), np.float64(54861.45036098242), np.float64(54848.0585803771), np.float64(54807.14019511461), np.float64(54778.7272181797), np.float64(54773.553858668805), np.float64(54711.11889260531), np.float64(54708.25463396788), np.float64(54678.11990818024), np.float64(54598.99106098175), np.float64(54582.60985046864), np.float64(54558.65294500351), np.float64(54582.83688436747), np.float64(54560.70822635651), np.float64(54471.50888685942), np.float64(54494.17325730324)]","[np.float64(55087.240264404034), np.float64(55070.245521667), np.float64(55092.66667858624), np.float64(55039.0435396719), np.float64(55009.30025583184), np.float64(54990.527309808735), np.float64(55002.516715639045), np.float64(54991.50820442438), np.float64(55017.6396186076), np.float64(54929.45325936795), np.float64(54949.881016170555), np.float64(54870.60188304352), np.float64(54889.792079268096), np.float64(54881.71236684393), np.float64(54895.86322255431), np.float64(54848.066035609954), np.float64(54807.14019511461), np.float64(54822.86544767755), np.float64(54773.553858668805), np.float64(54720.597858550645), np.float64(54713.596042068406), np.float64(54689.62158518599), np.float64(54598.99106098175), np.float64(54587.02583289331), np.float64(54582.83688436747), np.float64(54603.38046532175), np.float64(54560.70822635651), np.float64(54521.451385248365), np.float64(54504.7288776104)]","[np.float64(55054.16300574173), np.float64(55039.21778919213), np.float64(55039.0435396719), np.float64(54998.73735917527), np.float64(54969.57515230347), np.float64(54957.132078471186), np.float64(54930.94835239681), np.float64(54939.000144274236), np.float64(54899.70748425853), np.float64(54926.91132962942), np.float64(54841.59381900588), np.float64(54833.74787214064), np.float64(54854.81973778562), np.float64(54857.40507341755), np.float64(54847.577932558066), np.float64(54794.23324460326), np.float64(54778.7272181797), np.float64(54738.4075901284), np.float64(54711.10936548), np.float64(54683.02161047965), np.float64(54676.645194653356), np.float64(54529.387949366224), np.float64(54582.60985046864), np.float64(54429.96124250274), np.float64(54558.65294500351), np.float64(54473.61620604754), np.float64(54471.50888685942), np.float64(54467.46916781531), np.float64(54459.5080713718)]","[np.float64(55054.17046194077), np.float64(55070.23359319687), np.float64(55039.0435396719), np.float64(55001.976488959794), np.float64(54990.527309808735), np.float64(54957.132078471186), np.float64(54939.000144274236), np.float64(54991.50820442438), np.float64(54926.91132962942), np.float64(54929.45325936795), np.float64(54843.41913042068), np.float64(54870.59018170596), np.float64(54881.70067727566), np.float64(54861.45036098242), np.float64(54848.0585803771), np.float64(54807.14019511461), np.float64(54778.7272181797), np.float64(54773.553858668805), np.float64(54711.11889260531), np.float64(54708.25463396788), np.float64(54678.11990818024), np.float64(54598.99106098175), np.float64(54582.60985046864), np.float64(54558.65294500351), np.float64(54582.83688436747), np.float64(54560.70822635651), np.float64(54471.50888685942), np.float64(54494.17325730324), np.float64(54504.269505007265)]"
75,"[np.float64(55189.39226417065), np.float64(55267.09323169231), np.float64(55058.33614121437), np.float64(55128.62032463551), np.float64(55086.3238964057), np.float64(55078.78928132534), np.float64(55084.336094214916), np.float64(55024.57415290356), np.float64(54941.43171210051), np.float64(54967.43230898619), np.float64(54885.66829748154), np.float64(54998.73491363287), np.float64(55046.82308865786), np.float64(54979.13131556988), np.float64(54851.36377155543), np.float64(54826.08136415005), np.float64(54916.698023607736), np.float64(54967.89487606764), np.float64(54825.7531115079), np.float64(54812.4369230175), np.float64(54650.20826021195), np.float64(54699.98766393423), np.float64(54695.69719972134), np.float64(54761.25578135491), np.float64(54607.51893327236), np.float64(54688.88270577669), np.float64(54463.754578170774), np.float64(54539.00479008913), np.float64(54468.137375512124)]","[np.float64(55270.47579339695), np.float64(55279.10423240178), np.float64(55134.816441022915), np.float64(55128.62783973131), np.float64(55091.25871722685), np.float64(55093.71819896107), np.float64(55122.55186667247), np.float64(55024.57990812852), np.float64(54967.43230898619), np.float64(54977.74176894339), np.float64(55010.36686877141), np.float64(55046.82308865786), np.float64(55046.82308865786), np.float64(54991.153455721054), np.float64(54854.24477501861), np.float64(54916.70731226692), np.float64(54997.10166246132), np.float64(54967.89487606764), np.float64(54825.76921833202), np.float64(54858.00169785365), np.float64(54699.98766393423), np.float64(54703.80757509739), np.float64(54761.25578135491), np.float64(54783.50827897807), np.float64(54744.12654237134), np.float64(54706.80064503246), np.float64(54539.00479008913), np.float64(54539.014632934784), np.float64(54474.1260600324)]","[np.float64(55189.39226417065), np.float64(55010.995918500535), np.float64(55058.32739363403), np.float64(55086.3238964057), np.float64(55062.03134662156), np.float64(55078.78928132534), np.float64(55024.56499115428), np.float64(54877.40388811031), np.float64(54929.64832180945), np.float64(54885.656725974084), np.float64(54877.957832212334), np.float64(54979.231866520444), np.float64(54979.13131556988), np.float64(54850.80241707361), np.float64(54782.84356522806), np.float64(54826.08136415005), np.float64(54854.09752951348), np.float64(54825.7531115079), np.float64(54749.31987875985), np.float64(54647.531108594696), np.float64(54622.908150218485), np.float64(54695.51276708059), np.float64(54676.70522136763), np.float64(54607.51092840238), np.float64(54594.938367054056), np.float64(54463.754578170774), np.float64(54443.47488324729), np.float64(54414.72002573703), np.float64(54458.54492500995)]","[np.float64(55267.09323169231), np.float64(55058.33614121437), np.float64(55128.62032463551), np.float64(55086.3238964057), np.float64(55078.78928132534), np.float64(55084.336094214916), np.float64(55024.57415290356), np.float64(54941.43171210051), np.float64(54967.43230898619), np.float64(54885.66829748154), np.float64(54998.73491363287), np.float64(55046.82308865786), np.float64(54979.13131556988), np.float64(54851.36377155543), np.float64(54826.08136415005), np.float64(54916.698023607736), np.float64(54967.89487606764), np.float64(54825.7531115079), np.float64(54812.4369230175), np.float64(54650.20826021195), np.float64(54699.98766393423), np.float64(54695.69719972134), np.float64(54761.25578135491), np.float64(54607.51893327236), np.float64(54688.88270577669), np.float64(54463.754578170774), np.float64(54539.00479008913), np.float64(54468.137375512124), np.float64(54464.61777058363)]"
76,"[np.float64(55117.606283059125), np.float64(55139.126469616895), np.float64(55098.56273628712), np.float64(55083.41546724796), np.float64(55092.318080687524), np.float64(55062.417600312234), np.float64(55083.84146165371), np.float64(55049.33913421393), np.float64(55020.19818074465), np.float64(54994.35108607531), np.float64(54979.6435905838), np.float64(54975.26066446543), np.float64(54966.8722576952), np.float64(54933.67199477673), np.float64(54909.340219385624), np.float64(54873.096311430934), np.float64(54853.883294091225), np.float64(54865.78615470886), np.float64(54835.13207117081), np.float64(54813.808140802386), np.float64(54787.5488308692), np.float64(54780.5570109582), np.float64(54736.633742544655), np.float64(54727.123430314066), np.float64(54757.18410931111), np.float64(54773.844122087954), np.float64(54747.471230816845), np.float64(54696.69341880322), np.float64(54651.12373609781)]","[np.float64(55139.13657818959), np.float64(55145.98007651416), np.float64(55103.39958597735), np.float64(55092.318080687524), np.float64(55092.318080687524), np.float64(55150.00285343492), np.float64(55119.31863653143), np.float64(55055.22196529445), np.float64(55051.76392816608), np.float64(54995.56630874714), np.float64(55000.80836214931), np.float64(54975.26066446543), np.float64(54996.72985589942), np.float64(54939.531675339014), np.float64(54936.43359960878), np.float64(54890.83231371221), np.float64(54879.08629265645), np.float64(54865.79530739418), np.float64(54862.229218315435), np.float64(54824.23910105771), np.float64(54802.43460115543), np.float64(54780.5673386968), np.float64(54771.353728574555), np.float64(54762.66004281578), np.float64(54779.08116013113), np.float64(54783.78383298934), np.float64(54794.05671745891), np.float64(54696.701823746494), np.float64(54680.31076629388)]","[np.float64(55095.90658997987), np.float64(55098.55710010946), np.float64(55067.35894676807), np.float64(55083.40657406994), np.float64(55044.59251673744), np.float64(55060.5986769014), np.float64(55049.09350023121), np.float64(55020.19818074465), np.float64(54982.3156352741), np.float64(54949.77474859008), np.float64(54975.24653301531), np.float64(54872.63193338762), np.float64(54904.04918236378), np.float64(54896.2806182618), np.float64(54866.50478282931), np.float64(54831.533062097435), np.float64(54853.86837086383), np.float64(54756.815378560575), np.float64(54792.59560029345), np.float64(54787.52307172697), np.float64(54762.269179646944), np.float64(54665.72913578914), np.float64(54713.25741335282), np.float64(54720.74458344827), np.float64(54743.620631930375), np.float64(54737.63409309754), np.float64(54665.41324970053), np.float64(54641.84025950017), np.float64(54601.46819635785)]","[np.float64(55139.126469616895), np.float64(55098.56273628712), np.float64(55083.41546724796), np.float64(55092.318080687524), np.float64(55062.417600312234), np.float64(55083.84146165371), np.float64(55049.33913421393), np.float64(55020.19818074465), np.float64(54994.35108607531), np.float64(54979.6435905838), np.float64(54975.26066446543), np.float64(54966.8722576952), np.float64(54933.67199477673), np.float64(54909.340219385624), np.float64(54873.096311430934), np.float64(54853.883294091225), np.float64(54865.78615470886), np.float64(54835.13207117081), np.float64(54813.808140802386), np.float64(54787.5488308692), np.float64(54780.5570109582), np.float64(54736.633742544655), np.float64(54727.123430314066), np.float64(54757.18410931111), np.float64(54773.844122087954), np.float64(54747.471230816845), np.float64(54696.69341880322), np.float64(54651.12373609781), np.float64(54648.46912646055)]"
77,"[np.float64(55116.9957511735), np.float64(55040.09564798355), np.float64(55170.330044729715), np.float64(55092.36418286324), np.float64(55078.67853308201), np.float64(54942.99300477743), np.float64(55015.871530187134), np.float64(55050.06453520775), np.float64(55034.58321856022), np.float64(54949.500107958316), np.float64(54932.68272965431), np.float64(54959.615800993444), np.float64(54922.83399139643), np.float64(54959.64838158131), np.float64(54869.74514685392), np.float64(54831.146293404105), np.float64(54769.24549444914), np.float64(54868.945570292475), np.float64(54802.04667736054), np.float64(54762.67413153172), np.float64(54806.134575309756), np.float64(54771.0537814641), np.float64(54792.42201112986), np.float64(54685.27772167921), np.float64(54695.671444315914), np.float64(54704.47348289728), np.float64(54505.676007697584), np.float64(54504.59556843996), np.float64(54547.1522550416)]","[np.float64(55141.42069888585), np.float64(55170.330044729715), np.float64(55178.79956075407), np.float64(55097.09722703657), np.float64(55091.96275865274), np.float64(55015.871530187134), np.float64(55083.181505263565), np.float64(55050.06453520775), np.float64(55085.11173820216), np.float64(54949.500107958316), np.float64(54959.62426728743), np.float64(54974.572214617605), np.float64(54959.67064891418), np.float64(54963.58747261512), np.float64(54877.74079189367), np.float64(54849.04553429337), np.float64(54868.945570292475), np.float64(54889.43536879178), np.float64(54802.04667736054), np.float64(54823.93553010057), np.float64(54824.742979099465), np.float64(54808.36700655779), np.float64(54795.52837497262), np.float64(54695.671444315914), np.float64(54704.47348289728), np.float64(54737.08036623425), np.float64(54505.676007697584), np.float64(54573.38490301302), np.float64(54554.47224726651)]","[np.float64(55035.87061203551), np.float64(54972.53906857411), np.float64(55092.36418286324), np.float64(54974.414404265546), np.float64(54942.98430635379), np.float64(54942.99300477743), np.float64(54996.307528872094), np.float64(55034.58321856022), np.float64(54911.20595477172), np.float64(54932.68272965431), np.float64(54866.42387782451), np.float64(54909.682639166036), np.float64(54922.83199348296), np.float64(54866.759471000565), np.float64(54826.54739961792), np.float64(54747.8184921071), np.float64(54763.41725184427), np.float64(54769.33252430815), np.float64(54744.24508519362), np.float64(54750.240489065494), np.float64(54768.030425627156), np.float64(54768.806330970954), np.float64(54675.5060723452), np.float64(54633.90834088749), np.float64(54695.66254541138), np.float64(54497.64276748096), np.float64(54498.95427741922), np.float64(54504.58071112976), np.float64(54462.85907201065)]","[np.float64(55040.09564798355), np.float64(55170.330044729715), np.float64(55092.36418286324), np.float64(55078.67853308201), np.float64(54942.99300477743), np.float64(55015.871530187134), np.float64(55050.06453520775), np.float64(55034.58321856022), np.float64(54949.500107958316), np.float64(54932.68272965431), np.float64(54959.615800993444), np.float64(54922.83399139643), np.float64(54959.64838158131), np.float64(54869.74514685392), np.float64(54831.146293404105), np.float64(54769.24549444914), np.float64(54868.945570292475), np.float64(54802.04667736054), np.float64(54762.67413153172), np.float64(54806.134575309756), np.float64(54771.0537814641), np.float64(54792.42201112986), np.float64(54685.27772167921), np.float64(54695.671444315914), np.float64(54704.47348289728), np.float64(54505.676007697584), np.float64(54504.59556843996), np.float64(54547.1522550416), np.float64(54515.497445225716)]"
78,"[np.float64(55060.287885837555), np.float64(55055.37401203632), np.float64(55038.039593968395), np.float64(55035.97555577755), np.float64(54980.807348577975), np.float64(55025.45511654615), np.float64(55048.85583403111), np.float64(54998.425204882624), np.float64(54992.89487545252), np.float64(54921.983805463315), np.float64(54878.180170907974), np.float64(54839.304833180904), np.float64(54842.04250400067), np.float64(54807.63070681095), np.float64(54798.12464422226), np.float64(54822.668257822996), np.float64(54761.96933486223), np.float64(54800.676876122954), np.float64(54812.58192595005), np.float64(54745.33610770702), np.float64(54697.25578808069), np.float64(54730.13307821512), np.float64(54625.80321069241), np.float64(54583.77141925335), np.float64(54644.34761770725), np.float64(54576.22714589596), np.float64(54503.05706929684), np.float64(54468.879646296504), np.float64(54481.06336961031)]","[np.float64(55060.287885837555), np.float64(55055.37970860057), np.float64(55058.830594351944), np.float64(55035.97555577755), np.float64(55044.66299814112), np.float64(55048.85583403111), np.float64(55072.7356338527), np.float64(54998.425204882624), np.float64(54992.91551819324), np.float64(54921.983805463315), np.float64(54903.56794249299), np.float64(54842.04250400067), np.float64(54868.14918155406), np.float64(54807.63637071157), np.float64(54834.269901498665), np.float64(54822.668257822996), np.float64(54831.40713078942), np.float64(54815.3811216144), np.float64(54861.58915119884), np.float64(54764.65430587546), np.float64(54730.14706702913), np.float64(54740.471555301345), np.float64(54625.80321069241), np.float64(54684.52866903557), np.float64(54659.68472453717), np.float64(54589.54599503677), np.float64(54517.23122400547), np.float64(54490.06684006166), np.float64(54492.99956918862)]","[np.float64(55055.36325336836), np.float64(55034.52988137858), np.float64(55032.37506393254), np.float64(54980.807348577975), np.float64(54958.45323413388), np.float64(55025.45511654615), np.float64(54959.96229850033), np.float64(54992.09523462809), np.float64(54921.97021927314), np.float64(54854.2054294992), np.float64(54839.304833180904), np.float64(54806.105095105806), np.float64(54807.44779367474), np.float64(54798.12464422226), np.float64(54798.12464422226), np.float64(54744.19603404957), np.float64(54761.96933486223), np.float64(54796.91433405356), np.float64(54740.69936610883), np.float64(54682.72949706228), np.float64(54682.993317875415), np.float64(54619.91562241005), np.float64(54583.75655875612), np.float64(54563.16413690105), np.float64(54576.21900203929), np.float64(54493.77736187139), np.float64(54464.86234056314), np.float64(54430.04233683791), np.float64(54468.71114584037)]","[np.float64(55055.37401203632), np.float64(55038.039593968395), np.float64(55035.97555577755), np.float64(54980.807348577975), np.float64(55025.45511654615), np.float64(55048.85583403111), np.float64(54998.425204882624), np.float64(54992.89487545252), np.float64(54921.983805463315), np.float64(54878.180170907974), np.float64(54839.304833180904), np.float64(54842.04250400067), np.float64(54807.63070681095), np.float64(54798.12464422226), np.float64(54822.668257822996), np.float64(54761.96933486223), np.float64(54800.676876122954), np.float64(54812.58192595005), np.float64(54745.33610770702), np.float64(54697.25578808069), np.float64(54730.13307821512), np.float64(54625.80321069241), np.float64(54583.77141925335), np.float64(54644.34761770725), np.float64(54576.22714589596), np.float64(54503.05706929684), np.float64(54468.879646296504), np.float64(54481.06336961031), np.float64(54477.69791078329)]"
79,"[np.float64(55064.29207871914), np.float64(55007.338893146516), np.float64(55140.665870199206), np.float64(55037.91931622505), np.float64(54939.587496294975), np.float64(55162.6152705884), np.float64(55046.37314172507), np.float64(54949.51350076914), np.float64(55075.6629614377), np.float64(55062.67657091379), np.float64(54981.84155688286), np.float64(54892.226396365164), np.float64(54878.83448698282), np.float64(54959.56158586502), np.float64(54800.34179829836), np.float64(54964.57294387579), np.float64(54873.899364972116), np.float64(54943.66277409554), np.float64(54645.32155836344), np.float64(54767.04804325819), np.float64(54704.46652893782), np.float64(54745.7532164979), np.float64(54847.26248079538), np.float64(54584.7086584568), np.float64(54796.53450549126), np.float64(54610.10052633524), np.float64(54356.58517719984), np.float64(54665.83599633932), np.float64(54566.483876023296)]","[np.float64(55064.29207871914), np.float64(55150.914204684865), np.float64(55140.665870199206), np.float64(55037.91931622505), np.float64(55168.92075887396), np.float64(55173.6110262207), np.float64(55046.37314172507), np.float64(55096.104085653875), np.float64(55075.6629614377), np.float64(55062.68589407923), np.float64(54983.45525568424), np.float64(54892.226396365164), np.float64(54965.44992949375), np.float64(54976.22810753686), np.float64(54964.57294387579), np.float64(55000.38147979612), np.float64(54943.66277409554), np.float64(54970.69059163195), np.float64(54767.302403361435), np.float64(54767.053538155305), np.float64(54755.23077459229), np.float64(54876.37461901326), np.float64(54853.04887427861), np.float64(54829.338609849874), np.float64(54796.53450549126), np.float64(54622.57333692797), np.float64(54681.68653117309), np.float64(54671.182351923206), np.float64(54583.11624098936)]","[np.float64(54940.49642861063), np.float64(55007.338893146516), np.float64(55037.91931622505), np.float64(54910.13804428726), np.float64(54939.57247432947), np.float64(55046.37314172507), np.float64(54942.31598379892), np.float64(54949.51350076914), np.float64(55023.53961371691), np.float64(54981.84155688286), np.float64(54833.166995220534), np.float64(54878.83448698282), np.float64(54878.83448698282), np.float64(54790.176670789675), np.float64(54800.34179829836), np.float64(54841.87646900041), np.float64(54866.79334084261), np.float64(54645.3056842974), np.float64(54631.673507226275), np.float64(54704.46652893782), np.float64(54686.16944759936), np.float64(54745.7532164979), np.float64(54520.18916045506), np.float64(54584.7086584568), np.float64(54594.263138736176), np.float64(54351.15153765843), np.float64(54344.177588630846), np.float64(54566.483876023296), np.float64(54254.94560967789)]","[np.float64(55007.338893146516), np.float64(55140.665870199206), np.float64(55037.91931622505), np.float64(54939.587496294975), np.float64(55162.6152705884), np.float64(55046.37314172507), np.float64(54949.51350076914), np.float64(55075.6629614377), np.float64(55062.67657091379), np.float64(54981.84155688286), np.float64(54892.226396365164), np.float64(54878.83448698282), np.float64(54959.56158586502), np.float64(54800.34179829836), np.float64(54964.57294387579), np.float64(54873.899364972116), np.float64(54943.66277409554), np.float64(54645.32155836344), np.float64(54767.04804325819), np.float64(54704.46652893782), np.float64(54745.7532164979), np.float64(54847.26248079538), np.float64(54584.7086584568), np.float64(54796.53450549126), np.float64(54610.10052633524), np.float64(54356.58517719984), np.float64(54665.83599633932), np.float64(54566.483876023296), np.float64(54335.84319021702)]"
80,"[np.float64(55156.11937100888), np.float64(55174.89892487526), np.float64(55156.2960530901), np.float64(55080.41650784016), np.float64(55103.93119299412), np.float64(55105.221410028935), np.float64(55053.76043588638), np.float64(55138.05903683901), np.float64(55003.393937697416), np.float64(54989.98232542992), np.float64(54979.304391894344), np.float64(55050.075223701), np.float64(54932.613447613716), np.float64(54929.616033530234), np.float64(54992.55091201306), np.float64(54954.3320795703), np.float64(54934.71083905458), np.float64(54929.83804512501), np.float64(54860.23316052199), np.float64(54914.767527194024), np.float64(54789.243794100286), np.float64(54805.886421978474), np.float64(54770.09799836874), np.float64(54808.926590034964), np.float64(54779.76850922108), np.float64(54710.514928348064), np.float64(54670.82533347845), np.float64(54700.10330570459), np.float64(54676.31909023285)]","[np.float64(55248.74214807718), np.float64(55174.89892487526), np.float64(55196.84510168472), np.float64(55104.4052797235), np.float64(55127.03504493655), np.float64(55105.221410028935), np.float64(55231.08755169905), np.float64(55146.683080846014), np.float64(55016.6247084051), np.float64(54989.999806097934), np.float64(55050.0870901956), np.float64(55050.075223701), np.float64(54943.58206321593), np.float64(55016.98300892592), np.float64(55036.46158044984), np.float64(54959.3317636385), np.float64(54934.71083905458), np.float64(54941.77084538501), np.float64(54914.7764956792), np.float64(54923.657225639654), np.float64(54830.838187992405), np.float64(54823.67761654942), np.float64(54812.076567269534), np.float64(54808.93830540812), np.float64(54828.80389478927), np.float64(54713.71445787592), np.float64(54713.93928871044), np.float64(54700.10330570459), np.float64(54701.9996191657)]","[np.float64(55156.11937100888), np.float64(55143.14801535737), np.float64(55080.41650784016), np.float64(55080.41650784016), np.float64(55089.77107706679), np.float64(55033.3951626032), np.float64(55050.958336162905), np.float64(55003.393937697416), np.float64(54957.38534579145), np.float64(54979.304391894344), np.float64(54960.96298896322), np.float64(54906.162579250806), np.float64(54927.59246552186), np.float64(54907.420564394866), np.float64(54954.32404440125), np.float64(54862.84325387969), np.float64(54916.49582487451), np.float64(54778.97581019268), np.float64(54856.220232754895), np.float64(54785.87683949697), np.float64(54786.97336162338), np.float64(54731.07481271256), np.float64(54769.68537671351), np.float64(54742.14205461934), np.float64(54701.880247603294), np.float64(54669.864389208706), np.float64(54610.93451412827), np.float64(54667.26776737337), np.float64(54588.79798109733)]","[np.float64(55174.89892487526), np.float64(55156.2960530901), np.float64(55080.41650784016), np.float64(55103.93119299412), np.float64(55105.221410028935), np.float64(55053.76043588638), np.float64(55138.05903683901), np.float64(55003.393937697416), np.float64(54989.98232542992), np.float64(54979.304391894344), np.float64(55050.075223701), np.float64(54932.613447613716), np.float64(54929.616033530234), np.float64(54992.55091201306), np.float64(54954.3320795703), np.float64(54934.71083905458), np.float64(54929.83804512501), np.float64(54860.23316052199), np.float64(54914.767527194024), np.float64(54789.243794100286), np.float64(54805.886421978474), np.float64(54770.09799836874), np.float64(54808.926590034964), np.float64(54779.76850922108), np.float64(54710.514928348064), np.float64(54670.82533347845), np.float64(54700.10330570459), np.float64(54676.31909023285), np.float64(54622.023991277216)]"
81,"[np.float64(55105.94269015789), np.float64(55058.003123822215), np.float64(55079.892127785686), np.float64(55060.72624283791), np.float64(55009.92009987831), np.float64(54959.78295357466), np.float64(54948.31407153845), np.float64(54929.92329551697), np.float64(54936.638502373695), np.float64(54927.54285217047), np.float64(54855.49712779522), np.float64(54882.69586614132), np.float64(54870.52296009779), np.float64(54883.84275434494), np.float64(54811.328024036884), np.float64(54826.60947873831), np.float64(54813.82732857943), np.float64(54784.20874111653), np.float64(54794.4964802599), np.float64(54784.70169957638), np.float64(54748.09335263491), np.float64(54723.45573180437), np.float64(54682.993603549), np.float64(54664.56303542614), np.float64(54663.04140607357), np.float64(54669.129855139254), np.float64(54677.37274386883), np.float64(54647.1179978919), np.float64(54655.0634116888)]","[np.float64(55121.849600596295), np.float64(55079.9067206864), np.float64(55079.892127785686), np.float64(55090.26713100764), np.float64(55014.99963991324), np.float64(54959.79459552956), np.float64(54948.3228259241), np.float64(54963.05769837977), np.float64(54942.58428451675), np.float64(54958.7654651282), np.float64(54882.69586614132), np.float64(54899.68960083984), np.float64(54883.84275434494), np.float64(54894.75426246138), np.float64(54826.62122962377), np.float64(54849.732113734404), np.float64(54822.15137763042), np.float64(54801.25367718954), np.float64(54800.89102664656), np.float64(54788.80951751863), np.float64(54748.09335263491), np.float64(54733.067827914354), np.float64(54728.767582887114), np.float64(54667.129729707296), np.float64(54669.143494444965), np.float64(54694.37826417967), np.float64(54677.37274386883), np.float64(54696.26229626676), np.float64(54658.99161598487)]","[np.float64(55058.003123822215), np.float64(55055.5618619521), np.float64(55043.376181154206), np.float64(55009.92009987831), np.float64(54949.65252732343), np.float64(54948.30856779993), np.float64(54929.92329551697), np.float64(54913.01363633717), np.float64(54907.37943204557), np.float64(54855.49712779522), np.float64(54851.39084468759), np.float64(54866.2782660247), np.float64(54870.52296009779), np.float64(54806.912628231534), np.float64(54809.58024135768), np.float64(54805.11846732456), np.float64(54758.2820415162), np.float64(54780.09035653347), np.float64(54775.93844886272), np.float64(54748.079343815545), np.float64(54717.98297114306), np.float64(54682.9046084058), np.float64(54664.55386893845), np.float64(54626.60374553556), np.float64(54663.04140607357), np.float64(54650.564146149554), np.float64(54647.10729901032), np.float64(54626.062593226845), np.float64(54655.0634116888)]","[np.float64(55058.003123822215), np.float64(55079.892127785686), np.float64(55060.72624283791), np.float64(55009.92009987831), np.float64(54959.78295357466), np.float64(54948.31407153845), np.float64(54929.92329551697), np.float64(54936.638502373695), np.float64(54927.54285217047), np.float64(54855.49712779522), np.float64(54882.69586614132), np.float64(54870.52296009779), np.float64(54883.84275434494), np.float64(54811.328024036884), np.float64(54826.60947873831), np.float64(54813.82732857943), np.float64(54784.20874111653), np.float64(54794.4964802599), np.float64(54784.70169957638), np.float64(54748.09335263491), np.float64(54723.45573180437), np.float64(54682.993603549), np.float64(54664.56303542614), np.float64(54663.04140607357), np.float64(54669.129855139254), np.float64(54677.37274386883), np.float64(54647.1179978919), np.float64(54655.0634116888), np.float64(54658.98299806356)]"
82,"[np.float64(55180.13731678486), np.float64(55187.25302019596), np.float64(55106.58502996922), np.float64(55078.771767649654), np.float64(55073.01041223288), np.float64(54996.57931497574), np.float64(55074.15420978785), np.float64(55020.645809690956), np.float64(54961.90236588717), np.float64(54911.98504196882), np.float64(54933.602455182074), np.float64(55007.85966744423), np.float64(54970.64722746849), np.float64(54930.809281463626), np.float64(54916.40479831696), np.float64(54920.53725311756), np.float64(54863.15485371352), np.float64(54884.64542155505), np.float64(54867.585684885984), np.float64(54886.13305377245), np.float64(54766.582127974034), np.float64(54777.11480102301), np.float64(54786.32313112498), np.float64(54772.00995089054), np.float64(54735.508102550506), np.float64(54737.09566574097), np.float64(54724.22581842661), np.float64(54721.03240570784), np.float64(54716.3572845149)]","[np.float64(55187.25879572906), np.float64(55187.25302019596), np.float64(55132.748341269646), np.float64(55078.771767649654), np.float64(55140.73272833779), np.float64(55075.53525056243), np.float64(55074.15420978785), np.float64(55025.975694010376), np.float64(54962.05065780681), np.float64(54935.33889356416), np.float64(55007.86816887729), np.float64(55092.798185351756), np.float64(54970.64722746849), np.float64(54951.814652068075), np.float64(54920.54911419254), np.float64(54920.55420700859), np.float64(54884.64542155505), np.float64(54901.07415970535), np.float64(54899.37288110426), np.float64(54888.72639108593), np.float64(54777.11480102301), np.float64(54791.71108345664), np.float64(54870.87033757332), np.float64(54772.00995089054), np.float64(54768.350527168644), np.float64(54737.09566574097), np.float64(54759.954845303764), np.float64(54721.03240570784), np.float64(54746.6146961444)]","[np.float64(55180.121352823146), np.float64(55106.58502996922), np.float64(55057.577058524446), np.float64(55073.01041223288), np.float64(54996.565719148064), np.float64(54996.57931497574), np.float64(54997.91617765726), np.float64(54961.90236588717), np.float64(54911.97975751343), np.float64(54911.975780273504), np.float64(54919.76483393559), np.float64(54970.63449114268), np.float64(54930.809281463626), np.float64(54910.92101860618), np.float64(54916.40479831696), np.float64(54768.744275839534), np.float64(54852.33797165611), np.float64(54853.73705391537), np.float64(54859.01650495871), np.float64(54744.62979403801), np.float64(54761.4479161729), np.float64(54762.35491669474), np.float64(54768.265440847426), np.float64(54722.350185223375), np.float64(54726.918626945095), np.float64(54718.51353820953), np.float64(54721.03240570784), np.float64(54709.42836958118), np.float64(54704.80453935583)]","[np.float64(55187.25302019596), np.float64(55106.58502996922), np.float64(55078.771767649654), np.float64(55073.01041223288), np.float64(54996.57931497574), np.float64(55074.15420978785), np.float64(55020.645809690956), np.float64(54961.90236588717), np.float64(54911.98504196882), np.float64(54933.602455182074), np.float64(55007.85966744423), np.float64(54970.64722746849), np.float64(54930.809281463626), np.float64(54916.40479831696), np.float64(54920.53725311756), np.float64(54863.15485371352), np.float64(54884.64542155505), np.float64(54867.585684885984), np.float64(54886.13305377245), np.float64(54766.582127974034), np.float64(54777.11480102301), np.float64(54786.32313112498), np.float64(54772.00995089054), np.float64(54735.508102550506), np.float64(54737.09566574097), np.float64(54724.22581842661), np.float64(54721.03240570784), np.float64(54716.3572845149), np.float64(54728.974342525005)]"
83,"[np.float64(55033.47947066069), np.float64(54974.56179153919), np.float64(55005.82215732098), np.float64(54955.3644849968), np.float64(54986.209544866084), np.float64(54961.11515192032), np.float64(54925.586986682414), np.float64(54961.88472343445), np.float64(54872.0860556531), np.float64(54873.805228965284), np.float64(54828.43489309788), np.float64(54842.079205453396), np.float64(54781.87594527006), np.float64(54802.22490476608), np.float64(54795.50557704449), np.float64(54802.65695169211), np.float64(54776.675156252386), np.float64(54811.93598038197), np.float64(54753.36677189589), np.float64(54685.54660811186), np.float64(54693.62376080752), np.float64(54670.119377815725), np.float64(54649.96190975905), np.float64(54667.53417899609), np.float64(54643.90565495014), np.float64(54662.45843247175), np.float64(54600.846737942695), np.float64(54570.130712654594), np.float64(54502.69713750601)]","[np.float64(55038.49981710036), np.float64(55007.33249987335), np.float64(55021.69897319621), np.float64(54995.33070083297), np.float64(54992.786617853024), np.float64(55029.151037095464), np.float64(54961.88472343445), np.float64(54978.529065692535), np.float64(54908.205511312066), np.float64(54910.415450739194), np.float64(54847.45994580397), np.float64(54881.846373065644), np.float64(54812.36608075001), np.float64(54815.150890151475), np.float64(54802.65695169211), np.float64(54830.528505655566), np.float64(54836.03964083957), np.float64(54822.03421074338), np.float64(54786.30311409454), np.float64(54696.39135579253), np.float64(54745.2408142272), np.float64(54670.519076490775), np.float64(54765.72383429626), np.float64(54667.53417899609), np.float64(54709.94532327774), np.float64(54678.92045980538), np.float64(54623.44175173845), np.float64(54576.71946668849), np.float64(54524.88182771511)]","[np.float64(54974.56179153919), np.float64(54966.518449758434), np.float64(54933.38549849214), np.float64(54955.356472895444), np.float64(54947.759878838646), np.float64(54917.73180762072), np.float64(54920.6497857224), np.float64(54856.34231989105), np.float64(54860.555670199356), np.float64(54768.616436325225), np.float64(54806.0378462761), np.float64(54781.87594527006), np.float64(54611.47621422257), np.float64(54795.492674748304), np.float64(54713.00444167483), np.float64(54776.65899018201), np.float64(54754.45388384777), np.float64(54748.11225135318), np.float64(54658.412153753205), np.float64(54670.24886677401), np.float64(54656.979922142076), np.float64(54618.019057975784), np.float64(54631.26474884952), np.float64(54629.1825576444), np.float64(54626.779781023), np.float64(54584.60884308754), np.float64(54543.09512269649), np.float64(54459.93144258674), np.float64(54448.53520651251)]","[np.float64(54974.56179153919), np.float64(55005.82215732098), np.float64(54955.3644849968), np.float64(54986.209544866084), np.float64(54961.11515192032), np.float64(54925.586986682414), np.float64(54961.88472343445), np.float64(54872.0860556531), np.float64(54873.805228965284), np.float64(54828.43489309788), np.float64(54842.079205453396), np.float64(54781.87594527006), np.float64(54802.22490476608), np.float64(54795.50557704449), np.float64(54802.65695169211), np.float64(54776.675156252386), np.float64(54811.93598038197), np.float64(54753.36677189589), np.float64(54685.54660811186), np.float64(54693.62376080752), np.float64(54670.119377815725), np.float64(54649.96190975905), np.float64(54667.53417899609), np.float64(54643.90565495014), np.float64(54662.45843247175), np.float64(54600.846737942695), np.float64(54570.130712654594), np.float64(54502.69713750601), np.float64(54465.82299478054)]"
84,"[np.float64(55107.13928629398), np.float64(55086.32325252056), np.float64(55122.053340137005), np.float64(55110.775434432035), np.float64(54985.76049937248), np.float64(55071.327425265314), np.float64(54927.64149537325), np.float64(55050.6932246542), np.float64(54979.60688913107), np.float64(54934.14602301359), np.float64(54863.98945762635), np.float64(54897.449721362595), np.float64(54887.49474205732), np.float64(54997.13846482754), np.float64(54953.59856562376), np.float64(54843.40509372473), np.float64(54723.78076502085), np.float64(54809.78334359646), np.float64(54697.51772055388), np.float64(54746.22750228882), np.float64(54709.81360865832), np.float64(54788.831192505364), np.float64(54735.31789888144), np.float64(54643.90848804474), np.float64(54743.616676840786), np.float64(54689.22254835129), np.float64(54589.53367610931), np.float64(54712.506336295606), np.float64(54626.053939564226)]","[np.float64(55107.13928629398), np.float64(55134.83164802866), np.float64(55122.06832178451), np.float64(55110.775434432035), np.float64(55071.327425265314), np.float64(55071.33294357125), np.float64(55067.2993942158), np.float64(55059.473042575), np.float64(54979.60688913107), np.float64(54934.14602301359), np.float64(54923.964955090065), np.float64(54897.449721362595), np.float64(55019.30856056443), np.float64(55015.87599835501), np.float64(54956.56548719494), np.float64(54864.05091999003), np.float64(54809.78334359646), np.float64(54833.87315694075), np.float64(54746.22750228882), np.float64(54752.3917031437), np.float64(54805.16037385662), np.float64(54802.44735566883), np.float64(54735.31789888144), np.float64(54790.84883125097), np.float64(54743.616676840786), np.float64(54730.81826287758), np.float64(54759.07167152866), np.float64(54739.04287299877), np.float64(54626.066780736066)]","[np.float64(55082.86469113335), np.float64(55076.09702028552), np.float64(55110.775434432035), np.float64(54985.76049937248), np.float64(54981.9264727969), np.float64(54916.69908756092), np.float64(54927.599804601465), np.float64(54979.60688913107), np.float64(54910.33747220654), np.float64(54863.98945762635), np.float64(54863.98945762635), np.float64(54885.648139089746), np.float64(54887.48542103059), np.float64(54942.173747109904), np.float64(54838.295999011185), np.float64(54718.30002635008), np.float64(54721.46869696103), np.float64(54667.76977300301), np.float64(54690.450932412175), np.float64(54709.808112159415), np.float64(54691.696938921916), np.float64(54735.309436760166), np.float64(54637.08678743003), np.float64(54581.16953077267), np.float64(54681.90472101148), np.float64(54578.09898906954), np.float64(54570.865100974705), np.float64(54604.19381770455), np.float64(54477.81314077139)]","[np.float64(55086.32325252056), np.float64(55122.053340137005), np.float64(55110.775434432035), np.float64(54985.76049937248), np.float64(55071.327425265314), np.float64(54927.64149537325), np.float64(55050.6932246542), np.float64(54979.60688913107), np.float64(54934.14602301359), np.float64(54863.98945762635), np.float64(54897.449721362595), np.float64(54887.49474205732), np.float64(54997.13846482754), np.float64(54953.59856562376), np.float64(54843.40509372473), np.float64(54723.78076502085), np.float64(54809.78334359646), np.float64(54697.51772055388), np.float64(54746.22750228882), np.float64(54709.81360865832), np.float64(54788.831192505364), np.float64(54735.31789888144), np.float64(54643.90848804474), np.float64(54743.616676840786), np.float64(54689.22254835129), np.float64(54589.53367610931), np.float64(54712.506336295606), np.float64(54626.053939564226), np.float64(54494.904324486255)]"
85,"[np.float64(55124.84071888924), np.float64(55119.215738344195), np.float64(55118.680412242415), np.float64(55136.97537815571), np.float64(55080.23274302245), np.float64(54997.73676289558), np.float64(55049.76435595751), np.float64(55074.36913864613), np.float64(55048.90927649737), np.float64(54994.52854081869), np.float64(54973.76826749802), np.float64(54885.996807677744), np.float64(54949.002255971434), np.float64(54877.03972155571), np.float64(54880.247814855575), np.float64(54886.85806843519), np.float64(54833.46917341948), np.float64(54828.66604786158), np.float64(54853.28641257048), np.float64(54769.98596235514), np.float64(54802.19683137417), np.float64(54706.35543037176), np.float64(54695.96930557967), np.float64(54712.75732272148), np.float64(54586.73612397194), np.float64(54642.670812036995), np.float64(54636.85691559315), np.float64(54600.52402271271), np.float64(54581.729917042256)]","[np.float64(55124.84071888924), np.float64(55180.04703185734), np.float64(55137.42079223516), np.float64(55145.617911530135), np.float64(55082.41667055531), np.float64(55049.76435595751), np.float64(55127.590176879006), np.float64(55074.377834977655), np.float64(55066.105549492146), np.float64(55041.284244767754), np.float64(54973.76826749802), np.float64(54969.55204152696), np.float64(54949.002255971434), np.float64(54891.944407605275), np.float64(54909.228595181725), np.float64(54910.50632112407), np.float64(54840.071973719365), np.float64(54873.13236025689), np.float64(54853.28641257048), np.float64(54816.554773692034), np.float64(54805.299101786135), np.float64(54718.977917845), np.float64(54747.06063536764), np.float64(54712.75732272148), np.float64(54721.39188195034), np.float64(54642.670812036995), np.float64(54672.56375277036), np.float64(54600.529661901935), np.float64(54604.64417116213)]","[np.float64(55118.833391219596), np.float64(55118.471014560215), np.float64(55118.680412242415), np.float64(55056.96020402575), np.float64(54996.91881832893), np.float64(54972.23863066714), np.float64(55049.76435595751), np.float64(54993.959100045235), np.float64(54969.15486938599), np.float64(54973.76826749802), np.float64(54876.185852422925), np.float64(54875.3525343693), np.float64(54860.7047744383), np.float64(54865.03678465209), np.float64(54871.29113236597), np.float64(54821.33564128771), np.float64(54815.92894688737), np.float64(54807.51592267105), np.float64(54755.11768963718), np.float64(54766.54154627436), np.float64(54690.90547638327), np.float64(54682.84177289404), np.float64(54683.46432429141), np.float64(54550.72987729794), np.float64(54586.73066281894), np.float64(54607.17360330131), np.float64(54582.7823860991), np.float64(54581.729917042256), np.float64(54546.690227488136)]","[np.float64(55119.215738344195), np.float64(55118.680412242415), np.float64(55136.97537815571), np.float64(55080.23274302245), np.float64(54997.73676289558), np.float64(55049.76435595751), np.float64(55074.36913864613), np.float64(55048.90927649737), np.float64(54994.52854081869), np.float64(54973.76826749802), np.float64(54885.996807677744), np.float64(54949.002255971434), np.float64(54877.03972155571), np.float64(54880.247814855575), np.float64(54886.85806843519), np.float64(54833.46917341948), np.float64(54828.66604786158), np.float64(54853.28641257048), np.float64(54769.98596235514), np.float64(54802.19683137417), np.float64(54706.35543037176), np.float64(54695.96930557967), np.float64(54712.75732272148), np.float64(54586.73612397194), np.float64(54642.670812036995), np.float64(54636.85691559315), np.float64(54600.52402271271), np.float64(54581.729917042256), np.float64(54573.52682041407)]"
86,"[np.float64(55053.516532197), np.float64(55004.77983606339), np.float64(54940.53529521466), np.float64(55017.706216492654), np.float64(54982.69212914706), np.float64(55065.06087757111), np.float64(55001.02083464146), np.float64(55038.762548198705), np.float64(54954.90281935454), np.float64(54995.43384331942), np.float64(54912.18606290817), np.float64(54909.60601516962), np.float64(54845.66641832113), np.float64(54853.13046359063), np.float64(54847.16177716017), np.float64(54795.699644024375), np.float64(54735.24307942868), np.float64(54862.86755216599), np.float64(54790.239884405135), np.float64(54783.606579737665), np.float64(54588.28943247318), np.float64(54785.1717357254), np.float64(54634.65766152382), np.float64(54681.09130930424), np.float64(54730.35290060043), np.float64(54699.333347859385), np.float64(54610.783817241194), np.float64(54732.44295175076), np.float64(54575.50792619944)]","[np.float64(55053.516532197), np.float64(55022.9508604185), np.float64(55017.706216492654), np.float64(55055.189438452275), np.float64(55065.06087757111), np.float64(55065.06087757111), np.float64(55055.20121502018), np.float64(55038.762548198705), np.float64(54995.43384331942), np.float64(54995.43384331942), np.float64(54923.92386386448), np.float64(54909.60601516962), np.float64(54853.14334467912), np.float64(54886.91684795518), np.float64(54847.16177716017), np.float64(54798.780003689266), np.float64(54862.86755216599), np.float64(54885.7437691895), np.float64(54790.239884405135), np.float64(54787.43382906461), np.float64(54785.1717357254), np.float64(54829.05234540241), np.float64(54681.09130930424), np.float64(54762.830758839795), np.float64(54730.35290060043), np.float64(54721.283293084074), np.float64(54732.44295175076), np.float64(54749.38892837642), np.float64(54575.50792619944)]","[np.float64(54958.51092578072), np.float64(54940.52675756773), np.float64(54940.526538881466), np.float64(54982.68401440567), np.float64(54982.683605292084), np.float64(55001.02083464146), np.float64(54986.360930738025), np.float64(54954.90281935454), np.float64(54946.093471556225), np.float64(54912.18606290817), np.float64(54909.5972790804), np.float64(54845.66641832113), np.float64(54830.90176134187), np.float64(54821.4461340834), np.float64(54795.699644024375), np.float64(54702.74622305202), np.float64(54735.24307942868), np.float64(54750.1302991972), np.float64(54777.8957945397), np.float64(54588.28943247318), np.float64(54573.492236825885), np.float64(54634.65766152382), np.float64(54611.5916940647), np.float64(54676.191248753785), np.float64(54699.333347859385), np.float64(54590.19882525334), np.float64(54608.121157618996), np.float64(54575.50792619944), np.float64(54445.824544177915)]","[np.float64(55004.77983606339), np.float64(54940.53529521466), np.float64(55017.706216492654), np.float64(54982.69212914706), np.float64(55065.06087757111), np.float64(55001.02083464146), np.float64(55038.762548198705), np.float64(54954.90281935454), np.float64(54995.43384331942), np.float64(54912.18606290817), np.float64(54909.60601516962), np.float64(54845.66641832113), np.float64(54853.13046359063), np.float64(54847.16177716017), np.float64(54795.699644024375), np.float64(54735.24307942868), np.float64(54862.86755216599), np.float64(54790.239884405135), np.float64(54783.606579737665), np.float64(54588.28943247318), np.float64(54785.1717357254), np.float64(54634.65766152382), np.float64(54681.09130930424), np.float64(54730.35290060043), np.float64(54699.333347859385), np.float64(54610.783817241194), np.float64(54732.44295175076), np.float64(54575.50792619944), np.float64(54460.02339258671)]"
87,"[np.float64(55099.75817342997), np.float64(55105.0394480896), np.float64(55110.438296175), np.float64(55104.41256152153), np.float64(55120.875030338764), np.float64(54992.735835824016), np.float64(54989.577192902565), np.float64(55012.88841035366), np.float64(54948.66189828873), np.float64(54971.07450964451), np.float64(54934.29450292588), np.float64(54883.14825983763), np.float64(54890.91557500601), np.float64(54902.06135548115), np.float64(54829.3653071189), np.float64(54856.06619347811), np.float64(54851.4106463933), np.float64(54795.99621751785), np.float64(54727.89853924036), np.float64(54788.241007390025), np.float64(54668.18682096958), np.float64(54649.03098062992), np.float64(54592.96081913233), np.float64(54666.37956417084), np.float64(54588.74272760868), np.float64(54727.12639218569), np.float64(54729.39505707264), np.float64(54604.137248539926), np.float64(54544.11002655268)]","[np.float64(55105.0394480896), np.float64(55110.438296175), np.float64(55176.39664621434), np.float64(55120.875030338764), np.float64(55158.62300005282), np.float64(54997.26996550549), np.float64(55013.32284278971), np.float64(55012.88841035366), np.float64(54982.986160014334), np.float64(54971.07450964451), np.float64(54952.127666162065), np.float64(54905.19182252958), np.float64(54908.277221615994), np.float64(54902.06135548115), np.float64(54876.79281455968), np.float64(54868.00779281337), np.float64(54851.4106463933), np.float64(54822.923716537865), np.float64(54793.4619986287), np.float64(54788.241007390025), np.float64(54700.45117720196), np.float64(54649.45534004781), np.float64(54671.608232812156), np.float64(54669.156849731175), np.float64(54740.45603472798), np.float64(54729.39505707264), np.float64(54729.41137712571), np.float64(54621.61433188817), np.float64(54573.86460255623)]","[np.float64(55099.75817342997), np.float64(55090.23675157537), np.float64(55104.4040957413), np.float64(55102.99680872118), np.float64(54992.71529427386), np.float64(54989.569207547116), np.float64(54949.24442887225), np.float64(54948.66189828873), np.float64(54938.00246432305), np.float64(54876.897859803095), np.float64(54883.14825983763), np.float64(54829.52392356071), np.float64(54890.91557500601), np.float64(54822.68811386203), np.float64(54816.411260191606), np.float64(54851.39924397727), np.float64(54795.98883302379), np.float64(54702.0146814962), np.float64(54727.89853924036), np.float64(54606.05653892801), np.float64(54649.03098062992), np.float64(54568.011676330476), np.float64(54592.96081913233), np.float64(54567.131631684824), np.float64(54588.73382688688), np.float64(54674.78426479932), np.float64(54604.137248539926), np.float64(54487.05800309661), np.float64(54536.17366747585)]","[np.float64(55105.0394480896), np.float64(55110.438296175), np.float64(55104.41256152153), np.float64(55120.875030338764), np.float64(54992.735835824016), np.float64(54989.577192902565), np.float64(55012.88841035366), np.float64(54948.66189828873), np.float64(54971.07450964451), np.float64(54934.29450292588), np.float64(54883.14825983763), np.float64(54890.91557500601), np.float64(54902.06135548115), np.float64(54829.3653071189), np.float64(54856.06619347811), np.float64(54851.4106463933), np.float64(54795.99621751785), np.float64(54727.89853924036), np.float64(54788.241007390025), np.float64(54668.18682096958), np.float64(54649.03098062992), np.float64(54592.96081913233), np.float64(54666.37956417084), np.float64(54588.74272760868), np.float64(54727.12639218569), np.float64(54729.39505707264), np.float64(54604.137248539926), np.float64(54544.11002655268), np.float64(54573.86460255623)]"
88,"[np.float64(54985.22208262205), np.float64(55045.226639852524), np.float64(55030.775668199065), np.float64(54991.20596474171), np.float64(54940.374323930744), np.float64(54889.17901679516), np.float64(54898.01402229548), np.float64(54905.66736979485), np.float64(54901.81925467015), np.float64(54844.17518034697), np.float64(54796.07116574764), np.float64(54799.61807140589), np.float64(54814.77422605991), np.float64(54749.20276672363), np.float64(54738.71890016794), np.float64(54752.01113613129), np.float64(54721.8372621274), np.float64(54688.95778278351), np.float64(54667.8930805707), np.float64(54635.5950295043), np.float64(54578.682666249275), np.float64(54512.743290946484), np.float64(54508.6954426527), np.float64(54561.599363384244), np.float64(54457.96064216614), np.float64(54483.21729416609), np.float64(54446.087786595825), np.float64(54449.25364103079), np.float64(54419.64393918276)]","[np.float64(55045.2353367358), np.float64(55061.57353432824), np.float64(55036.826121028826), np.float64(54991.20596474171), np.float64(54945.37642487801), np.float64(54898.02893097351), np.float64(54913.72078037176), np.float64(54905.67663263626), np.float64(54911.56052476722), np.float64(54860.44678437742), np.float64(54799.62373370255), np.float64(54824.33261473006), np.float64(54814.77422605991), np.float64(54749.208411323605), np.float64(54763.00714039603), np.float64(54752.03576040696), np.float64(54721.8372621274), np.float64(54702.10414563639), np.float64(54667.8930805707), np.float64(54657.94883091092), np.float64(54578.6903763993), np.float64(54521.85094115144), np.float64(54561.61223858458), np.float64(54561.599363384244), np.float64(54483.21729416609), np.float64(54484.95402393911), np.float64(54449.25364103079), np.float64(54459.08339953185), np.float64(54428.884008795576)]","[np.float64(54985.22208262205), np.float64(55030.71693774442), np.float64(54991.20596474171), np.float64(54940.365648871426), np.float64(54872.48550380064), np.float64(54889.17901679516), np.float64(54895.69590157219), np.float64(54901.81357985777), np.float64(54830.42186562572), np.float64(54796.07116574764), np.float64(54796.06206191545), np.float64(54799.60211672347), np.float64(54743.97427011715), np.float64(54732.95172909436), np.float64(54726.59284479885), np.float64(54714.539455594575), np.float64(54688.95778278351), np.float64(54655.06465414048), np.float64(54623.29978785558), np.float64(54574.276372226916), np.float64(54506.28406031496), np.float64(54498.575184919624), np.float64(54503.21737331675), np.float64(54436.08786658581), np.float64(54457.96064216614), np.float64(54421.90609075459), np.float64(54445.402000686496), np.float64(54419.63497768872), np.float64(54374.37800159425)]","[np.float64(55045.226639852524), np.float64(55030.775668199065), np.float64(54991.20596474171), np.float64(54940.374323930744), np.float64(54889.17901679516), np.float64(54898.01402229548), np.float64(54905.66736979485), np.float64(54901.81925467015), np.float64(54844.17518034697), np.float64(54796.07116574764), np.float64(54799.61807140589), np.float64(54814.77422605991), np.float64(54749.20276672363), np.float64(54738.71890016794), np.float64(54752.01113613129), np.float64(54721.8372621274), np.float64(54688.95778278351), np.float64(54667.8930805707), np.float64(54635.5950295043), np.float64(54578.682666249275), np.float64(54512.743290946484), np.float64(54508.6954426527), np.float64(54561.599363384244), np.float64(54457.96064216614), np.float64(54483.21729416609), np.float64(54446.087786595825), np.float64(54449.25364103079), np.float64(54419.64393918276), np.float64(54382.59530358553)]"
89,"[np.float64(55057.03420547009), np.float64(55035.89803200722), np.float64(55015.18952705145), np.float64(55022.96083430767), np.float64(55019.71153235913), np.float64(55015.823882687095), np.float64(55000.94189432383), np.float64(54947.26093301058), np.float64(54942.63101255417), np.float64(54906.02163539648), np.float64(54827.87213748932), np.float64(54784.14461015701), np.float64(54835.794628975396), np.float64(54830.35315569401), np.float64(54815.92137181759), np.float64(54797.52480082989), np.float64(54763.22542598486), np.float64(54740.12256976366), np.float64(54748.115373506545), np.float64(54664.7014707303), np.float64(54631.29851277113), np.float64(54625.15301548243), np.float64(54536.90327778339), np.float64(54548.75746068478), np.float64(54584.18427840233), np.float64(54652.89339000464), np.float64(54657.30361685276), np.float64(54602.20327514649), np.float64(54520.76339541912)]","[np.float64(55074.23646801893), np.float64(55035.89803200722), np.float64(55022.96660017389), np.float64(55022.97234556216), np.float64(55068.990849248636), np.float64(55015.823882687095), np.float64(55012.21092925025), np.float64(54949.991692865915), np.float64(54975.01257904216), np.float64(54906.03037206693), np.float64(54836.98237790325), np.float64(54858.67150952124), np.float64(54848.50518224004), np.float64(54838.63456170076), np.float64(54824.16981209349), np.float64(54836.45727645483), np.float64(54769.713326291974), np.float64(54773.831622316175), np.float64(54816.0862929057), np.float64(54678.2334260613), np.float64(54647.50772967074), np.float64(54697.17689479774), np.float64(54548.75746068478), np.float64(54639.27638385357), np.float64(54695.104941858845), np.float64(54719.60950474314), np.float64(54657.30361685276), np.float64(54686.22529721534), np.float64(54520.8375940933)]","[np.float64(55023.36581857885), np.float64(55011.22382182037), np.float64(55007.23291402051), np.float64(55017.17887397405), np.float64(55011.69601982495), np.float64(55000.933158519474), np.float64(54922.890841015695), np.float64(54919.54789375862), np.float64(54882.42734912653), np.float64(54816.86084270848), np.float64(54776.47129664661), np.float64(54768.07330906874), np.float64(54825.48101317492), np.float64(54799.51646484464), np.float64(54797.52480082989), np.float64(54722.00582897069), np.float64(54730.752562706315), np.float64(54726.291993932056), np.float64(54663.49051233614), np.float64(54624.56846261411), np.float64(54603.45382135197), np.float64(54536.90327778339), np.float64(54535.240270853734), np.float64(54491.434844614996), np.float64(54583.258509458414), np.float64(54642.23786239516), np.float64(54566.39877134571), np.float64(54501.341522864976), np.float64(54482.3562272685)]","[np.float64(55035.89803200722), np.float64(55015.18952705145), np.float64(55022.96083430767), np.float64(55019.71153235913), np.float64(55015.823882687095), np.float64(55000.94189432383), np.float64(54947.26093301058), np.float64(54942.63101255417), np.float64(54906.02163539648), np.float64(54827.87213748932), np.float64(54784.14461015701), np.float64(54835.794628975396), np.float64(54830.35315569401), np.float64(54815.92137181759), np.float64(54797.52480082989), np.float64(54763.22542598486), np.float64(54740.12256976366), np.float64(54748.115373506545), np.float64(54664.7014707303), np.float64(54631.29851277113), np.float64(54625.15301548243), np.float64(54536.90327778339), np.float64(54548.75746068478), np.float64(54584.18427840233), np.float64(54652.89339000464), np.float64(54657.30361685276), np.float64(54602.20327514649), np.float64(54520.76339541912), np.float64(54490.12927232027)]"
90,"[np.float64(55165.749445874695), np.float64(55141.57477845669), np.float64(55165.90333442212), np.float64(55130.29262310982), np.float64(55134.76002695799), np.float64(55072.50341707707), np.float64(55072.35493716478), np.float64(55065.8027620244), np.float64(55024.577501106265), np.float64(55006.726558382514), np.float64(55025.94820378304), np.float64(54990.13634275437), np.float64(54951.86213618994), np.float64(54942.177202310566), np.float64(54953.8033210969), np.float64(54908.04446493864), np.float64(54839.819941289425), np.float64(54906.912257316115), np.float64(54850.631931710246), np.float64(54870.59314357758), np.float64(54847.581847822665), np.float64(54805.43840670109), np.float64(54795.03206391573), np.float64(54736.20607403755), np.float64(54768.81061442852), np.float64(54746.90589966774), np.float64(54677.17262436867), np.float64(54626.80960315943), np.float64(54556.57358234644)]","[np.float64(55165.749445874695), np.float64(55189.52081518489), np.float64(55166.28047950544), np.float64(55134.76002695799), np.float64(55148.32999681821), np.float64(55119.547792120495), np.float64(55086.925032332074), np.float64(55069.03982176033), np.float64(55045.88010640537), np.float64(55042.85270352261), np.float64(55025.960099755044), np.float64(55022.02304687638), np.float64(54970.48871058631), np.float64(54953.81279643037), np.float64(54990.54903202801), np.float64(54921.0927524526), np.float64(54918.0826487338), np.float64(54908.688611891754), np.float64(54918.6347027188), np.float64(54874.03442284195), np.float64(54868.635970081334), np.float64(54805.44709971998), np.float64(54813.34794242054), np.float64(54770.44984317228), np.float64(54794.25520091039), np.float64(54746.90589966774), np.float64(54803.023727378204), np.float64(54626.80960315943), np.float64(54588.861217996804)]","[np.float64(55140.807833658015), np.float64(55135.41087688565), np.float64(55127.67497588695), np.float64(55127.498219153946), np.float64(55071.794845174794), np.float64(55064.20985838406), np.float64(55060.76174155097), np.float64(55024.577501106265), np.float64(54993.76555511391), np.float64(54979.451803786884), np.float64(54990.130654485285), np.float64(54905.47508188352), np.float64(54928.875339388826), np.float64(54934.22604026998), np.float64(54868.89048074777), np.float64(54829.17691605386), np.float64(54815.7995854038), np.float64(54841.23302066524), np.float64(54811.32701645936), np.float64(54831.058034853515), np.float64(54788.614814102686), np.float64(54777.84562983164), np.float64(54713.09010085219), np.float64(54722.88482031656), np.float64(54727.86833253932), np.float64(54664.87759959384), np.float64(54599.80834608988), np.float64(54541.90513417887), np.float64(54514.064482795126)]","[np.float64(55141.57477845669), np.float64(55165.90333442212), np.float64(55130.29262310982), np.float64(55134.76002695799), np.float64(55072.50341707707), np.float64(55072.35493716478), np.float64(55065.8027620244), np.float64(55024.577501106265), np.float64(55006.726558382514), np.float64(55025.94820378304), np.float64(54990.13634275437), np.float64(54951.86213618994), np.float64(54942.177202310566), np.float64(54953.8033210969), np.float64(54908.04446493864), np.float64(54839.819941289425), np.float64(54906.912257316115), np.float64(54850.631931710246), np.float64(54870.59314357758), np.float64(54847.581847822665), np.float64(54805.43840670109), np.float64(54795.03206391573), np.float64(54736.20607403755), np.float64(54768.81061442852), np.float64(54746.90589966774), np.float64(54677.17262436867), np.float64(54626.80960315943), np.float64(54556.57358234644), np.float64(54554.94802993297)]"
91,"[np.float64(55083.23852761269), np.float64(55052.248078479766), np.float64(55068.16272982359), np.float64(55029.70565988064), np.float64(55010.71465413571), np.float64(54953.85985421181), np.float64(54982.63701257944), np.float64(54949.830936141014), np.float64(54949.67524471522), np.float64(54841.62668298006), np.float64(54921.66971829414), np.float64(54904.073754084115), np.float64(54872.474833498), np.float64(54851.85454080582), np.float64(54832.694837155344), np.float64(54796.9538034916), np.float64(54856.29593169451), np.float64(54771.15165200472), np.float64(54756.52232416868), np.float64(54769.27987791538), np.float64(54736.91190092325), np.float64(54660.39362161875), np.float64(54670.21338504553), np.float64(54713.030845127105), np.float64(54635.50218126774), np.float64(54678.184554247855), np.float64(54606.79906969071), np.float64(54533.358690111636), np.float64(54459.213256309034)]","[np.float64(55097.58306619022), np.float64(55068.16272982359), np.float64(55085.602189277604), np.float64(55041.68931274647), np.float64(55034.30578587515), np.float64(54982.63701257944), np.float64(54996.65835687092), np.float64(54976.65885071442), np.float64(54975.20956714028), np.float64(54931.45247987382), np.float64(54921.69748420428), np.float64(54904.073754084115), np.float64(54898.12951651847), np.float64(54851.86004965477), np.float64(54832.70440745018), np.float64(54857.7031980022), np.float64(54869.34509171612), np.float64(54772.116495636226), np.float64(54803.113736000334), np.float64(54784.463311682215), np.float64(54755.18425163286), np.float64(54720.26720654902), np.float64(54713.030845127105), np.float64(54738.962574601945), np.float64(54725.70115723306), np.float64(54710.78422481289), np.float64(54606.79906969071), np.float64(54548.40747019134), np.float64(54484.834632552804)]","[np.float64(55052.248078479766), np.float64(55023.86015986417), np.float64(55027.71853307261), np.float64(55000.87527823302), np.float64(54940.518818689736), np.float64(54940.525818132715), np.float64(54949.830936141014), np.float64(54949.66718958127), np.float64(54834.897609992084), np.float64(54823.24616593355), np.float64(54904.064609776615), np.float64(54850.9661786207), np.float64(54851.84604320442), np.float64(54798.74454017277), np.float64(54785.994490150086), np.float64(54782.96244176489), np.float64(54771.137613426275), np.float64(54733.78523055065), np.float64(54750.02973272314), np.float64(54712.95678022838), np.float64(54660.376982401394), np.float64(54643.74938880583), np.float64(54660.61266934897), np.float64(54598.172898676174), np.float64(54635.49266825021), np.float64(54606.789155627695), np.float64(54437.40940436637), np.float64(54428.28242612948), np.float64(54432.15734178877)]","[np.float64(55052.248078479766), np.float64(55068.16272982359), np.float64(55029.70565988064), np.float64(55010.71465413571), np.float64(54953.85985421181), np.float64(54982.63701257944), np.float64(54949.830936141014), np.float64(54949.67524471522), np.float64(54841.62668298006), np.float64(54921.66971829414), np.float64(54904.073754084115), np.float64(54872.474833498), np.float64(54851.85454080582), np.float64(54832.694837155344), np.float64(54796.9538034916), np.float64(54856.29593169451), np.float64(54771.15165200472), np.float64(54756.52232416868), np.float64(54769.27987791538), np.float64(54736.91190092325), np.float64(54660.39362161875), np.float64(54670.21338504553), np.float64(54713.030845127105), np.float64(54635.50218126774), np.float64(54678.184554247855), np.float64(54606.79906969071), np.float64(54533.358690111636), np.float64(54459.213256309034), np.float64(54447.66234330654)]"
92,"[np.float64(55106.86138546944), np.float64(55094.65126286507), np.float64(55089.16265719176), np.float64(55079.63508883953), np.float64(55023.39455533505), np.float64(55055.29751848221), np.float64(55006.20449631453), np.float64(54985.64537271023), np.float64(54962.96297348261), np.float64(54953.96982979298), np.float64(54904.74944714546), np.float64(54933.67959262133), np.float64(54964.98709079504), np.float64(54952.79358042717), np.float64(54897.64095524788), np.float64(54855.262624828814), np.float64(54852.56423100233), np.float64(54861.56252577305), np.float64(54799.761915345196), np.float64(54811.11103474617), np.float64(54804.676304254535), np.float64(54780.40853104591), np.float64(54781.18106443167), np.float64(54761.84274704457), np.float64(54802.383558063506), np.float64(54834.06399450779), np.float64(54777.49198893547), np.float64(54814.9060937357), np.float64(54765.93347808838)]","[np.float64(55111.88528506613), np.float64(55115.78095583257), np.float64(55089.16265719176), np.float64(55079.63508883953), np.float64(55055.29751848221), np.float64(55079.49595514391), np.float64(55026.869420380935), np.float64(54989.94026843392), np.float64(54979.79651870249), np.float64(54953.96982979298), np.float64(54946.63143599136), np.float64(54965.24152241313), np.float64(54965.74986061767), np.float64(54962.51320791678), np.float64(54909.78898010334), np.float64(54862.15208699631), np.float64(54861.56252577305), np.float64(54861.57442796797), np.float64(54828.23747166915), np.float64(54811.120784438936), np.float64(54839.76565131715), np.float64(54781.18680750268), np.float64(54826.20982356349), np.float64(54802.39102613385), np.float64(54834.06399450779), np.float64(54841.628720216635), np.float64(54837.42919102437), np.float64(54819.70949498518), np.float64(54773.176696036986)]","[np.float64(55064.12126397844), np.float64(55089.16265719176), np.float64(55069.78187456069), np.float64(55023.39455533505), np.float64(55016.88038859652), np.float64(55006.20449631453), np.float64(54985.64537271023), np.float64(54962.96297348261), np.float64(54948.67442938481), np.float64(54897.62175631342), np.float64(54904.74131884429), np.float64(54917.380973779575), np.float64(54944.02875944044), np.float64(54883.88697006427), np.float64(54855.262624828814), np.float64(54836.50248677672), np.float64(54852.56423100233), np.float64(54764.431718922795), np.float64(54791.70538492148), np.float64(54797.52196902887), np.float64(54769.7796905511), np.float64(54780.403027173554), np.float64(54760.45671493395), np.float64(54752.3969157824), np.float64(54787.50032740615), np.float64(54775.64098291964), np.float64(54767.618225896804), np.float64(54765.92453288661), np.float64(54712.777287469304)]","[np.float64(55094.65126286507), np.float64(55089.16265719176), np.float64(55079.63508883953), np.float64(55023.39455533505), np.float64(55055.29751848221), np.float64(55006.20449631453), np.float64(54985.64537271023), np.float64(54962.96297348261), np.float64(54953.96982979298), np.float64(54904.74944714546), np.float64(54933.67959262133), np.float64(54964.98709079504), np.float64(54952.79358042717), np.float64(54897.64095524788), np.float64(54855.262624828814), np.float64(54852.56423100233), np.float64(54861.56252577305), np.float64(54799.761915345196), np.float64(54811.11103474617), np.float64(54804.676304254535), np.float64(54780.40853104591), np.float64(54781.18106443167), np.float64(54761.84274704457), np.float64(54802.383558063506), np.float64(54834.06399450779), np.float64(54777.49198893547), np.float64(54814.9060937357), np.float64(54765.93347808838), np.float64(54729.74288382292)]"
93,"[np.float64(55211.66528122902), np.float64(55186.11746437073), np.float64(55158.97963755846), np.float64(55210.30848647118), np.float64(55089.38196446896), np.float64(55202.45025472165), np.float64(55112.21593425751), np.float64(55105.78377930642), np.float64(55244.870051343445), np.float64(55104.4090845418), np.float64(55178.238113188745), np.float64(55009.90503296614), np.float64(55051.19133419514), np.float64(55031.07404457092), np.float64(54972.702637598515), np.float64(54810.439462549686), np.float64(54851.708250103), np.float64(54977.850241703985), np.float64(54755.47124607325), np.float64(54741.281434230805), np.float64(54768.85581516504), np.float64(54798.45933571577), np.float64(54856.112166876796), np.float64(54637.922931823734), np.float64(54772.98556564808), np.float64(54696.038716397285), np.float64(54448.82004878044), np.float64(54829.91801811934), np.float64(54566.942451016905)]","[np.float64(55211.67731201398), np.float64(55186.11746437073), np.float64(55284.352973909234), np.float64(55210.30848647118), np.float64(55202.45025472165), np.float64(55208.96289720839), np.float64(55112.21593425751), np.float64(55280.05250437127), np.float64(55244.870051343445), np.float64(55178.238113188745), np.float64(55187.5546584638), np.float64(55051.19133419514), np.float64(55062.18269784796), np.float64(55085.24970543508), np.float64(54972.702637598515), np.float64(54876.54978088383), np.float64(54977.850241703985), np.float64(55000.26313697867), np.float64(54755.47124607325), np.float64(54805.940999072256), np.float64(54798.45933571577), np.float64(54905.18411841529), np.float64(54856.112166876796), np.float64(54799.852935374875), np.float64(54772.98556564808), np.float64(54737.66290360636), np.float64(54829.91801811934), np.float64(54875.32547963214), np.float64(54581.59355531503)]","[np.float64(55143.62829893161), np.float64(55155.74173403042), np.float64(55158.97963755846), np.float64(55083.85969233523), np.float64(55077.498637335506), np.float64(55112.21593425751), np.float64(55105.657748817386), np.float64(55105.78377930642), np.float64(55077.233766059515), np.float64(55104.4090845418), np.float64(54996.833980983174), np.float64(55009.90503296614), np.float64(55031.07404457092), np.float64(54938.74170355623), np.float64(54810.439462549686), np.float64(54736.96860386689), np.float64(54851.702725841824), np.float64(54742.94859826073), np.float64(54729.13540972933), np.float64(54741.281434230805), np.float64(54764.75206274406), np.float64(54798.45013592025), np.float64(54616.582857814145), np.float64(54628.36255011666), np.float64(54686.90869478271), np.float64(54448.82004878044), np.float64(54411.617735289175), np.float64(54554.545858209975), np.float64(54404.94835930354)]","[np.float64(55186.11746437073), np.float64(55158.97963755846), np.float64(55210.30848647118), np.float64(55089.38196446896), np.float64(55202.45025472165), np.float64(55112.21593425751), np.float64(55105.78377930642), np.float64(55244.870051343445), np.float64(55104.4090845418), np.float64(55178.238113188745), np.float64(55009.90503296614), np.float64(55051.19133419514), np.float64(55031.07404457092), np.float64(54972.702637598515), np.float64(54810.439462549686), np.float64(54851.708250103), np.float64(54977.850241703985), np.float64(54755.47124607325), np.float64(54741.281434230805), np.float64(54768.85581516504), np.float64(54798.45933571577), np.float64(54856.112166876796), np.float64(54637.922931823734), np.float64(54772.98556564808), np.float64(54696.038716397285), np.float64(54448.82004878044), np.float64(54829.91801811934), np.float64(54566.942451016905), np.float64(54442.89257099867)]"
94,"[np.float64(55153.77562911511), np.float64(55155.996002616885), np.float64(55117.73660541058), np.float64(55071.28492884636), np.float64(55091.06508021355), np.float64(55076.84526332378), np.float64(55047.88807467222), np.float64(55011.89592580557), np.float64(54990.70643865347), np.float64(54960.190661642555), np.float64(55005.04460163117), np.float64(55012.091924440865), np.float64(54924.3618020463), np.float64(54896.387954773905), np.float64(54891.552892513275), np.float64(54904.494597408775), np.float64(54859.59725956202), np.float64(54895.13212120533), np.float64(54879.45841167927), np.float64(54884.28342933178), np.float64(54797.911260688306), np.float64(54820.89808880806), np.float64(54761.62794696331), np.float64(54715.17807327747), np.float64(54727.20327207089), np.float64(54723.072362594605), np.float64(54687.06244249821), np.float64(54639.81376491308), np.float64(54649.67164633989)]","[np.float64(55156.00170475254), np.float64(55161.63012609301), np.float64(55126.07876649413), np.float64(55121.85745261226), np.float64(55091.06508021355), np.float64(55076.85626306155), np.float64(55058.261400695905), np.float64(55011.90470536145), np.float64(55004.00529722655), np.float64(55005.054373604646), np.float64(55021.2561374111), np.float64(55012.102650958404), np.float64(54932.969047706974), np.float64(54911.05742075798), np.float64(54904.494597408775), np.float64(54904.500310211035), np.float64(54926.57056599488), np.float64(54895.13212120533), np.float64(54900.782450100676), np.float64(54894.66518142724), np.float64(54825.68811055652), np.float64(54838.003428377015), np.float64(54761.62794696331), np.float64(54742.14778285888), np.float64(54727.20327207089), np.float64(54726.161070375936), np.float64(54709.49099544216), np.float64(54663.49800932271), np.float64(54665.45818023664)]","[np.float64(55150.88253435472), np.float64(55100.59544995927), np.float64(55069.96622340566), np.float64(55070.52006074546), np.float64(55076.826151562476), np.float64(55038.66916560829), np.float64(55002.19652328085), np.float64(54990.70643865347), np.float64(54957.116541227006), np.float64(54960.18505575385), np.float64(55004.971034548245), np.float64(54924.35243610946), np.float64(54876.62230894816), np.float64(54878.7947074182), np.float64(54871.66248084553), np.float64(54856.145213459626), np.float64(54854.276361822995), np.float64(54857.91227533376), np.float64(54863.1033385846), np.float64(54784.65247628352), np.float64(54789.20447578226), np.float64(54755.77028485596), np.float64(54698.28928116919), np.float64(54691.79839512238), np.float64(54715.78702326264), np.float64(54677.86770191114), np.float64(54625.08461418726), np.float64(54622.84794442926), np.float64(54635.26699070893)]","[np.float64(55155.996002616885), np.float64(55117.73660541058), np.float64(55071.28492884636), np.float64(55091.06508021355), np.float64(55076.84526332378), np.float64(55047.88807467222), np.float64(55011.89592580557), np.float64(54990.70643865347), np.float64(54960.190661642555), np.float64(55005.04460163117), np.float64(55012.091924440865), np.float64(54924.3618020463), np.float64(54896.387954773905), np.float64(54891.552892513275), np.float64(54904.494597408775), np.float64(54859.59725956202), np.float64(54895.13212120533), np.float64(54879.45841167927), np.float64(54884.28342933178), np.float64(54797.911260688306), np.float64(54820.89808880806), np.float64(54761.62794696331), np.float64(54715.17807327747), np.float64(54727.20327207089), np.float64(54723.072362594605), np.float64(54687.06244249821), np.float64(54639.81376491308), np.float64(54649.67164633989), np.float64(54653.33329232931)]"
95,"[np.float64(55073.48250881433), np.float64(55107.653106632235), np.float64(55047.765865273475), np.float64(55033.185215153695), np.float64(54984.1595433712), np.float64(54983.25398331643), np.float64(54996.03935290098), np.float64(54976.80740533829), np.float64(54963.773624868394), np.float64(54941.61921145201), np.float64(54929.31289240837), np.float64(54873.43435112715), np.float64(54816.86801174402), np.float64(54859.27055224419), np.float64(54866.764345006944), np.float64(54810.383702096944), np.float64(54775.60179973126), np.float64(54773.22895422936), np.float64(54733.83644796133), np.float64(54713.68297199249), np.float64(54674.903959481715), np.float64(54678.86745882273), np.float64(54722.94474456072), np.float64(54553.412235107426), np.float64(54669.5814761734), np.float64(54611.24792964697), np.float64(54484.51678314686), np.float64(54507.673596942426), np.float64(54448.47660044909)]","[np.float64(55140.21168758581), np.float64(55107.653106632235), np.float64(55076.87128207548), np.float64(55033.185215153695), np.float64(55034.61613089843), np.float64(54996.03935290098), np.float64(54999.2992733914), np.float64(54997.57078957833), np.float64(54963.773624868394), np.float64(54959.915740991775), np.float64(54929.31289240837), np.float64(54937.212189761834), np.float64(54869.526304684034), np.float64(54891.63714527161), np.float64(54866.764345006944), np.float64(54827.12271615764), np.float64(54775.61509790755), np.float64(54795.853331487255), np.float64(54769.809785753154), np.float64(54728.48251413746), np.float64(54684.09131793593), np.float64(54752.28215497938), np.float64(54722.94474456072), np.float64(54704.329280738886), np.float64(54675.700693754625), np.float64(54647.21471932832), np.float64(54511.25354565563), np.float64(54548.71050714381), np.float64(54462.30183695832)]","[np.float64(55073.48250881433), np.float64(55011.92211329321), np.float64(55033.185215153695), np.float64(54984.1595433712), np.float64(54970.98322898601), np.float64(54967.16107485587), np.float64(54976.79809099446), np.float64(54956.498442752985), np.float64(54931.61594402262), np.float64(54927.96267066472), np.float64(54873.43435112715), np.float64(54815.67735856667), np.float64(54816.796546962716), np.float64(54854.154244986596), np.float64(54805.234693493025), np.float64(54762.554108919925), np.float64(54738.12541393179), np.float64(54733.8216022046), np.float64(54700.917808487546), np.float64(54670.00625225167), np.float64(54668.393715182094), np.float64(54676.443666341176), np.float64(54549.89939616216), np.float64(54516.114929515454), np.float64(54597.38821325418), np.float64(54480.1661556874), np.float64(54430.19444611984), np.float64(54406.80872533711), np.float64(54435.50157103971)]","[np.float64(55107.653106632235), np.float64(55047.765865273475), np.float64(55033.185215153695), np.float64(54984.1595433712), np.float64(54983.25398331643), np.float64(54996.03935290098), np.float64(54976.80740533829), np.float64(54963.773624868394), np.float64(54941.61921145201), np.float64(54929.31289240837), np.float64(54873.43435112715), np.float64(54816.86801174402), np.float64(54859.27055224419), np.float64(54866.764345006944), np.float64(54810.383702096944), np.float64(54775.60179973126), np.float64(54773.22895422936), np.float64(54733.83644796133), np.float64(54713.68297199249), np.float64(54674.903959481715), np.float64(54678.86745882273), np.float64(54722.94474456072), np.float64(54553.412235107426), np.float64(54669.5814761734), np.float64(54611.24792964697), np.float64(54484.51678314686), np.float64(54507.673596942426), np.float64(54448.47660044909), np.float64(54453.298012344836)]"
96,"[np.float64(55130.327392907144), np.float64(55121.46882121087), np.float64(55028.95321571112), np.float64(55029.45274179936), np.float64(55037.51147938013), np.float64(55030.95170639515), np.float64(54980.756610429286), np.float64(55018.203038263324), np.float64(54941.1321767354), np.float64(54898.9463679719), np.float64(54893.82323150158), np.float64(54921.92121982813), np.float64(54877.5048641777), np.float64(54838.46482063294), np.float64(54797.662849802975), np.float64(54817.081008946894), np.float64(54800.47057532549), np.float64(54812.3851546526), np.float64(54772.09391351223), np.float64(54753.7532317543), np.float64(54705.02812555313), np.float64(54704.30761808634), np.float64(54615.87991053581), np.float64(54592.95399394989), np.float64(54613.58046793938), np.float64(54646.344820621016), np.float64(54623.80510633945), np.float64(54602.790627167225), np.float64(54600.46877736807)]","[np.float64(55130.327392907144), np.float64(55137.841985674175), np.float64(55066.61366081673), np.float64(55037.51147938013), np.float64(55070.4172633273), np.float64(55030.95170639515), np.float64(55042.38971306338), np.float64(55018.21598501261), np.float64(54941.146133428556), np.float64(54905.99552152343), np.float64(54927.1660325879), np.float64(54934.440035750886), np.float64(54877.5048641777), np.float64(54861.81938991847), np.float64(54817.08949691831), np.float64(54817.081008946894), np.float64(54825.97358045167), np.float64(54812.83526713366), np.float64(54782.62617880989), np.float64(54755.32385832198), np.float64(54705.03878623166), np.float64(54740.93225932304), np.float64(54615.87991053581), np.float64(54621.756832250045), np.float64(54646.344820621016), np.float64(54678.59613578985), np.float64(54623.80510633945), np.float64(54627.53376332969), np.float64(54610.94466342731)]","[np.float64(55110.565218962765), np.float64(55028.28747919353), np.float64(55027.347378755934), np.float64(55017.12009852981), np.float64(55030.936500144875), np.float64(54942.21695214482), np.float64(54980.743928063996), np.float64(54928.96087950004), np.float64(54898.93845949598), np.float64(54876.49256582026), np.float64(54893.82323150158), np.float64(54877.5048641777), np.float64(54836.149826534784), np.float64(54795.07526138481), np.float64(54788.923201224075), np.float64(54794.47535631514), np.float64(54789.190809357824), np.float64(54764.1339916128), np.float64(54748.66732195522), np.float64(54684.13359811669), np.float64(54694.58091530906), np.float64(54612.19360455597), np.float64(54580.71984984213), np.float64(54573.03036746906), np.float64(54593.74144550612), np.float64(54622.32681477844), np.float64(54596.39803236565), np.float64(54578.58558230402), np.float64(54575.14766511422)]","[np.float64(55121.46882121087), np.float64(55028.95321571112), np.float64(55029.45274179936), np.float64(55037.51147938013), np.float64(55030.95170639515), np.float64(54980.756610429286), np.float64(55018.203038263324), np.float64(54941.1321767354), np.float64(54898.9463679719), np.float64(54893.82323150158), np.float64(54921.92121982813), np.float64(54877.5048641777), np.float64(54838.46482063294), np.float64(54797.662849802975), np.float64(54817.081008946894), np.float64(54800.47057532549), np.float64(54812.3851546526), np.float64(54772.09391351223), np.float64(54753.7532317543), np.float64(54705.02812555313), np.float64(54704.30761808634), np.float64(54615.87991053581), np.float64(54592.95399394989), np.float64(54613.58046793938), np.float64(54646.344820621016), np.float64(54623.80510633945), np.float64(54602.790627167225), np.float64(54600.46877736807), np.float64(54578.71524683714)]"
97,"[np.float64(55094.38739873648), np.float64(55056.728231253626), np.float64(55050.028348863125), np.float64(55024.68773424149), np.float64(54988.15729740143), np.float64(54956.90517334938), np.float64(54944.55816076517), np.float64(54976.003836689), np.float64(54878.88316469908), np.float64(54897.32957239628), np.float64(54937.75577186108), np.float64(54979.72356111765), np.float64(54907.94620806694), np.float64(54893.00034629822), np.float64(54869.906762022976), np.float64(54806.681491343974), np.float64(54773.861120655536), np.float64(54774.049650223256), np.float64(54748.824291040895), np.float64(54798.314204006194), np.float64(54738.70602246523), np.float64(54721.027898511886), np.float64(54804.66561576128), np.float64(54749.14739260197), np.float64(54738.315699296), np.float64(54693.23820238829), np.float64(54710.56360606432), np.float64(54718.37135721922), np.float64(54675.63142090797)]","[np.float64(55094.40116809381), np.float64(55108.65319493422), np.float64(55055.349278919355), np.float64(55024.68773424149), np.float64(54991.03164100358), np.float64(54997.85976810615), np.float64(55004.618323844814), np.float64(54987.1026637337), np.float64(54897.34128545437), np.float64(54950.49404493621), np.float64(54991.7546275072), np.float64(54986.82309334437), np.float64(54907.95172346498), np.float64(54917.9373676722), np.float64(54916.469672289466), np.float64(54806.681491343974), np.float64(54774.06664092734), np.float64(54774.049650223256), np.float64(54830.741762098696), np.float64(54798.314204006194), np.float64(54761.03399878869), np.float64(54804.66561576128), np.float64(54851.172542915054), np.float64(54749.14739260197), np.float64(54745.911712511355), np.float64(54710.56360606432), np.float64(54758.05501144472), np.float64(54718.37135721922), np.float64(54716.54876828574)]","[np.float64(54997.21991425585), np.float64(55050.028348863125), np.float64(55014.631946193505), np.float64(54988.14314362873), np.float64(54915.528218292035), np.float64(54944.55816076517), np.float64(54937.86807405442), np.float64(54878.88316469908), np.float64(54878.87516505422), np.float64(54827.06440761856), np.float64(54937.75577186108), np.float64(54894.97844271245), np.float64(54876.73871360729), np.float64(54857.112299493914), np.float64(54806.53551380771), np.float64(54721.869776316926), np.float64(54773.861120655536), np.float64(54682.853470020375), np.float64(54748.81555886852), np.float64(54708.15450840998), np.float64(54696.36812691661), np.float64(54710.33087381073), np.float64(54749.13251273429), np.float64(54733.62331875719), np.float64(54655.73314301277), np.float64(54687.98919426269), np.float64(54708.76566974796), np.float64(54670.54573182377), np.float64(54657.19339325454)]","[np.float64(55056.728231253626), np.float64(55050.028348863125), np.float64(55024.68773424149), np.float64(54988.15729740143), np.float64(54956.90517334938), np.float64(54944.55816076517), np.float64(54976.003836689), np.float64(54878.88316469908), np.float64(54897.32957239628), np.float64(54937.75577186108), np.float64(54979.72356111765), np.float64(54907.94620806694), np.float64(54893.00034629822), np.float64(54869.906762022976), np.float64(54806.681491343974), np.float64(54773.861120655536), np.float64(54774.049650223256), np.float64(54748.824291040895), np.float64(54798.314204006194), np.float64(54738.70602246523), np.float64(54721.027898511886), np.float64(54804.66561576128), np.float64(54749.14739260197), np.float64(54738.315699296), np.float64(54693.23820238829), np.float64(54710.56360606432), np.float64(54718.37135721922), np.float64(54675.63142090797), np.float64(54678.58530835628)]"
98,"[np.float64(55142.2298671937), np.float64(55120.56995756149), np.float64(55063.67858496189), np.float64(55014.22022236824), np.float64(55010.18409278393), np.float64(54978.411967096334), np.float64(55014.82354274035), np.float64(55022.37979236126), np.float64(55010.8926239872), np.float64(54975.3041911006), np.float64(54905.30524879456), np.float64(54889.28036431551), np.float64(54888.065224287515), np.float64(54880.16745799065), np.float64(54909.55373169661), np.float64(54866.63479531765), np.float64(54830.730343606476), np.float64(54823.340860235694), np.float64(54767.086032481195), np.float64(54730.77477414131), np.float64(54746.05197920084), np.float64(54742.688065698145), np.float64(54660.717753396035), np.float64(54622.29532447338), np.float64(54637.89228289128), np.float64(54646.82399993896), np.float64(54583.51309253693), np.float64(54515.77045252323), np.float64(54520.31885712147)]","[np.float64(55142.24140696942), np.float64(55155.943533667094), np.float64(55069.829051734625), np.float64(55015.86117442996), np.float64(55010.193370004126), np.float64(55065.834174887495), np.float64(55049.4416993604), np.float64(55025.132352924134), np.float64(55010.8926239872), np.float64(54980.26658590291), np.float64(54919.71598187349), np.float64(54889.28036431551), np.float64(54892.49406818288), np.float64(54923.124626753335), np.float64(54911.289853649905), np.float64(54866.63479531765), np.float64(54893.45877970728), np.float64(54823.346422633054), np.float64(54796.77354415774), np.float64(54785.24685504214), np.float64(54754.95550438629), np.float64(54748.115027576496), np.float64(54660.7610378571), np.float64(54637.89228289128), np.float64(54704.533278147705), np.float64(54651.470533654036), np.float64(54600.5852503549), np.float64(54520.36710810378), np.float64(54546.65028993074)]","[np.float64(55109.057748945284), np.float64(55063.66983608814), np.float64(55014.22022236824), np.float64(55010.18409278393), np.float64(54937.70828496974), np.float64(54978.411967096334), np.float64(55008.329654467714), np.float64(54991.370278755014), np.float64(54975.3041911006), np.float64(54841.138495632906), np.float64(54889.269253909224), np.float64(54865.069370200225), np.float64(54809.28538606137), np.float64(54880.158998565734), np.float64(54825.89021413634), np.float64(54823.91918950533), np.float64(54821.19800059711), np.float64(54736.611291066045), np.float64(54709.89305155102), np.float64(54712.5113879193), np.float64(54702.46701964845), np.float64(54538.307146388746), np.float64(54621.09692253298), np.float64(54593.12623317625), np.float64(54622.90560368508), np.float64(54578.66717309393), np.float64(54500.33711402986), np.float64(54446.351974445024), np.float64(54466.72754359391)]","[np.float64(55120.56995756149), np.float64(55063.67858496189), np.float64(55014.22022236824), np.float64(55010.18409278393), np.float64(54978.411967096334), np.float64(55014.82354274035), np.float64(55022.37979236126), np.float64(55010.8926239872), np.float64(54975.3041911006), np.float64(54905.30524879456), np.float64(54889.28036431551), np.float64(54888.065224287515), np.float64(54880.16745799065), np.float64(54909.55373169661), np.float64(54866.63479531765), np.float64(54830.730343606476), np.float64(54823.340860235694), np.float64(54767.086032481195), np.float64(54730.77477414131), np.float64(54746.05197920084), np.float64(54742.688065698145), np.float64(54660.717753396035), np.float64(54622.29532447338), np.float64(54637.89228289128), np.float64(54646.82399993896), np.float64(54583.51309253693), np.float64(54515.77045252323), np.float64(54520.31885712147), np.float64(54500.43761578798)]"
99,"[np.float64(55048.82312466622), np.float64(55029.65234619141), np.float64(55050.65407643795), np.float64(55036.63257616997), np.float64(54946.80094146967), np.float64(54950.60385585785), np.float64(54915.625310971736), np.float64(54903.070709819796), np.float64(54910.30566075802), np.float64(54822.306523153784), np.float64(54919.307690062524), np.float64(54927.201464271544), np.float64(54896.31931661844), np.float64(54875.40116266251), np.float64(54794.476648597716), np.float64(54718.62891127348), np.float64(54701.97469346285), np.float64(54661.437874531744), np.float64(54652.05917242289), np.float64(54626.14653024673), np.float64(54682.35293783903), np.float64(54669.16153428793), np.float64(54703.43476739645), np.float64(54640.506585319046), np.float64(54620.764423174856), np.float64(54570.38298685074), np.float64(54484.23476145745), np.float64(54438.53346863032), np.float64(54344.839810886384)]","[np.float64(55048.82312466622), np.float64(55072.39840306834), np.float64(55055.84473786598), np.float64(55036.63257616997), np.float64(54981.29230337626), np.float64(54954.855888252925), np.float64(54939.36939949357), np.float64(54927.154279183276), np.float64(54917.16993199402), np.float64(54919.3133368117), np.float64(54943.97103988679), np.float64(54943.99373224931), np.float64(54912.60248420049), np.float64(54888.863160308545), np.float64(54805.32617048672), np.float64(54725.80875773917), np.float64(54735.96339480442), np.float64(54693.723242872606), np.float64(54652.07403662708), np.float64(54753.27879923171), np.float64(54682.35293783903), np.float64(54765.18295960446), np.float64(54703.43476739645), np.float64(54731.841506259065), np.float64(54620.764423174856), np.float64(54615.984035455316), np.float64(54497.33142609648), np.float64(54456.90449305819), np.float64(54362.58495224225)]","[np.float64(55008.75233007635), np.float64(55028.563952357574), np.float64(54931.83239382506), np.float64(54946.80094146967), np.float64(54894.806738254796), np.float64(54915.625310971736), np.float64(54838.71091846384), np.float64(54902.32861424159), np.float64(54818.721455008264), np.float64(54745.50051387709), np.float64(54919.29574710458), np.float64(54884.89707243723), np.float64(54847.41195311543), np.float64(54780.83347371509), np.float64(54710.749298104645), np.float64(54665.39282174592), np.float64(54659.89697955721), np.float64(54564.07012703966), np.float64(54616.55472287942), np.float64(54620.732639379356), np.float64(54640.20013436669), np.float64(54589.13278069864), np.float64(54637.40742533313), np.float64(54607.091562587855), np.float64(54561.052054651096), np.float64(54438.8749421149), np.float64(54379.17711310404), np.float64(54249.7852519615), np.float64(54306.863004910345)]","[np.float64(55029.65234619141), np.float64(55050.65407643795), np.float64(55036.63257616997), np.float64(54946.80094146967), np.float64(54950.60385585785), np.float64(54915.625310971736), np.float64(54903.070709819796), np.float64(54910.30566075802), np.float64(54822.306523153784), np.float64(54919.307690062524), np.float64(54927.201464271544), np.float64(54896.31931661844), np.float64(54875.40116266251), np.float64(54794.476648597716), np.float64(54718.62891127348), np.float64(54701.97469346285), np.float64(54661.437874531744), np.float64(54652.05917242289), np.float64(54626.14653024673), np.float64(54682.35293783903), np.float64(54669.16153428793), np.float64(54703.43476739645), np.float64(54640.506585319046), np.float64(54620.764423174856), np.float64(54570.38298685074), np.float64(54484.23476145745), np.float64(54438.53346863032), np.float64(54344.839810886384), np.float64(54323.55013520717)]"
100,"[np.float64(55027.55740151405), np.float64(55068.31713347912), np.float64(55072.48628973246), np.float64(55017.44119337082), np.float64(54972.9479578352), np.float64(54942.35877791882), np.float64(54962.62222946883), np.float64(54953.742924671176), np.float64(54884.24762931824), np.float64(54873.791192269324), np.float64(54843.90899823189), np.float64(54812.20164738894), np.float64(54869.973339746), np.float64(54861.95787124634), np.float64(54863.83853095055), np.float64(54746.82695935011), np.float64(54773.85442425013), np.float64(54775.50856516361), np.float64(54750.03440876484), np.float64(54721.38770152569), np.float64(54725.55917576551), np.float64(54682.51081847429), np.float64(54668.490863530635), np.float64(54661.08373770714), np.float64(54581.748074603085), np.float64(54648.21929902792), np.float64(54566.254652915), np.float64(54486.26982481718), np.float64(54403.07677464247)]","[np.float64(55068.31713347912), np.float64(55090.93406712752), np.float64(55090.1382798554), np.float64(55017.44119337082), np.float64(54975.35076263514), np.float64(54979.807093426134), np.float64(54993.208226712355), np.float64(54960.23020303651), np.float64(54922.42899368182), np.float64(54876.9736099205), np.float64(54857.80645994031), np.float64(54890.43901929856), np.float64(54873.40787341543), np.float64(54873.5494771166), np.float64(54925.2382478899), np.float64(54774.438496694274), np.float64(54796.7723571204), np.float64(54775.50856516361), np.float64(54790.292807520374), np.float64(54725.584452165225), np.float64(54748.601733520074), np.float64(54699.84621889992), np.float64(54684.29365254745), np.float64(54661.09220455487), np.float64(54653.31990016182), np.float64(54648.23358667016), np.float64(54566.26259819792), np.float64(54486.26982481718), np.float64(54452.20701790934)]","[np.float64(55027.55740151405), np.float64(55064.5192485347), np.float64(55000.573658223184), np.float64(54959.75531031741), np.float64(54939.76327903204), np.float64(54942.35328923116), np.float64(54916.7905921827), np.float64(54884.24762931824), np.float64(54865.359185309244), np.float64(54802.07283170891), np.float64(54792.67268076157), np.float64(54780.17506416578), np.float64(54804.39666304059), np.float64(54849.434816725625), np.float64(54733.41264938531), np.float64(54711.78824159974), np.float64(54773.845333993726), np.float64(54639.284840423476), np.float64(54718.75031522611), np.float64(54700.243511065775), np.float64(54682.50171368389), np.float64(54598.73625936723), np.float64(54654.15415669547), np.float64(54570.483361171515), np.float64(54573.513995383066), np.float64(54543.330082609944), np.float64(54438.107982064226), np.float64(54368.58479108325), np.float64(54386.73200288804)]","[np.float64(55068.31713347912), np.float64(55072.48628973246), np.float64(55017.44119337082), np.float64(54972.9479578352), np.float64(54942.35877791882), np.float64(54962.62222946883), np.float64(54953.742924671176), np.float64(54884.24762931824), np.float64(54873.791192269324), np.float64(54843.90899823189), np.float64(54812.20164738894), np.float64(54869.973339746), np.float64(54861.95787124634), np.float64(54863.83853095055), np.float64(54746.82695935011), np.float64(54773.85442425013), np.float64(54775.50856516361), np.float64(54750.03440876484), np.float64(54721.38770152569), np.float64(54725.55917576551), np.float64(54682.51081847429), np.float64(54668.490863530635), np.float64(54661.08373770714), np.float64(54581.748074603085), np.float64(54648.21929902792), np.float64(54566.254652915), np.float64(54486.26982481718), np.float64(54403.07677464247), np.float64(54420.78773673773)]"
101,"[np.float64(55031.43127204418), np.float64(55067.082161788945), np.float64(55053.81619633913), np.float64(55035.36824331761), np.float64(54994.18766802788), np.float64(54997.3081929493), np.float64(54969.861687603), np.float64(54947.15237397671), np.float64(54951.295130939485), np.float64(54892.78219801426), np.float64(54857.919423675536), np.float64(54853.58543282747), np.float64(54826.056767737864), np.float64(54853.74318468571), np.float64(54775.988774697784), np.float64(54779.63110413313), np.float64(54769.373756368164), np.float64(54762.47452713967), np.float64(54730.151750884055), np.float64(54701.79530706406), np.float64(54673.55553523064), np.float64(54625.52479475975), np.float64(54609.068764793876), np.float64(54590.46087070465), np.float64(54609.13250942231), np.float64(54613.75328670978), np.float64(54535.8353298974), np.float64(54462.6629353118), np.float64(54469.38007382393)]","[np.float64(55067.09284135533), np.float64(55073.27095017344), np.float64(55076.01450986741), np.float64(55035.36824331761), np.float64(55003.24488196256), np.float64(55003.31483282573), np.float64(54983.06811357624), np.float64(54952.14492083947), np.float64(54961.03501620937), np.float64(54892.78219801426), np.float64(54883.78078798552), np.float64(54869.88151042049), np.float64(54871.472460679186), np.float64(54858.24310666749), np.float64(54797.73901130767), np.float64(54779.781530817825), np.float64(54773.12801557982), np.float64(54824.49276812252), np.float64(54730.151750884055), np.float64(54732.948307099934), np.float64(54673.55553523064), np.float64(54656.20500683409), np.float64(54613.028572134666), np.float64(54621.11719341786), np.float64(54621.01366182918), np.float64(54622.26746941634), np.float64(54556.8786717178), np.float64(54470.219736462364), np.float64(54484.28807724754)]","[np.float64(55031.43127204418), np.float64(55040.77824174013), np.float64(55028.23863416807), np.float64(54994.18766802788), np.float64(54972.34186148153), np.float64(54969.861687603), np.float64(54931.501834061375), np.float64(54947.14240279933), np.float64(54868.97286973968), np.float64(54857.919423675536), np.float64(54847.02816956804), np.float64(54826.046854610606), np.float64(54826.032938064825), np.float64(54766.69130074567), np.float64(54775.98133705399), np.float64(54736.7570831136), np.float64(54762.46293358207), np.float64(54700.10213237329), np.float64(54701.78459142506), np.float64(54644.88050743607), np.float64(54625.51958083907), np.float64(54549.10259012765), np.float64(54590.45124586472), np.float64(54544.91792868989), np.float64(54609.13250942231), np.float64(54460.677917849156), np.float64(54462.65447160755), np.float64(54449.44160535594), np.float64(54445.75304568104)]","[np.float64(55067.082161788945), np.float64(55053.81619633913), np.float64(55035.36824331761), np.float64(54994.18766802788), np.float64(54997.3081929493), np.float64(54969.861687603), np.float64(54947.15237397671), np.float64(54951.295130939485), np.float64(54892.78219801426), np.float64(54857.919423675536), np.float64(54853.58543282747), np.float64(54826.056767737864), np.float64(54853.74318468571), np.float64(54775.988774697784), np.float64(54779.63110413313), np.float64(54769.373756368164), np.float64(54762.47452713967), np.float64(54730.151750884055), np.float64(54701.79530706406), np.float64(54673.55553523064), np.float64(54625.52479475975), np.float64(54609.068764793876), np.float64(54590.46087070465), np.float64(54609.13250942231), np.float64(54613.75328670978), np.float64(54535.8353298974), np.float64(54462.6629353118), np.float64(54469.38007382393), np.float64(54452.79861503363)]"
102,"[np.float64(55062.70503063679), np.float64(55042.12903724194), np.float64(55064.280360009674), np.float64(55019.53948625088), np.float64(54984.93194797993), np.float64(54992.05512045861), np.float64(54969.23570247412), np.float64(54979.14882924557), np.float64(54925.03273035765), np.float64(54943.79464177132), np.float64(54898.94598164082), np.float64(54880.51386819363), np.float64(54867.71909788609), np.float64(54883.96586518288), np.float64(54896.019652476316), np.float64(54830.07667141676), np.float64(54777.92918694258), np.float64(54787.65030716658), np.float64(54761.447787902354), np.float64(54769.7299536252), np.float64(54724.94799999476), np.float64(54760.988311469555), np.float64(54751.86626197577), np.float64(54605.261214432714), np.float64(54693.14174839497), np.float64(54651.622360746864), np.float64(54547.830909974575), np.float64(54577.81818606615), np.float64(54555.877800068854)]","[np.float64(55096.20755232016), np.float64(55064.280360009674), np.float64(55077.65273485628), np.float64(55019.551454003515), np.float64(54998.10131627091), np.float64(54995.00803419958), np.float64(55003.580918952), np.float64(54990.565571637606), np.float64(54947.645476877486), np.float64(54943.80759940281), np.float64(54901.51394140305), np.float64(54929.71824561081), np.float64(54916.91446563909), np.float64(54914.742959427895), np.float64(54902.62691679741), np.float64(54843.70187864133), np.float64(54787.662023840814), np.float64(54815.95242189716), np.float64(54778.170408238366), np.float64(54777.159598767175), np.float64(54770.122790017565), np.float64(54779.14438569185), np.float64(54751.86626197577), np.float64(54726.70664515819), np.float64(54693.14174839497), np.float64(54693.888483402196), np.float64(54590.45178919107), np.float64(54608.87189804096), np.float64(54561.383032015605)]","[np.float64(55040.403179605986), np.float64(55018.913364485816), np.float64(55018.32692058197), np.float64(54984.93194797993), np.float64(54976.70570384147), np.float64(54945.65151675556), np.float64(54967.996685778584), np.float64(54925.03273035765), np.float64(54911.69293978435), np.float64(54881.620003479635), np.float64(54880.51386819363), np.float64(54860.13137215348), np.float64(54867.662105589625), np.float64(54870.41075396813), np.float64(54826.3220561456), np.float64(54765.9640170961), np.float64(54762.522426853575), np.float64(54761.43694656046), np.float64(54742.9906352381), np.float64(54723.898411679074), np.float64(54716.381727541724), np.float64(54748.55693532712), np.float64(54599.59669979631), np.float64(54586.59108480907), np.float64(54632.78878193585), np.float64(54543.47328239469), np.float64(54488.970459543314), np.float64(54539.26812035073), np.float64(54546.54764689755)]","[np.float64(55042.12903724194), np.float64(55064.280360009674), np.float64(55019.53948625088), np.float64(54984.93194797993), np.float64(54992.05512045861), np.float64(54969.23570247412), np.float64(54979.14882924557), np.float64(54925.03273035765), np.float64(54943.79464177132), np.float64(54898.94598164082), np.float64(54880.51386819363), np.float64(54867.71909788609), np.float64(54883.96586518288), np.float64(54896.019652476316), np.float64(54830.07667141676), np.float64(54777.92918694258), np.float64(54787.65030716658), np.float64(54761.447787902354), np.float64(54769.7299536252), np.float64(54724.94799999476), np.float64(54760.988311469555), np.float64(54751.86626197577), np.float64(54605.261214432714), np.float64(54693.14174839497), np.float64(54651.622360746864), np.float64(54547.830909974575), np.float64(54577.81818606615), np.float64(54555.877800068854), np.float64(54561.36820862055)]"
103,"[np.float64(55086.700955541135), np.float64(55074.454904146194), np.float64(55059.97521521569), np.float64(55109.39880801201), np.float64(55082.80416270018), np.float64(55048.03681213856), np.float64(54996.38151346207), np.float64(54956.06284281492), np.float64(54941.40299482346), np.float64(54962.05406522513), np.float64(54974.61124191761), np.float64(54961.95181626559), np.float64(54969.20080389977), np.float64(54920.53699556351), np.float64(54885.967317738534), np.float64(54916.175060100555), np.float64(54855.04473409891), np.float64(54821.068332037925), np.float64(54741.035083777904), np.float64(54751.3091725564), np.float64(54709.6583035636), np.float64(54698.91495129824), np.float64(54677.70846557856), np.float64(54740.83638082504), np.float64(54668.20175910473), np.float64(54649.22633538008), np.float64(54683.018586292266), np.float64(54593.20935879469), np.float64(54556.673770873545)]","[np.float64(55086.700955541135), np.float64(55074.454904146194), np.float64(55129.62241302242), np.float64(55109.39880801201), np.float64(55099.94446159127), np.float64(55048.03681213856), np.float64(54999.25259458663), np.float64(54956.06284281492), np.float64(55015.717082819356), np.float64(54974.61124191761), np.float64(54985.07561297463), np.float64(54969.20080389977), np.float64(54972.6301477155), np.float64(54923.48970091459), np.float64(54924.56263167004), np.float64(54916.175060100555), np.float64(54869.851813109206), np.float64(54821.068332037925), np.float64(54751.3091725564), np.float64(54781.38043596892), np.float64(54709.6583035636), np.float64(54698.91495129824), np.float64(54848.10683153077), np.float64(54744.965195455676), np.float64(54668.20175910473), np.float64(54683.018586292266), np.float64(54737.78254848804), np.float64(54593.20935879469), np.float64(54574.4986788948)]","[np.float64(55074.454904146194), np.float64(55029.17539915613), np.float64(55056.9293395473), np.float64(55082.80416270018), np.float64(55027.02717739336), np.float64(54996.38151346207), np.float64(54935.61640123488), np.float64(54941.40299482346), np.float64(54928.182277033375), np.float64(54962.05406522513), np.float64(54961.95181626559), np.float64(54954.15724514369), np.float64(54920.53699556351), np.float64(54864.682322388944), np.float64(54885.68905582214), np.float64(54816.81716963133), np.float64(54821.068332037925), np.float64(54713.96702329702), np.float64(54741.02641881901), np.float64(54695.62282763988), np.float64(54696.065398387465), np.float64(54667.1305209542), np.float64(54661.61027233849), np.float64(54661.71205904723), np.float64(54649.22633538008), np.float64(54631.951797067726), np.float64(54593.20935879469), np.float64(54548.08689309559), np.float64(54514.70328308169)]","[np.float64(55074.454904146194), np.float64(55059.97521521569), np.float64(55109.39880801201), np.float64(55082.80416270018), np.float64(55048.03681213856), np.float64(54996.38151346207), np.float64(54956.06284281492), np.float64(54941.40299482346), np.float64(54962.05406522513), np.float64(54974.61124191761), np.float64(54961.95181626559), np.float64(54969.20080389977), np.float64(54920.53699556351), np.float64(54885.967317738534), np.float64(54916.175060100555), np.float64(54855.04473409891), np.float64(54821.068332037925), np.float64(54741.035083777904), np.float64(54751.3091725564), np.float64(54709.6583035636), np.float64(54698.91495129824), np.float64(54677.70846557856), np.float64(54740.83638082504), np.float64(54668.20175910473), np.float64(54649.22633538008), np.float64(54683.018586292266), np.float64(54593.20935879469), np.float64(54556.673770873545), np.float64(54543.99696032286)]"
104,"[np.float64(55139.76198424578), np.float64(55137.79568781853), np.float64(55081.37937367201), np.float64(55065.52756551743), np.float64(55091.08851763249), np.float64(55053.10856657505), np.float64(55028.86757898808), np.float64(54982.64847373486), np.float64(54960.16670911551), np.float64(54920.22265084028), np.float64(54980.80953778744), np.float64(54948.526553633215), np.float64(54943.38989557505), np.float64(54903.20953145504), np.float64(54877.50331885338), np.float64(54865.80044895888), np.float64(54874.99203804731), np.float64(54847.81944143772), np.float64(54818.162993528844), np.float64(54780.69158295155), np.float64(54794.01189230681), np.float64(54766.73846328497), np.float64(54742.286538927554), np.float64(54688.656315763), np.float64(54701.498347239496), np.float64(54738.26573380947), np.float64(54702.95687584877), np.float64(54649.72676290751), np.float64(54613.108757689)]","[np.float64(55142.87150169391), np.float64(55156.04312972756), np.float64(55081.39097826677), np.float64(55114.72517416341), np.float64(55119.711380486864), np.float64(55058.40605121122), np.float64(55034.78119547022), np.float64(54987.261383023615), np.float64(55020.81290058934), np.float64(54980.83968420607), np.float64(54991.6672426462), np.float64(54948.541122631264), np.float64(54995.55168577566), np.float64(54908.64286744224), np.float64(54892.24717275494), np.float64(54899.3847485485), np.float64(54883.13171339299), np.float64(54848.35390622779), np.float64(54841.3476633245), np.float64(54807.30500567117), np.float64(54809.90150354941), np.float64(54792.199905943555), np.float64(54754.38739189553), np.float64(54708.684901424094), np.float64(54781.26040232682), np.float64(54744.28835793684), np.float64(54742.867770174074), np.float64(54682.652757496464), np.float64(54639.205538575276)]","[np.float64(55105.383265267556), np.float64(55068.055114777046), np.float64(55051.435981377464), np.float64(55043.4628914043), np.float64(55053.099863533105), np.float64(55008.50643426158), np.float64(54965.72069389724), np.float64(54958.14729141582), np.float64(54905.83995678062), np.float64(54907.705252900676), np.float64(54948.51659758512), np.float64(54909.24000902918), np.float64(54899.83471897083), np.float64(54855.51957705504), np.float64(54862.407162037576), np.float64(54824.30542088168), np.float64(54826.153898784876), np.float64(54798.30935922577), np.float64(54764.96034593119), np.float64(54777.55827354892), np.float64(54758.54064420684), np.float64(54720.723672312255), np.float64(54657.153765426476), np.float64(54649.965011599415), np.float64(54692.8748972686), np.float64(54693.1024473813), np.float64(54623.34303136456), np.float64(54598.35816015625), np.float64(54573.44990027528)]","[np.float64(55137.79568781853), np.float64(55081.37937367201), np.float64(55065.52756551743), np.float64(55091.08851763249), np.float64(55053.10856657505), np.float64(55028.86757898808), np.float64(54982.64847373486), np.float64(54960.16670911551), np.float64(54920.22265084028), np.float64(54980.80953778744), np.float64(54948.526553633215), np.float64(54943.38989557505), np.float64(54903.20953145504), np.float64(54877.50331885338), np.float64(54865.80044895888), np.float64(54874.99203804731), np.float64(54847.81944143772), np.float64(54818.162993528844), np.float64(54780.69158295155), np.float64(54794.01189230681), np.float64(54766.73846328497), np.float64(54742.286538927554), np.float64(54688.656315763), np.float64(54701.498347239496), np.float64(54738.26573380947), np.float64(54702.95687584877), np.float64(54649.72676290751), np.float64(54613.108757689), np.float64(54629.04671767473)]"
105,"[np.float64(55123.699239320755), np.float64(55049.064195261), np.float64(55070.88443229198), np.float64(55006.72205118656), np.float64(55034.23938389778), np.float64(54988.67626882077), np.float64(54956.30636017323), np.float64(54972.30651946306), np.float64(55109.92563483), np.float64(55014.05294101), np.float64(54960.917607960706), np.float64(54924.734869093896), np.float64(54943.61061939955), np.float64(54943.712739582064), np.float64(54803.87672769308), np.float64(54861.75891073942), np.float64(54760.87215459108), np.float64(54798.66705306053), np.float64(54783.27729687929), np.float64(54816.69686707497), np.float64(54665.12669247389), np.float64(54696.01875595808), np.float64(54551.285740058425), np.float64(54565.32539788723), np.float64(54605.487089338305), np.float64(54570.251376729015), np.float64(54438.94491123199), np.float64(54522.990722880364), np.float64(54463.78059113026)]","[np.float64(55137.67822261366), np.float64(55070.89435044809), np.float64(55095.31130488143), np.float64(55034.23938389778), np.float64(55043.77446244877), np.float64(55001.9137556029), np.float64(54972.31217586443), np.float64(55110.367826317255), np.float64(55109.92563483), np.float64(55050.31815468136), np.float64(54965.92027195881), np.float64(54977.995800673365), np.float64(54944.72820941819), np.float64(54959.577902162164), np.float64(54883.68632673579), np.float64(54875.93475257228), np.float64(54802.1497483416), np.float64(54812.4113252255), np.float64(54826.51245522634), np.float64(54816.70560187717), np.float64(54743.47479617357), np.float64(54696.029407775604), np.float64(54582.625574529055), np.float64(54607.324980033925), np.float64(54605.53494444412), np.float64(54571.96033175727), np.float64(54560.418813088756), np.float64(54525.37766300578), np.float64(54482.67365462439)]","[np.float64(55036.896938396065), np.float64(55049.064195261), np.float64(54998.86032339549), np.float64(55006.72205118656), np.float64(54964.718694906274), np.float64(54956.30636017323), np.float64(54906.30119222401), np.float64(54971.36447080167), np.float64(54998.85725796999), np.float64(54908.26851377248), np.float64(54904.79312440668), np.float64(54924.734869093896), np.float64(54943.61061939955), np.float64(54797.450175754406), np.float64(54789.72639040207), np.float64(54712.57362298005), np.float64(54759.03913494073), np.float64(54777.39969370127), np.float64(54776.315486014355), np.float64(54630.05478294718), np.float64(54647.20208159863), np.float64(54551.27091812667), np.float64(54551.272005639876), np.float64(54557.728920657595), np.float64(54513.18741891471), np.float64(54432.92166019525), np.float64(54407.6616611033), np.float64(54455.02119220617), np.float64(54382.99947446933)]","[np.float64(55049.064195261), np.float64(55070.88443229198), np.float64(55006.72205118656), np.float64(55034.23938389778), np.float64(54988.67626882077), np.float64(54956.30636017323), np.float64(54972.30651946306), np.float64(55109.92563483), np.float64(55014.05294101), np.float64(54960.917607960706), np.float64(54924.734869093896), np.float64(54943.61061939955), np.float64(54943.712739582064), np.float64(54803.87672769308), np.float64(54861.75891073942), np.float64(54760.87215459108), np.float64(54798.66705306053), np.float64(54783.27729687929), np.float64(54816.69686707497), np.float64(54665.12669247389), np.float64(54696.01875595808), np.float64(54551.285740058425), np.float64(54565.32539788723), np.float64(54605.487089338305), np.float64(54570.251376729015), np.float64(54438.94491123199), np.float64(54522.990722880364), np.float64(54463.78059113026), np.float64(54386.56678710222)]"
106,"[np.float64(55011.23684498072), np.float64(55013.83569416523), np.float64(55205.80605527163), np.float64(55051.05070968151), np.float64(54886.56832012415), np.float64(55020.93465656281), np.float64(54959.84038812876), np.float64(54885.46032258272), np.float64(55040.0246918416), np.float64(54939.47945236922), np.float64(55002.42295891285), np.float64(54915.46949076891), np.float64(54870.599582428935), np.float64(54917.624059209826), np.float64(54850.75092168331), np.float64(54856.32271731615), np.float64(54774.69353535891), np.float64(54813.86737823486), np.float64(54593.56903303147), np.float64(54755.414712958336), np.float64(54662.938513228895), np.float64(54699.345581676964), np.float64(54823.646834452156), np.float64(54562.10803264141), np.float64(54683.88139237404), np.float64(54533.2778181386), np.float64(54303.55016145468), np.float64(54691.320970008375), np.float64(54583.873796989916)]","[np.float64(55013.83569416523), np.float64(55229.05630794773), np.float64(55205.81375697941), np.float64(55051.05070968151), np.float64(55020.93465656281), np.float64(55060.72578274362), np.float64(54959.84038812876), np.float64(55083.46728908924), np.float64(55040.0246918416), np.float64(55002.43470744637), np.float64(55004.46269592833), np.float64(54915.46949076891), np.float64(54922.45042997266), np.float64(54956.88275009044), np.float64(54856.32271731615), np.float64(54930.15363899196), np.float64(54813.86737823486), np.float64(54838.23761722503), np.float64(54755.414712958336), np.float64(54767.32473410606), np.float64(54707.459972835524), np.float64(54843.50576697765), np.float64(54823.646834452156), np.float64(54772.37191978222), np.float64(54683.88139237404), np.float64(54555.33041077445), np.float64(54701.74721845863), np.float64(54698.626720794), np.float64(54594.23969650325)]","[np.float64(54990.080767230735), np.float64(55013.827157951506), np.float64(55051.05070968151), np.float64(54851.52140456339), np.float64(54881.771303432855), np.float64(54959.84038812876), np.float64(54876.83266025929), np.float64(54885.46032258272), np.float64(54902.95027685669), np.float64(54939.47945236922), np.float64(54896.88553461323), np.float64(54870.599582428935), np.float64(54870.599582428935), np.float64(54830.39605069367), np.float64(54850.74345110218), np.float64(54753.14855025258), np.float64(54774.69353535891), np.float64(54590.226996542064), np.float64(54580.538869537595), np.float64(54662.938513228895), np.float64(54613.46858026647), np.float64(54699.345581676964), np.float64(54514.85488930857), np.float64(54558.08141076794), np.float64(54525.694141821026), np.float64(54301.144364731146), np.float64(54281.94925450812), np.float64(54583.873796989916), np.float64(54326.987109626454)]","[np.float64(55013.83569416523), np.float64(55205.80605527163), np.float64(55051.05070968151), np.float64(54886.56832012415), np.float64(55020.93465656281), np.float64(54959.84038812876), np.float64(54885.46032258272), np.float64(55040.0246918416), np.float64(54939.47945236922), np.float64(55002.42295891285), np.float64(54915.46949076891), np.float64(54870.599582428935), np.float64(54917.624059209826), np.float64(54850.75092168331), np.float64(54856.32271731615), np.float64(54774.69353535891), np.float64(54813.86737823486), np.float64(54593.56903303147), np.float64(54755.414712958336), np.float64(54662.938513228895), np.float64(54699.345581676964), np.float64(54823.646834452156), np.float64(54562.10803264141), np.float64(54683.88139237404), np.float64(54533.2778181386), np.float64(54303.55016145468), np.float64(54691.320970008375), np.float64(54583.873796989916), np.float64(54386.39860430479)]"
107,"[np.float64(55088.73344336033), np.float64(55067.69848864079), np.float64(55038.02697381973), np.float64(55031.899247760775), np.float64(55053.75219415665), np.float64(55048.03990278721), np.float64(54939.13845080137), np.float64(54991.830275769236), np.float64(55000.98233031035), np.float64(54977.54774446726), np.float64(54978.71536577225), np.float64(55007.57210834265), np.float64(54944.172087237836), np.float64(54966.261081924444), np.float64(54901.250704095364), np.float64(54881.240556957724), np.float64(54815.83496243239), np.float64(54812.11240490914), np.float64(54802.719022219186), np.float64(54791.91089510918), np.float64(54745.400753774644), np.float64(54735.72135730743), np.float64(54671.37920347214), np.float64(54662.14846616745), np.float64(54666.51168940067), np.float64(54611.53651896477), np.float64(54522.10396427155), np.float64(54489.96237729311), np.float64(54429.3538558054)]","[np.float64(55112.85956233276), np.float64(55089.02680930548), np.float64(55057.10222408455), np.float64(55053.75219415665), np.float64(55136.19805186867), np.float64(55048.03990278721), np.float64(55034.45705318516), np.float64(55009.619822704066), np.float64(55008.74000711821), np.float64(54981.9056308754), np.float64(55016.18530540923), np.float64(55039.17130166187), np.float64(54966.261081924444), np.float64(54996.00864867149), np.float64(54909.56917019286), np.float64(54901.99955297368), np.float64(54815.83496243239), np.float64(54846.33411083863), np.float64(54817.04690441828), np.float64(54800.03394440453), np.float64(54754.88971836927), np.float64(54764.742126677935), np.float64(54671.37920347214), np.float64(54700.665850648256), np.float64(54667.857312164255), np.float64(54666.98081281373), np.float64(54522.11585219333), np.float64(54528.543281618906), np.float64(54458.50738537777)]","[np.float64(55038.42856242558), np.float64(55038.01849545172), np.float64(55031.89178317904), np.float64(55021.95165695298), np.float64(55032.364863996176), np.float64(54897.617029609195), np.float64(54939.00093974591), np.float64(54954.21422876948), np.float64(54955.40780715338), np.float64(54972.706199682434), np.float64(54978.70987956847), np.float64(54935.212544322276), np.float64(54944.172087237836), np.float64(54873.58209230689), np.float64(54881.240556957724), np.float64(54778.52913701519), np.float64(54779.13136935436), np.float64(54793.950195921876), np.float64(54783.91347154789), np.float64(54722.13271813937), np.float64(54717.3459305296), np.float64(54658.415401287035), np.float64(54661.78243373202), np.float64(54631.67265129862), np.float64(54570.65312420996), np.float64(54513.152527852035), np.float64(54461.033055566746), np.float64(54363.45675969999), np.float64(54418.41939119871)]","[np.float64(55067.69848864079), np.float64(55038.02697381973), np.float64(55031.899247760775), np.float64(55053.75219415665), np.float64(55048.03990278721), np.float64(54939.13845080137), np.float64(54991.830275769236), np.float64(55000.98233031035), np.float64(54977.54774446726), np.float64(54978.71536577225), np.float64(55007.57210834265), np.float64(54944.172087237836), np.float64(54966.261081924444), np.float64(54901.250704095364), np.float64(54881.240556957724), np.float64(54815.83496243239), np.float64(54812.11240490914), np.float64(54802.719022219186), np.float64(54791.91089510918), np.float64(54745.400753774644), np.float64(54735.72135730743), np.float64(54671.37920347214), np.float64(54662.14846616745), np.float64(54666.51168940067), np.float64(54611.53651896477), np.float64(54522.10396427155), np.float64(54489.96237729311), np.float64(54429.3538558054), np.float64(54435.9526482296)]"
108,"[np.float64(54996.411003401285), np.float64(55021.82656625271), np.float64(55047.55415584087), np.float64(55054.77983483315), np.float64(55031.179126625066), np.float64(54994.43170049429), np.float64(55036.55827182531), np.float64(54976.24207418919), np.float64(54992.949992020134), np.float64(55055.40247175932), np.float64(54948.16224342347), np.float64(54926.36415604115), np.float64(54885.96860550881), np.float64(54924.54685463429), np.float64(54829.12668328762), np.float64(54820.704021828176), np.float64(54611.61816359997), np.float64(54840.955625891685), np.float64(54698.74573828459), np.float64(54734.24196681976), np.float64(54526.38193711281), np.float64(54651.60471829415), np.float64(54703.82843876839), np.float64(54615.58913200855), np.float64(54824.66249886513), np.float64(54664.92116433859), np.float64(54362.31047504902), np.float64(54369.262245304584), np.float64(54238.91529743672)]","[np.float64(55021.82656625271), np.float64(55074.42775516908), np.float64(55054.77983483315), np.float64(55054.77983483315), np.float64(55035.012065865885), np.float64(55036.55827182531), np.float64(55036.55827182531), np.float64(55013.871986241604), np.float64(55055.40247175932), np.float64(55055.411404838946), np.float64(54958.513129852625), np.float64(54926.36415604115), np.float64(54930.81981489695), np.float64(54924.54685463429), np.float64(54829.12668328762), np.float64(54823.6645973091), np.float64(54873.437191863566), np.float64(54864.06193694036), np.float64(54739.112856720756), np.float64(54734.25490001402), np.float64(54654.794324649476), np.float64(54717.0114126069), np.float64(54703.82843876839), np.float64(54855.97761644855), np.float64(54824.66249886513), np.float64(54677.72970369952), np.float64(54371.52635980899), np.float64(54393.15747114687), np.float64(54272.2669127759)]","[np.float64(54949.92188940294), np.float64(55021.82656625271), np.float64(55047.55415584087), np.float64(55031.179126625066), np.float64(54990.91842094496), np.float64(54927.56514506184), np.float64(54976.24207418919), np.float64(54943.35129408335), np.float64(54992.92397676544), np.float64(54948.16224342347), np.float64(54926.36415604115), np.float64(54885.96860550881), np.float64(54885.96860550881), np.float64(54829.12668328762), np.float64(54791.37768095623), np.float64(54611.61816359997), np.float64(54601.05058093675), np.float64(54698.74573828459), np.float64(54687.177299316885), np.float64(54507.74673748413), np.float64(54520.161826542135), np.float64(54646.585758234934), np.float64(54605.85589054042), np.float64(54615.57815501327), np.float64(54579.67373615024), np.float64(54362.31047504902), np.float64(54323.52436480929), np.float64(54222.862948072194), np.float64(54200.70557530039)]","[np.float64(55021.82656625271), np.float64(55047.55415584087), np.float64(55054.77983483315), np.float64(55031.179126625066), np.float64(54994.43170049429), np.float64(55036.55827182531), np.float64(54976.24207418919), np.float64(54992.949992020134), np.float64(55055.40247175932), np.float64(54948.16224342347), np.float64(54926.36415604115), np.float64(54885.96860550881), np.float64(54924.54685463429), np.float64(54829.12668328762), np.float64(54820.704021828176), np.float64(54611.61816359997), np.float64(54840.955625891685), np.float64(54698.74573828459), np.float64(54734.24196681976), np.float64(54526.38193711281), np.float64(54651.60471829415), np.float64(54703.82843876839), np.float64(54615.58913200855), np.float64(54824.66249886513), np.float64(54664.92116433859), np.float64(54362.31047504902), np.float64(54369.262245304584), np.float64(54238.91529743672), np.float64(54209.403466129304)]"
109,"[np.float64(55067.73712174893), np.float64(55020.2145354271), np.float64(54994.99806185961), np.float64(55034.00526726246), np.float64(54975.90029995918), np.float64(54981.16277317286), np.float64(54962.95666340828), np.float64(54908.82266451359), np.float64(54979.37985523224), np.float64(54928.82856200934), np.float64(54948.12850384235), np.float64(54845.1654756856), np.float64(54881.837824809554), np.float64(54870.438096036916), np.float64(54864.301098031996), np.float64(54829.947765612604), np.float64(54842.3089436698), np.float64(54775.853945150375), np.float64(54797.545533931254), np.float64(54722.824853148464), np.float64(54767.73107661009), np.float64(54695.39779313326), np.float64(54626.904898159504), np.float64(54618.813451213835), np.float64(54628.4508663702), np.float64(54587.25638316155), np.float64(54571.01734248638), np.float64(54514.85626440764), np.float64(54445.10496032477)]","[np.float64(55067.73712174893), np.float64(55026.97930972804), np.float64(55034.00526726246), np.float64(55097.3828419503), np.float64(54982.88188108191), np.float64(54981.16277317286), np.float64(54976.20632041304), np.float64(54979.37985523224), np.float64(54997.644431516455), np.float64(54980.60495521736), np.float64(54948.12850384235), np.float64(54893.75244837506), np.float64(54886.42589884303), np.float64(54880.00460842809), np.float64(54874.74256499127), np.float64(54864.10475894149), np.float64(54848.70532498808), np.float64(54807.2840614602), np.float64(54797.55879672493), np.float64(54770.37306643062), np.float64(54784.485410985835), np.float64(54705.493741689235), np.float64(54657.11114613304), np.float64(54637.88059705517), np.float64(54679.58796785035), np.float64(54587.25638316155), np.float64(54584.54714212397), np.float64(54540.13538760365), np.float64(54456.92641172832)]","[np.float64(54997.03781748933), np.float64(54982.46611532736), np.float64(54994.99806185961), np.float64(54936.74522218863), np.float64(54975.90029995918), np.float64(54941.56962830877), np.float64(54908.82266451359), np.float64(54848.970916891914), np.float64(54918.98925478704), np.float64(54927.13093756199), np.float64(54841.50058877189), np.float64(54825.859226085646), np.float64(54870.438096036916), np.float64(54849.266129170435), np.float64(54824.860517482026), np.float64(54820.72579521382), np.float64(54768.318822480265), np.float64(54757.157437051545), np.float64(54713.824213783424), np.float64(54711.5431671632), np.float64(54694.08056368871), np.float64(54602.36010989508), np.float64(54611.754150998495), np.float64(54573.61104765361), np.float64(54578.153174593106), np.float64(54557.816937367126), np.float64(54481.27914582731), np.float64(54445.10496032477), np.float64(54407.327971264705)]","[np.float64(55020.2145354271), np.float64(54994.99806185961), np.float64(55034.00526726246), np.float64(54975.90029995918), np.float64(54981.16277317286), np.float64(54962.95666340828), np.float64(54908.82266451359), np.float64(54979.37985523224), np.float64(54928.82856200934), np.float64(54948.12850384235), np.float64(54845.1654756856), np.float64(54881.837824809554), np.float64(54870.438096036916), np.float64(54864.301098031996), np.float64(54829.947765612604), np.float64(54842.3089436698), np.float64(54775.853945150375), np.float64(54797.545533931254), np.float64(54722.824853148464), np.float64(54767.73107661009), np.float64(54695.39779313326), np.float64(54626.904898159504), np.float64(54618.813451213835), np.float64(54628.4508663702), np.float64(54587.25638316155), np.float64(54571.01734248638), np.float64(54514.85626440764), np.float64(54445.10496032477), np.float64(54441.66725758553)]"
110,"[np.float64(55130.600013873576), np.float64(55130.43711093426), np.float64(55058.04536268711), np.float64(55042.924621715545), np.float64(55041.027220997814), np.float64(55030.413547198776), np.float64(55014.1602122736), np.float64(54990.77121349812), np.float64(54963.27590165853), np.float64(54972.40670799017), np.float64(54979.14264794827), np.float64(54957.04257843733), np.float64(54933.39769970894), np.float64(54879.0342201519), np.float64(54874.03921682358), np.float64(54875.47417923689), np.float64(54838.95932441712), np.float64(54861.74783591509), np.float64(54837.86253047705), np.float64(54797.351466951375), np.float64(54713.38202008009), np.float64(54732.371351723676), np.float64(54661.12687801123), np.float64(54674.528832001684), np.float64(54721.07580356598), np.float64(54726.863944604396), np.float64(54722.52737821579), np.float64(54726.05329321861), np.float64(54655.80877312183)]","[np.float64(55130.61498294844), np.float64(55141.90035082108), np.float64(55063.59724340484), np.float64(55042.93014882969), np.float64(55049.52700274773), np.float64(55067.87693661315), np.float64(55014.16797689375), np.float64(54993.96366267058), np.float64(54978.21092544347), np.float64(54979.14833320563), np.float64(54988.97495591159), np.float64(54965.358370804475), np.float64(54933.39769970894), np.float64(54881.766320292925), np.float64(54890.567506428175), np.float64(54881.57520380679), np.float64(54861.74783591509), np.float64(54861.756323382695), np.float64(54860.87228864442), np.float64(54797.361278702076), np.float64(54740.42206521657), np.float64(54732.371351723676), np.float64(54689.716767904094), np.float64(54721.08550758976), np.float64(54726.87505900182), np.float64(54744.74696531038), np.float64(54764.183700811685), np.float64(54728.81140706867), np.float64(54677.841255602936)]","[np.float64(55130.42290949868), np.float64(55058.04536268711), np.float64(55042.915623412766), np.float64(55041.027220997814), np.float64(55030.39978577501), np.float64(55014.151257738275), np.float64(54990.77121349812), np.float64(54963.26738948904), np.float64(54957.777991903255), np.float64(54968.005141845126), np.float64(54957.04257843733), np.float64(54924.751227197674), np.float64(54879.02569134473), np.float64(54867.70983063847), np.float64(54873.39610610439), np.float64(54831.36716323006), np.float64(54827.5501160046), np.float64(54832.43497744367), np.float64(54785.934601968635), np.float64(54704.650766252526), np.float64(54710.346140741996), np.float64(54628.3809550779), np.float64(54651.91960191582), np.float64(54647.03798422536), np.float64(54705.51996124127), np.float64(54722.51889533327), np.float64(54722.521842643524), np.float64(54619.14795533838), np.float64(54640.066815027305)]","[np.float64(55130.43711093426), np.float64(55058.04536268711), np.float64(55042.924621715545), np.float64(55041.027220997814), np.float64(55030.413547198776), np.float64(55014.1602122736), np.float64(54990.77121349812), np.float64(54963.27590165853), np.float64(54972.40670799017), np.float64(54979.14264794827), np.float64(54957.04257843733), np.float64(54933.39769970894), np.float64(54879.0342201519), np.float64(54874.03921682358), np.float64(54875.47417923689), np.float64(54838.95932441712), np.float64(54861.74783591509), np.float64(54837.86253047705), np.float64(54797.351466951375), np.float64(54713.38202008009), np.float64(54732.371351723676), np.float64(54661.12687801123), np.float64(54674.528832001684), np.float64(54721.07580356598), np.float64(54726.863944604396), np.float64(54722.52737821579), np.float64(54726.05329321861), np.float64(54655.80877312183), np.float64(54664.89309094667)]"
111,"[np.float64(55054.999270887376), np.float64(54992.50712782383), np.float64(55029.2075503397), np.float64(54905.48605174065), np.float64(54976.57406136513), np.float64(54927.49159891367), np.float64(54940.934117667675), np.float64(54852.04783512354), np.float64(54987.87179873228), np.float64(54797.548238248826), np.float64(54926.89626271725), np.float64(54873.87360956669), np.float64(54788.25993761301), np.float64(54827.27899050236), np.float64(54721.72638510704), np.float64(54804.12217670679), np.float64(54745.2605155921), np.float64(54789.88858067513), np.float64(54683.95131829977), np.float64(54823.22882422209), np.float64(54583.470724895), np.float64(54674.25801391363), np.float64(54567.72889232159), np.float64(54717.17192798853), np.float64(54580.39385538578), np.float64(54707.65556323767), np.float64(54528.32028892517), np.float64(54554.18760158777), np.float64(54456.487561752794)]","[np.float64(55066.229710344065), np.float64(55032.34459242116), np.float64(55029.2075503397), np.float64(54999.037135875995), np.float64(54976.57406136513), np.float64(54940.934117667675), np.float64(54940.934117667675), np.float64(55017.83452787705), np.float64(54987.87179873228), np.float64(54961.13043907667), np.float64(54928.523290235404), np.float64(54873.87360956669), np.float64(54827.28772729841), np.float64(54827.30307279043), np.float64(54804.130287378226), np.float64(54826.072279496184), np.float64(54791.71944803063), np.float64(54801.36481890301), np.float64(54823.22882422209), np.float64(54831.36111393146), np.float64(54686.279190422414), np.float64(54701.236743376125), np.float64(54717.17192798853), np.float64(54728.77047567431), np.float64(54710.05032474606), np.float64(54725.18139624285), np.float64(54554.18760158777), np.float64(54558.80273885946), np.float64(54468.42892283024)]","[np.float64(54992.50712782383), np.float64(54990.779446336725), np.float64(54905.47857288761), np.float64(54905.48056986171), np.float64(54915.25758727177), np.float64(54927.480473575044), np.float64(54852.03984683485), np.float64(54849.99317646878), np.float64(54761.31158697699), np.float64(54797.548238248826), np.float64(54835.417920249485), np.float64(54788.25993761301), np.float64(54754.888791983554), np.float64(54709.61169746814), np.float64(54700.54375614005), np.float64(54744.77057975348), np.float64(54724.26552216317), np.float64(54683.95131829977), np.float64(54674.85967015623), np.float64(54583.470724895), np.float64(54555.07504681522), np.float64(54567.72889232159), np.float64(54536.41801023004), np.float64(54580.39385538578), np.float64(54555.3921893983), np.float64(54528.32028892517), np.float64(54487.00157131819), np.float64(54456.487561752794), np.float64(54305.80980309751)]","[np.float64(54992.50712782383), np.float64(55029.2075503397), np.float64(54905.48605174065), np.float64(54976.57406136513), np.float64(54927.49159891367), np.float64(54940.934117667675), np.float64(54852.04783512354), np.float64(54987.87179873228), np.float64(54797.548238248826), np.float64(54926.89626271725), np.float64(54873.87360956669), np.float64(54788.25993761301), np.float64(54827.27899050236), np.float64(54721.72638510704), np.float64(54804.12217670679), np.float64(54745.2605155921), np.float64(54789.88858067513), np.float64(54683.95131829977), np.float64(54823.22882422209), np.float64(54583.470724895), np.float64(54674.25801391363), np.float64(54567.72889232159), np.float64(54717.17192798853), np.float64(54580.39385538578), np.float64(54707.65556323767), np.float64(54528.32028892517), np.float64(54554.18760158777), np.float64(54456.487561752794), np.float64(54325.27626247883)]"
112,"[np.float64(55076.31083866119), np.float64(55045.959896245), np.float64(55028.797137954236), np.float64(55045.99852935314), np.float64(55055.06906803608), np.float64(54978.11513604879), np.float64(54917.68831894636), np.float64(54884.67452516317), np.float64(54850.815825304984), np.float64(54818.597744772436), np.float64(54856.446987147334), np.float64(54888.08647249699), np.float64(54923.24685054541), np.float64(54895.30210688114), np.float64(54865.123468127254), np.float64(54827.44524164438), np.float64(54799.97259456158), np.float64(54769.06739582062), np.float64(54748.54561755419), np.float64(54749.01088895321), np.float64(54683.7079297185), np.float64(54622.14272369623), np.float64(54666.70060529948), np.float64(54648.12825366974), np.float64(54602.65528251171), np.float64(54610.674227991105), np.float64(54559.20848909855), np.float64(54523.732864887716), np.float64(54493.02224823475)]","[np.float64(55088.81503775306), np.float64(55053.631500286676), np.float64(55047.3694747627), np.float64(55076.722592240876), np.float64(55055.22057127547), np.float64(54986.06476555164), np.float64(54923.60761964519), np.float64(54884.67452516317), np.float64(54905.37642132548), np.float64(54856.446987147334), np.float64(54904.48804484416), np.float64(54923.24685054541), np.float64(54948.79243173796), np.float64(54899.986221498744), np.float64(54874.5741017561), np.float64(54835.429059171795), np.float64(54801.79429069285), np.float64(54769.07585764044), np.float64(54757.98746057137), np.float64(54749.01960071548), np.float64(54800.36809067935), np.float64(54666.91021788776), np.float64(54689.53360646846), np.float64(54648.14655531075), np.float64(54677.679990745266), np.float64(54616.52115899166), np.float64(54561.12991963748), np.float64(54545.880777339), np.float64(54538.42945863488)]","[np.float64(55045.959896245), np.float64(54989.57613303326), np.float64(55028.797137954236), np.float64(55042.618167362394), np.float64(54972.41635071757), np.float64(54902.24611466413), np.float64(54884.67452516317), np.float64(54843.08617930687), np.float64(54811.015710693224), np.float64(54803.31213072198), np.float64(54856.42521215789), np.float64(54871.34076680352), np.float64(54892.67298899533), np.float64(54844.51209280852), np.float64(54809.95621991175), np.float64(54799.963324366996), np.float64(54761.55223408909), np.float64(54727.9730075132), np.float64(54743.89367826329), np.float64(54663.426518863525), np.float64(54622.13529512752), np.float64(54595.873261582805), np.float64(54645.70702367231), np.float64(54568.49337667454), np.float64(54590.66754619664), np.float64(54559.20848909855), np.float64(54492.54155286929), np.float64(54473.73229327233), np.float64(54475.06585575075)]","[np.float64(55045.959896245), np.float64(55028.797137954236), np.float64(55045.99852935314), np.float64(55055.06906803608), np.float64(54978.11513604879), np.float64(54917.68831894636), np.float64(54884.67452516317), np.float64(54850.815825304984), np.float64(54818.597744772436), np.float64(54856.446987147334), np.float64(54888.08647249699), np.float64(54923.24685054541), np.float64(54895.30210688114), np.float64(54865.123468127254), np.float64(54827.44524164438), np.float64(54799.97259456158), np.float64(54769.06739582062), np.float64(54748.54561755419), np.float64(54749.01088895321), np.float64(54683.7079297185), np.float64(54622.14272369623), np.float64(54666.70060529948), np.float64(54648.12825366974), np.float64(54602.65528251171), np.float64(54610.674227991105), np.float64(54559.20848909855), np.float64(54523.732864887716), np.float64(54493.02224823475), np.float64(54527.37712597847)]"
113,"[np.float64(55100.20232539654), np.float64(55108.12082479477), np.float64(55048.30981943607), np.float64(55004.03344441414), np.float64(55064.75528968573), np.float64(54945.09528974533), np.float64(55039.860887463095), np.float64(54893.30078310252), np.float64(54937.97366259098), np.float64(54880.89517697096), np.float64(54985.855536818504), np.float64(54915.515979275704), np.float64(54821.114949321745), np.float64(54764.78066614151), np.float64(54764.993019459245), np.float64(54899.02389174223), np.float64(54759.47865838051), np.float64(54796.92186678886), np.float64(54684.42186955691), np.float64(54802.778002097606), np.float64(54609.94251692295), np.float64(54673.41684237242), np.float64(54630.033020925526), np.float64(54612.34498114109), np.float64(54584.20720071316), np.float64(54610.87370360613), np.float64(54380.18021921873), np.float64(54487.383488547806), np.float64(54436.90083348036)]","[np.float64(55108.12082479477), np.float64(55140.675720397776), np.float64(55049.82661715604), np.float64(55064.768829526154), np.float64(55067.93097012816), np.float64(55046.75832282059), np.float64(55039.860887463095), np.float64(54961.562330736844), np.float64(54937.97366259098), np.float64(55031.08158251838), np.float64(54988.737094003074), np.float64(54915.515979275704), np.float64(54821.1243826558), np.float64(54779.45658479329), np.float64(54899.02389174223), np.float64(54977.219148507254), np.float64(54796.92186678886), np.float64(54811.69311285768), np.float64(54802.78695745009), np.float64(54818.11189894991), np.float64(54679.40700377267), np.float64(54677.15666658463), np.float64(54630.038504768796), np.float64(54676.15900883265), np.float64(54610.882098060654), np.float64(54669.59467067737), np.float64(54487.39493949328), np.float64(54490.06171479859), np.float64(54449.83292730024)]","[np.float64(55100.20232539654), np.float64(55037.6811888002), np.float64(55004.022711458514), np.float64(55000.35552102471), np.float64(54930.436275279026), np.float64(54945.086747617075), np.float64(54893.30078310252), np.float64(54884.98161549312), np.float64(54840.666029651504), np.float64(54880.89517697096), np.float64(54894.953671961564), np.float64(54821.114949321745), np.float64(54764.78066614151), np.float64(54757.658744933484), np.float64(54741.98290902042), np.float64(54743.25191154855), np.float64(54709.02112719429), np.float64(54684.42186955691), np.float64(54655.69379206936), np.float64(54609.94251692295), np.float64(54566.83823161772), np.float64(54630.033020925526), np.float64(54531.024205611735), np.float64(54584.19637196505), np.float64(54572.547158805406), np.float64(54380.18021921873), np.float64(54355.96495060937), np.float64(54436.89660012704), np.float64(54334.3087097918)]","[np.float64(55108.12082479477), np.float64(55048.30981943607), np.float64(55004.03344441414), np.float64(55064.75528968573), np.float64(54945.09528974533), np.float64(55039.860887463095), np.float64(54893.30078310252), np.float64(54937.97366259098), np.float64(54880.89517697096), np.float64(54985.855536818504), np.float64(54915.515979275704), np.float64(54821.114949321745), np.float64(54764.78066614151), np.float64(54764.993019459245), np.float64(54899.02389174223), np.float64(54759.47865838051), np.float64(54796.92186678886), np.float64(54684.42186955691), np.float64(54802.778002097606), np.float64(54609.94251692295), np.float64(54673.41684237242), np.float64(54630.033020925526), np.float64(54612.34498114109), np.float64(54584.20720071316), np.float64(54610.87370360613), np.float64(54380.18021921873), np.float64(54487.383488547806), np.float64(54436.90083348036), np.float64(54355.05556367159)]"
114,"[np.float64(55104.51287882567), np.float64(55061.73224897385), np.float64(55021.31944231987), np.float64(54933.8123617363), np.float64(55031.29528350353), np.float64(54957.662511045935), np.float64(55032.750077579025), np.float64(54947.188045213225), np.float64(54919.07447486639), np.float64(54858.21148997307), np.float64(54938.686057105064), np.float64(54929.783057334425), np.float64(54897.1326723218), np.float64(54788.79732414723), np.float64(54732.34533876419), np.float64(54824.588194520475), np.float64(54802.6730488205), np.float64(54890.75730803967), np.float64(54782.1865554595), np.float64(54718.33001979351), np.float64(54716.17995854855), np.float64(54675.4316877389), np.float64(54693.103759171965), np.float64(54612.68289206028), np.float64(54583.24935718536), np.float64(54612.84618133068), np.float64(54554.20704691887), np.float64(54550.25127419949), np.float64(54594.898140728474)]","[np.float64(55104.52460043145), np.float64(55061.73224897385), np.float64(55039.61647138022), np.float64(55031.29528350353), np.float64(55055.27534107787), np.float64(55032.750077579025), np.float64(55032.750077579025), np.float64(54956.97491525303), np.float64(54922.47519234474), np.float64(54938.69723640233), np.float64(54951.93191378794), np.float64(54929.783057334425), np.float64(54910.07146835411), np.float64(54802.639614426356), np.float64(54826.86797539803), np.float64(54824.60186865142), np.float64(54955.24915410975), np.float64(54897.72686992756), np.float64(54819.46858418264), np.float64(54730.963448988325), np.float64(54716.17995854855), np.float64(54725.550966917326), np.float64(54693.11245889749), np.float64(54620.14755550801), np.float64(54651.65793670512), np.float64(54638.40099163738), np.float64(54554.20704691887), np.float64(54632.223936592025), np.float64(54657.96281090445)]","[np.float64(55039.86100415552), np.float64(55012.32907722769), np.float64(54933.8123617363), np.float64(54887.32135063187), np.float64(54955.047603884974), np.float64(54957.65316527378), np.float64(54938.60231025456), np.float64(54830.58314432659), np.float64(54848.672603038176), np.float64(54858.21148997307), np.float64(54922.49252962687), np.float64(54892.978329481964), np.float64(54767.455752331094), np.float64(54732.33367160238), np.float64(54732.33986462052), np.float64(54776.98815645047), np.float64(54769.04310873062), np.float64(54782.1865554595), np.float64(54678.169178195545), np.float64(54709.66209940669), np.float64(54661.04485422689), np.float64(54652.15952555991), np.float64(54592.78799926959), np.float64(54575.1077871509), np.float64(54567.99583609871), np.float64(54554.20147306685), np.float64(54532.59768319375), np.float64(54544.99934957178), np.float64(54585.40792996318)]","[np.float64(55061.73224897385), np.float64(55021.31944231987), np.float64(54933.8123617363), np.float64(55031.29528350353), np.float64(54957.662511045935), np.float64(55032.750077579025), np.float64(54947.188045213225), np.float64(54919.07447486639), np.float64(54858.21148997307), np.float64(54938.686057105064), np.float64(54929.783057334425), np.float64(54897.1326723218), np.float64(54788.79732414723), np.float64(54732.34533876419), np.float64(54824.588194520475), np.float64(54802.6730488205), np.float64(54890.75730803967), np.float64(54782.1865554595), np.float64(54718.33001979351), np.float64(54716.17995854855), np.float64(54675.4316877389), np.float64(54693.103759171965), np.float64(54612.68289206028), np.float64(54583.24935718536), np.float64(54612.84618133068), np.float64(54554.20704691887), np.float64(54550.25127419949), np.float64(54594.898140728474), np.float64(54626.869098145966)]"
115,"[np.float64(55005.52918958426), np.float64(55009.679544391634), np.float64(54995.13791371107), np.float64(54980.004166259765), np.float64(55018.58383193255), np.float64(54979.75099062443), np.float64(54874.48220979691), np.float64(54959.61541466236), np.float64(54896.96526218653), np.float64(54873.82557573557), np.float64(54817.46540837288), np.float64(54829.41836325407), np.float64(54830.23712759257), np.float64(54840.478893337255), np.float64(54779.81100564003), np.float64(54755.05619771481), np.float64(54742.80396502256), np.float64(54719.94642903805), np.float64(54687.61206285), np.float64(54721.166977701185), np.float64(54683.64688940764), np.float64(54594.57516794443), np.float64(54528.27779250622), np.float64(54535.812922694684), np.float64(54525.863480801585), np.float64(54568.490994768144), np.float64(54510.63147647858), np.float64(54487.365459764005), np.float64(54428.073425824645)]","[np.float64(55009.679544391634), np.float64(55031.998825400435), np.float64(54997.99465904786), np.float64(55018.58383193255), np.float64(55024.12891646574), np.float64(54979.75099062443), np.float64(54980.697482877025), np.float64(54959.61541466236), np.float64(54903.58119702437), np.float64(54873.83303664098), np.float64(54831.71799650461), np.float64(54883.96870577591), np.float64(54840.478893337255), np.float64(54844.70283870403), np.float64(54813.18422545508), np.float64(54755.05619771481), np.float64(54747.845212877146), np.float64(54719.94642903805), np.float64(54728.01005858683), np.float64(54721.166977701185), np.float64(54683.64688940764), np.float64(54611.91147369531), np.float64(54535.812922694684), np.float64(54539.319785035754), np.float64(54568.490994768144), np.float64(54574.75917865861), np.float64(54510.63147647858), np.float64(54488.559267938675), np.float64(54431.07165959615)]","[np.float64(54992.248128945146), np.float64(54995.13791371107), np.float64(54961.5595620755), np.float64(54978.82131351061), np.float64(54979.75099062443), np.float64(54868.08201438201), np.float64(54846.908167908055), np.float64(54896.688898639666), np.float64(54871.12341809654), np.float64(54810.57533119048), np.float64(54817.45527939031), np.float64(54829.41836325407), np.float64(54830.22862903534), np.float64(54777.992447370845), np.float64(54753.45476309235), np.float64(54726.03069472594), np.float64(54715.476516239374), np.float64(54687.60359757614), np.float64(54682.70673195875), np.float64(54649.2111014761), np.float64(54587.34615417543), np.float64(54528.26855005308), np.float64(54518.7548949356), np.float64(54519.02212692639), np.float64(54505.6905587075), np.float64(54498.05506622339), np.float64(54482.6031656943), np.float64(54396.91231844958), np.float64(54389.58287225136)]","[np.float64(55009.679544391634), np.float64(54995.13791371107), np.float64(54980.004166259765), np.float64(55018.58383193255), np.float64(54979.75099062443), np.float64(54874.48220979691), np.float64(54959.61541466236), np.float64(54896.96526218653), np.float64(54873.82557573557), np.float64(54817.46540837288), np.float64(54829.41836325407), np.float64(54830.23712759257), np.float64(54840.478893337255), np.float64(54779.81100564003), np.float64(54755.05619771481), np.float64(54742.80396502256), np.float64(54719.94642903805), np.float64(54687.61206285), np.float64(54721.166977701185), np.float64(54683.64688940764), np.float64(54594.57516794443), np.float64(54528.27779250622), np.float64(54535.812922694684), np.float64(54525.863480801585), np.float64(54568.490994768144), np.float64(54510.63147647858), np.float64(54487.365459764005), np.float64(54428.073425824645), np.float64(54389.595880334375)]"
116,"[np.float64(55026.217347769736), np.float64(55036.42550271034), np.float64(55030.9880215168), np.float64(54968.63186699391), np.float64(54925.15043256045), np.float64(54925.27830814839), np.float64(54876.950736629966), np.float64(54962.87154179335), np.float64(54895.43745153666), np.float64(54925.38377653361), np.float64(54784.9690406847), np.float64(54816.47781735182), np.float64(54802.511304874424), np.float64(54758.44947237969), np.float64(54700.86811246872), np.float64(54711.74436262608), np.float64(54704.72047723532), np.float64(54715.69021951437), np.float64(54671.974282114505), np.float64(54643.77404482842), np.float64(54674.68169033289), np.float64(54622.33988132477), np.float64(54621.95432290554), np.float64(54621.371735634806), np.float64(54621.211279459), np.float64(54619.89092859984), np.float64(54528.5183479929), np.float64(54532.10504575253), np.float64(54485.97363765478)]","[np.float64(55036.43103042176), np.float64(55036.43395834726), np.float64(55054.16468923318), np.float64(54968.63186699391), np.float64(54931.81823228781), np.float64(54931.7808349985), np.float64(54962.88353220137), np.float64(54979.613867923006), np.float64(54944.568105048675), np.float64(54925.38377653361), np.float64(54816.47781735182), np.float64(54839.47465562661), np.float64(54824.3531060279), np.float64(54758.71137138476), np.float64(54711.74436262608), np.float64(54724.98352062151), np.float64(54729.51759912511), np.float64(54728.483556031766), np.float64(54678.99874636682), np.float64(54703.71154545695), np.float64(54675.78829913272), np.float64(54639.744370570916), np.float64(54671.273419333345), np.float64(54621.371735634806), np.float64(54683.07131592609), np.float64(54619.89092859984), np.float64(54596.37578373723), np.float64(54532.10504575253), np.float64(54525.38385480813)]","[np.float64(55026.217347769736), np.float64(55024.53245996566), np.float64(54964.578919679254), np.float64(54924.84163864724), np.float64(54913.12932868918), np.float64(54876.950736629966), np.float64(54853.58249871767), np.float64(54894.21242805393), np.float64(54873.20309280796), np.float64(54784.9690406847), np.float64(54775.073799173166), np.float64(54762.63611667717), np.float64(54755.424525946015), np.float64(54681.677071124446), np.float64(54700.8561962558), np.float64(54652.3631509617), np.float64(54704.714818451), np.float64(54658.65571048571), np.float64(54638.80583581705), np.float64(54623.965692550424), np.float64(54622.328793219545), np.float64(54621.41939872738), np.float64(54607.10229396203), np.float64(54605.950570221605), np.float64(54619.89092859984), np.float64(54511.55893692007), np.float64(54504.67796236935), np.float64(54470.651389606755), np.float64(54400.07330579955)]","[np.float64(55036.42550271034), np.float64(55030.9880215168), np.float64(54968.63186699391), np.float64(54925.15043256045), np.float64(54925.27830814839), np.float64(54876.950736629966), np.float64(54962.87154179335), np.float64(54895.43745153666), np.float64(54925.38377653361), np.float64(54784.9690406847), np.float64(54816.47781735182), np.float64(54802.511304874424), np.float64(54758.44947237969), np.float64(54700.86811246872), np.float64(54711.74436262608), np.float64(54704.72047723532), np.float64(54715.69021951437), np.float64(54671.974282114505), np.float64(54643.77404482842), np.float64(54674.68169033289), np.float64(54622.33988132477), np.float64(54621.95432290554), np.float64(54621.371735634806), np.float64(54621.211279459), np.float64(54619.89092859984), np.float64(54528.5183479929), np.float64(54532.10504575253), np.float64(54485.97363765478), np.float64(54409.44673028946)]"
117,"[np.float64(55121.70190762997), np.float64(55128.53893755436), np.float64(55130.220765528684), np.float64(55078.35530274391), np.float64(55073.42494548321), np.float64(55043.0051073575), np.float64(55012.73349159003), np.float64(54997.304329638486), np.float64(54964.462066855434), np.float64(54932.69934189082), np.float64(54931.954366788865), np.float64(54928.70570872545), np.float64(54900.57552614212), np.float64(54883.461574344634), np.float64(54890.43819856644), np.float64(54855.57246235609), np.float64(54811.337038428785), np.float64(54792.38633989334), np.float64(54757.9592182374), np.float64(54760.4711429286), np.float64(54714.57449535131), np.float64(54698.38902591944), np.float64(54676.48740180731), np.float64(54661.95427041054), np.float64(54658.84250232697), np.float64(54651.62184563875), np.float64(54606.7430516839), np.float64(54578.903647627834), np.float64(54542.74267207861)]","[np.float64(55128.547489825636), np.float64(55131.65400338439), np.float64(55130.53397138474), np.float64(55120.82981329231), np.float64(55083.476327234835), np.float64(55049.04572564163), np.float64(55018.119488122844), np.float64(54997.30998054704), np.float64(54990.22316654498), np.float64(54932.69934189082), np.float64(54938.01631481016), np.float64(54949.24174818739), np.float64(54910.740879935205), np.float64(54892.72211942138), np.float64(54906.94071582606), np.float64(54855.57797141542), np.float64(54842.414503701424), np.float64(54792.39209440711), np.float64(54786.376596456976), np.float64(54763.03891318065), np.float64(54731.32008147662), np.float64(54719.506667279806), np.float64(54677.453732060254), np.float64(54666.22283950562), np.float64(54687.167040337), np.float64(54651.62184563875), np.float64(54644.39811308438), np.float64(54586.91292117252), np.float64(54551.12195370194)]","[np.float64(55117.09458122603), np.float64(55120.73270342025), np.float64(55074.19019269416), np.float64(55073.4103965825), np.float64(55042.99727155936), np.float64(54997.36134760901), np.float64(54963.44234699014), np.float64(54962.1590497797), np.float64(54928.369827036375), np.float64(54923.50843026233), np.float64(54922.27362947418), np.float64(54898.5215473194), np.float64(54866.449326714544), np.float64(54870.81342135504), np.float64(54836.45445234753), np.float64(54799.05439573787), np.float64(54781.807107368106), np.float64(54748.618979437066), np.float64(54748.60470216761), np.float64(54682.10490207981), np.float64(54694.87736366986), np.float64(54655.6412329325), np.float64(54646.41574322453), np.float64(54631.77865458945), np.float64(54641.47916103438), np.float64(54597.467910003965), np.float64(54554.950058837334), np.float64(54525.63755251091), np.float64(54509.669475925126)]","[np.float64(55128.53893755436), np.float64(55130.220765528684), np.float64(55078.35530274391), np.float64(55073.42494548321), np.float64(55043.0051073575), np.float64(55012.73349159003), np.float64(54997.304329638486), np.float64(54964.462066855434), np.float64(54932.69934189082), np.float64(54931.954366788865), np.float64(54928.70570872545), np.float64(54900.57552614212), np.float64(54883.461574344634), np.float64(54890.43819856644), np.float64(54855.57246235609), np.float64(54811.337038428785), np.float64(54792.38633989334), np.float64(54757.9592182374), np.float64(54760.4711429286), np.float64(54714.57449535131), np.float64(54698.38902591944), np.float64(54676.48740180731), np.float64(54661.95427041054), np.float64(54658.84250232697), np.float64(54651.62184563875), np.float64(54606.7430516839), np.float64(54578.903647627834), np.float64(54542.74267207861), np.float64(54529.43356632471)]"
118,"[np.float64(55035.821924784184), np.float64(55055.630278320314), np.float64(55122.17864018441), np.float64(55029.20420213699), np.float64(54965.00602101803), np.float64(54984.26050456047), np.float64(54977.55160777808), np.float64(54966.241765370374), np.float64(54894.825245549684), np.float64(54723.37692026377), np.float64(54848.40151360035), np.float64(54873.42546551228), np.float64(54727.6139420104), np.float64(54836.917435874944), np.float64(54852.04847900868), np.float64(54875.5923965478), np.float64(54810.4157675767), np.float64(54885.53346793413), np.float64(54742.47455338717), np.float64(54853.63372421265), np.float64(54615.743535664085), np.float64(54601.1961100173), np.float64(54636.158428997995), np.float64(54562.99916966915), np.float64(54585.4249162817), np.float64(54517.64274172068), np.float64(54467.01727293015), np.float64(54670.087441113), np.float64(54544.32057699204)]","[np.float64(55055.630278320314), np.float64(55124.462529711396), np.float64(55131.37857066101), np.float64(55040.19413187242), np.float64(54984.26050456047), np.float64(55002.63487427079), np.float64(54977.55160777808), np.float64(54974.838903567346), np.float64(54894.825245549684), np.float64(54862.324952417286), np.float64(54875.384974171175), np.float64(54873.83510727873), np.float64(54839.23013656265), np.float64(54892.50310244381), np.float64(54875.5923965478), np.float64(54917.3058663894), np.float64(54885.53346793413), np.float64(54928.83968900571), np.float64(54853.63372421265), np.float64(54888.693970306245), np.float64(54615.743535664085), np.float64(54659.86510317953), np.float64(54636.158428997995), np.float64(54700.499298155846), np.float64(54588.44821110816), np.float64(54547.809297074025), np.float64(54672.68353711584), np.float64(54676.51011644747), np.float64(54547.38503214221)]","[np.float64(55019.944020781775), np.float64(55055.62251948657), np.float64(55029.20420213699), np.float64(54963.699670883005), np.float64(54939.18349692075), np.float64(54977.55160777808), np.float64(54896.291680783885), np.float64(54894.825245549684), np.float64(54720.949418890385), np.float64(54723.37692026377), np.float64(54788.43440879913), np.float64(54722.51092742298), np.float64(54718.40699196102), np.float64(54811.53028726844), np.float64(54852.04847900868), np.float64(54782.59745866424), np.float64(54810.4157675767), np.float64(54691.80467836573), np.float64(54716.64597477505), np.float64(54615.743535664085), np.float64(54438.86507528842), np.float64(54601.1961100173), np.float64(54542.223052644054), np.float64(54549.82660956288), np.float64(54517.63085451678), np.float64(54440.1652086556), np.float64(54439.82292997596), np.float64(54544.32057699204), np.float64(54386.056293663205)]","[np.float64(55055.630278320314), np.float64(55122.17864018441), np.float64(55029.20420213699), np.float64(54965.00602101803), np.float64(54984.26050456047), np.float64(54977.55160777808), np.float64(54966.241765370374), np.float64(54894.825245549684), np.float64(54723.37692026377), np.float64(54848.40151360035), np.float64(54873.42546551228), np.float64(54727.6139420104), np.float64(54836.917435874944), np.float64(54852.04847900868), np.float64(54875.5923965478), np.float64(54810.4157675767), np.float64(54885.53346793413), np.float64(54742.47455338717), np.float64(54853.63372421265), np.float64(54615.743535664085), np.float64(54601.1961100173), np.float64(54636.158428997995), np.float64(54562.99916966915), np.float64(54585.4249162817), np.float64(54517.64274172068), np.float64(54467.01727293015), np.float64(54670.087441113), np.float64(54544.32057699204), np.float64(54420.393550257686)]"
119,"[np.float64(55087.36377089978), np.float64(55066.64689543724), np.float64(55080.83116986752), np.float64(55051.626342992786), np.float64(55034.47066743851), np.float64(54973.715984025), np.float64(54963.16579730034), np.float64(55006.06090992928), np.float64(55005.25540962458), np.float64(54946.847043645386), np.float64(54912.49435511112), np.float64(54926.02611634493), np.float64(54922.83682449102), np.float64(54940.628787336354), np.float64(54907.62478060723), np.float64(54854.51842238903), np.float64(54812.975854876044), np.float64(54807.987419176105), np.float64(54789.73044248581), np.float64(54778.9536081934), np.float64(54762.46795951128), np.float64(54777.59681343556), np.float64(54746.72316506624), np.float64(54748.37679087162), np.float64(54721.81266571522), np.float64(54773.134174337385), np.float64(54656.22510925055), np.float64(54605.17956979752), np.float64(54622.103189148904)]","[np.float64(55130.820026433976), np.float64(55083.94396935386), np.float64(55115.704008752575), np.float64(55089.15627793843), np.float64(55034.48563367887), np.float64(54995.90802642241), np.float64(55013.57144622199), np.float64(55041.43309646885), np.float64(55005.26433033915), np.float64(55003.23655093944), np.float64(54936.3473170754), np.float64(54938.602917626915), np.float64(54940.642522367416), np.float64(55001.527155900934), np.float64(54907.62478060723), np.float64(54891.10564768849), np.float64(54852.763217006686), np.float64(54843.33102335983), np.float64(54803.719296894335), np.float64(54802.63587939815), np.float64(54788.97558800509), np.float64(54800.029873044135), np.float64(54774.79046715965), np.float64(54751.33143816804), np.float64(54781.799575789024), np.float64(54802.95588823231), np.float64(54662.37363942309), np.float64(54634.49537963722), np.float64(54665.34006031879)]","[np.float64(55065.90781808584), np.float64(55057.43764645651), np.float64(55036.24307192872), np.float64(55034.446807706045), np.float64(54952.57897090594), np.float64(54953.35710636374), np.float64(54961.395811611896), np.float64(54997.054739270316), np.float64(54943.04588376788), np.float64(54887.14463834879), np.float64(54894.616806848135), np.float64(54922.83682449102), np.float64(54897.62223425511), np.float64(54899.116972883356), np.float64(54780.27051857018), np.float64(54811.249077356835), np.float64(54780.542508024395), np.float64(54771.55652529118), np.float64(54759.77708132709), np.float64(54731.879181179465), np.float64(54730.90656910248), np.float64(54717.67928992299), np.float64(54733.84242410719), np.float64(54695.596576764765), np.float64(54692.40382973753), np.float64(54648.89342557235), np.float64(54561.36717398003), np.float64(54536.079596569856), np.float64(54609.57384311609)]","[np.float64(55066.64689543724), np.float64(55080.83116986752), np.float64(55051.626342992786), np.float64(55034.47066743851), np.float64(54973.715984025), np.float64(54963.16579730034), np.float64(55006.06090992928), np.float64(55005.25540962458), np.float64(54946.847043645386), np.float64(54912.49435511112), np.float64(54926.02611634493), np.float64(54922.83682449102), np.float64(54940.628787336354), np.float64(54907.62478060723), np.float64(54854.51842238903), np.float64(54812.975854876044), np.float64(54807.987419176105), np.float64(54789.73044248581), np.float64(54778.9536081934), np.float64(54762.46795951128), np.float64(54777.59681343556), np.float64(54746.72316506624), np.float64(54748.37679087162), np.float64(54721.81266571522), np.float64(54773.134174337385), np.float64(54656.22510925055), np.float64(54605.17956979752), np.float64(54622.103189148904), np.float64(54634.3813060236)]"
120,"[np.float64(55110.83158121586), np.float64(55120.194443750384), np.float64(55106.14834707022), np.float64(55040.844615173344), np.float64(54991.43673317433), np.float64(54976.69768731117), np.float64(54939.73983951807), np.float64(54941.98455187798), np.float64(54871.361040990356), np.float64(54892.03104161501), np.float64(54899.19065799237), np.float64(54915.88170603276), np.float64(54894.70689946175), np.float64(54880.18213857174), np.float64(54870.42740754366), np.float64(54871.37700934172), np.float64(54829.16905092955), np.float64(54832.51686730385), np.float64(54786.44134843588), np.float64(54822.20388786316), np.float64(54724.12923565626), np.float64(54718.1040161109), np.float64(54684.8889438343), np.float64(54694.883586463926), np.float64(54632.370839076044), np.float64(54622.20299134493), np.float64(54628.206962680815), np.float64(54585.65735881567), np.float64(54579.09848726988)]","[np.float64(55120.194443750384), np.float64(55120.206025483436), np.float64(55119.37851727667), np.float64(55040.844615173344), np.float64(54998.93030748372), np.float64(54976.69768731117), np.float64(54952.332106045746), np.float64(54942.0011135276), np.float64(54910.40988730484), np.float64(54899.19065799237), np.float64(54926.433738431006), np.float64(54933.05031826848), np.float64(54894.70689946175), np.float64(54895.096636911105), np.float64(54896.9572945288), np.float64(54871.37700934172), np.float64(54832.718757933624), np.float64(54832.51686730385), np.float64(54834.93408652555), np.float64(54822.20938623794), np.float64(54724.133764869126), np.float64(54729.96433256363), np.float64(54694.883586463926), np.float64(54702.62829508935), np.float64(54637.623072542345), np.float64(54643.40004152513), np.float64(54634.42861162931), np.float64(54585.88728823528), np.float64(54591.96763064879)]","[np.float64(55110.83158121586), np.float64(55102.54278017637), np.float64(55036.15369907104), np.float64(54991.43673317433), np.float64(54973.86727232993), np.float64(54938.90030499155), np.float64(54931.86581381328), np.float64(54871.351749265705), np.float64(54865.67834875988), np.float64(54892.03104161501), np.float64(54893.72019225628), np.float64(54894.701091364725), np.float64(54862.5647361956), np.float64(54865.09942213786), np.float64(54860.51119554011), np.float64(54822.06161040402), np.float64(54820.554578688825), np.float64(54766.50689607425), np.float64(54774.92994898318), np.float64(54705.82785099352), np.float64(54711.96054135306), np.float64(54664.97522213904), np.float64(54678.157571816104), np.float64(54589.53244548886), np.float64(54617.86694570342), np.float64(54602.95844230773), np.float64(54578.52099504863), np.float64(54507.76842101936), np.float64(54566.71773090588)]","[np.float64(55120.194443750384), np.float64(55106.14834707022), np.float64(55040.844615173344), np.float64(54991.43673317433), np.float64(54976.69768731117), np.float64(54939.73983951807), np.float64(54941.98455187798), np.float64(54871.361040990356), np.float64(54892.03104161501), np.float64(54899.19065799237), np.float64(54915.88170603276), np.float64(54894.70689946175), np.float64(54880.18213857174), np.float64(54870.42740754366), np.float64(54871.37700934172), np.float64(54829.16905092955), np.float64(54832.51686730385), np.float64(54786.44134843588), np.float64(54822.20388786316), np.float64(54724.12923565626), np.float64(54718.1040161109), np.float64(54684.8889438343), np.float64(54694.883586463926), np.float64(54632.370839076044), np.float64(54622.20299134493), np.float64(54628.206962680815), np.float64(54585.65735881567), np.float64(54579.09848726988), np.float64(54570.464502708914)]"
121,"[np.float64(55125.898879721164), np.float64(55119.22346496582), np.float64(55163.48245508909), np.float64(55083.85356669426), np.float64(55084.39520287037), np.float64(55045.9655624342), np.float64(54997.60605421305), np.float64(54985.80157924414), np.float64(54956.9712359643), np.float64(54914.837453119755), np.float64(54907.08932572842), np.float64(54901.66884310246), np.float64(54852.85938794851), np.float64(54871.629798645976), np.float64(54876.05869816303), np.float64(54879.32062026024), np.float64(54873.839741208554), np.float64(54848.351548113824), np.float64(54796.93783514023), np.float64(54810.278362488745), np.float64(54714.04303256035), np.float64(54635.53437552452), np.float64(54603.24727050543), np.float64(54663.949541668895), np.float64(54584.9834686327), np.float64(54577.826556572916), np.float64(54559.6012590313), np.float64(54490.1792378068), np.float64(54427.64421199322)]","[np.float64(55141.53826948435), np.float64(55163.48245508909), np.float64(55185.64581559831), np.float64(55123.50179055837), np.float64(55091.69456531593), np.float64(55045.9655624342), np.float64(55007.560818442726), np.float64(54999.47516008065), np.float64(54964.654640867266), np.float64(54943.08570935506), np.float64(54907.92240576789), np.float64(54901.66884310246), np.float64(54893.95353803778), np.float64(54889.23747824546), np.float64(54880.77231490786), np.float64(54879.32062026024), np.float64(54914.69393127756), np.float64(54848.351548113824), np.float64(54831.34549558015), np.float64(54826.68755789879), np.float64(54724.10039372035), np.float64(54678.227717851216), np.float64(54663.949541668895), np.float64(54706.27939906841), np.float64(54589.92516493852), np.float64(54606.170345662926), np.float64(54559.6012590313), np.float64(54533.378914077766), np.float64(54441.320194835964)]","[np.float64(55119.22346496582), np.float64(55094.18275576391), np.float64(55083.84558097947), np.float64(55083.85356669426), np.float64(55019.443029482194), np.float64(54997.59724800005), np.float64(54982.74779783058), np.float64(54952.21014778739), np.float64(54914.82975226771), np.float64(54898.8976098638), np.float64(54898.9955683355), np.float64(54850.53262196188), np.float64(54852.83346139011), np.float64(54845.6900317824), np.float64(54869.173443175496), np.float64(54873.828634134836), np.float64(54848.351548113824), np.float64(54685.263120683645), np.float64(54793.40541537753), np.float64(54698.98183132763), np.float64(54635.525683913125), np.float64(54587.35603513849), np.float64(54601.685551338254), np.float64(54552.90968279104), np.float64(54575.56808062003), np.float64(54553.35711186833), np.float64(54387.290638842926), np.float64(54372.31960327904), np.float64(54414.97543765511)]","[np.float64(55119.22346496582), np.float64(55163.48245508909), np.float64(55083.85356669426), np.float64(55084.39520287037), np.float64(55045.9655624342), np.float64(54997.60605421305), np.float64(54985.80157924414), np.float64(54956.9712359643), np.float64(54914.837453119755), np.float64(54907.08932572842), np.float64(54901.66884310246), np.float64(54852.85938794851), np.float64(54871.629798645976), np.float64(54876.05869816303), np.float64(54879.32062026024), np.float64(54873.839741208554), np.float64(54848.351548113824), np.float64(54796.93783514023), np.float64(54810.278362488745), np.float64(54714.04303256035), np.float64(54635.53437552452), np.float64(54603.24727050543), np.float64(54663.949541668895), np.float64(54584.9834686327), np.float64(54577.826556572916), np.float64(54559.6012590313), np.float64(54490.1792378068), np.float64(54427.64421199322), np.float64(54416.556381180286)]"
122,"[np.float64(55135.09265801907), np.float64(55100.316164288524), np.float64(55083.26582834244), np.float64(55069.734968547826), np.float64(55022.98684726715), np.float64(55046.69598573208), np.float64(54948.605880281924), np.float64(54929.80804007769), np.float64(55059.45753156662), np.float64(54972.27406765223), np.float64(54946.01527282715), np.float64(54913.286462605), np.float64(54944.44844273806), np.float64(54968.0992452097), np.float64(54806.67157551289), np.float64(54837.49358429432), np.float64(54887.174859921935), np.float64(54895.26064067841), np.float64(54792.59276946783), np.float64(54782.72960818291), np.float64(54674.6039090085), np.float64(54649.683236272336), np.float64(54582.32499568463), np.float64(54704.23357129574), np.float64(54610.43238473416), np.float64(54659.44054284096), np.float64(54519.59281224251), np.float64(54495.70583270311), np.float64(54440.67979534149)]","[np.float64(55135.10674951511), np.float64(55116.190988443625), np.float64(55095.84394722047), np.float64(55069.734968547826), np.float64(55046.70167397978), np.float64(55079.80972569278), np.float64(54971.21252055067), np.float64(55059.45753156662), np.float64(55059.45753156662), np.float64(55021.670960705604), np.float64(54950.46983177717), np.float64(54944.44844273806), np.float64(54968.11663783286), np.float64(54982.72855967551), np.float64(54848.637353709455), np.float64(54887.174859921935), np.float64(54928.31947049277), np.float64(54895.26064067841), np.float64(54792.60765261681), np.float64(54825.84724125004), np.float64(54674.617318792516), np.float64(54649.69457935045), np.float64(54704.23357129574), np.float64(54705.66569352528), np.float64(54685.47825017314), np.float64(54659.44054284096), np.float64(54538.52378897589), np.float64(54495.70583270311), np.float64(54472.25182807652)]","[np.float64(55100.307456851966), np.float64(55082.581824738634), np.float64(55064.490174517705), np.float64(55022.98684726715), np.float64(54979.5883076174), np.float64(54948.605880281924), np.float64(54918.43917161311), np.float64(54921.81018011051), np.float64(54972.264774649484), np.float64(54936.196963519236), np.float64(54891.23855119192), np.float64(54913.286462605), np.float64(54937.9809135945), np.float64(54802.36478044873), np.float64(54745.75651593201), np.float64(54837.49358429432), np.float64(54887.169351090815), np.float64(54760.59264239014), np.float64(54762.311086716756), np.float64(54657.52547667298), np.float64(54606.575444094124), np.float64(54567.75913144062), np.float64(54575.39381721226), np.float64(54610.42363945728), np.float64(54581.417185782164), np.float64(54515.91876409837), np.float64(54470.741843933734), np.float64(54413.531317326706), np.float64(54350.03057489499)]","[np.float64(55100.316164288524), np.float64(55083.26582834244), np.float64(55069.734968547826), np.float64(55022.98684726715), np.float64(55046.69598573208), np.float64(54948.605880281924), np.float64(54929.80804007769), np.float64(55059.45753156662), np.float64(54972.27406765223), np.float64(54946.01527282715), np.float64(54913.286462605), np.float64(54944.44844273806), np.float64(54968.0992452097), np.float64(54806.67157551289), np.float64(54837.49358429432), np.float64(54887.174859921935), np.float64(54895.26064067841), np.float64(54792.59276946783), np.float64(54782.72960818291), np.float64(54674.6039090085), np.float64(54649.683236272336), np.float64(54582.32499568463), np.float64(54704.23357129574), np.float64(54610.43238473416), np.float64(54659.44054284096), np.float64(54519.59281224251), np.float64(54495.70583270311), np.float64(54440.67979534149), np.float64(54379.688806083206)]"
123,"[np.float64(55054.258030319215), np.float64(55035.861459331514), np.float64(55047.857039408686), np.float64(55035.58922469616), np.float64(55021.587040982246), np.float64(54940.43587934971), np.float64(54939.257698328496), np.float64(54918.11791910887), np.float64(54927.24125637293), np.float64(54876.99091506243), np.float64(54860.034715123176), np.float64(54861.816474070554), np.float64(54859.21917021037), np.float64(54831.70325404644), np.float64(54791.277054581646), np.float64(54782.99694929123), np.float64(54768.63522011757), np.float64(54757.81769228459), np.float64(54752.46043917895), np.float64(54690.38282936573), np.float64(54661.93997616053), np.float64(54644.17196584225), np.float64(54614.38081716299), np.float64(54591.79023595572), np.float64(54568.06242482185), np.float64(54551.89871870756), np.float64(54525.02823300362), np.float64(54485.83442968845), np.float64(54498.12581059695)]","[np.float64(55054.258030319215), np.float64(55047.857039408686), np.float64(55069.00616386705), np.float64(55035.58922469616), np.float64(55034.47940442011), np.float64(54940.43587934971), np.float64(54944.98891127563), np.float64(54927.24125637293), np.float64(54963.37296173408), np.float64(54876.99091506243), np.float64(54866.61238040596), np.float64(54861.816474070554), np.float64(54877.85257072327), np.float64(54831.70325404644), np.float64(54810.24918618688), np.float64(54782.99694929123), np.float64(54768.63522011757), np.float64(54762.58090599234), np.float64(54752.46043917895), np.float64(54690.393066899574), np.float64(54661.93997616053), np.float64(54644.17196584225), np.float64(54616.04155566069), np.float64(54591.79948989102), np.float64(54568.06242482185), np.float64(54551.89871870756), np.float64(54528.129711356436), np.float64(54498.137555507215), np.float64(54501.217055099725)]","[np.float64(55035.861459331514), np.float64(55009.313254761626), np.float64(55035.58922469616), np.float64(55021.587040982246), np.float64(54919.609922010066), np.float64(54939.257698328496), np.float64(54908.666086911115), np.float64(54918.11791910887), np.float64(54857.44440827702), np.float64(54860.034715123176), np.float64(54860.034715123176), np.float64(54859.21069260816), np.float64(54831.70325404644), np.float64(54791.26779473706), np.float64(54782.98827353538), np.float64(54745.29017865297), np.float64(54757.81769228459), np.float64(54691.221927885104), np.float64(54690.38282936573), np.float64(54617.39985584009), np.float64(54644.17196584225), np.float64(54559.38426097303), np.float64(54591.79023595572), np.float64(54507.60880415627), np.float64(54551.89871870756), np.float64(54437.19223598355), np.float64(54485.83442968845), np.float64(54485.16496550166), np.float64(54482.8996468454)]","[np.float64(55035.861459331514), np.float64(55047.857039408686), np.float64(55035.58922469616), np.float64(55021.587040982246), np.float64(54940.43587934971), np.float64(54939.257698328496), np.float64(54918.11791910887), np.float64(54927.24125637293), np.float64(54876.99091506243), np.float64(54860.034715123176), np.float64(54861.816474070554), np.float64(54859.21917021037), np.float64(54831.70325404644), np.float64(54791.277054581646), np.float64(54782.99694929123), np.float64(54768.63522011757), np.float64(54757.81769228459), np.float64(54752.46043917895), np.float64(54690.38282936573), np.float64(54661.93997616053), np.float64(54644.17196584225), np.float64(54614.38081716299), np.float64(54591.79023595572), np.float64(54568.06242482185), np.float64(54551.89871870756), np.float64(54525.02823300362), np.float64(54485.83442968845), np.float64(54498.12581059695), np.float64(54501.20783118725)]"
124,"[np.float64(55169.82536756039), np.float64(55106.41942271233), np.float64(55132.573264260296), np.float64(55068.981622939114), np.float64(54991.16578630924), np.float64(54999.66339599848), np.float64(55011.03698303461), np.float64(54939.29465733528), np.float64(54975.96481724978), np.float64(54928.7662339282), np.float64(54987.270023684505), np.float64(54928.2701848197), np.float64(54938.35162316561), np.float64(54858.69440382481), np.float64(54763.94696366787), np.float64(54776.52796411038), np.float64(54814.35054964066), np.float64(54813.598491802215), np.float64(54704.34522097826), np.float64(54699.21371400118), np.float64(54722.03429097891), np.float64(54715.19803371668), np.float64(54690.58951649428), np.float64(54607.51803183317), np.float64(54616.831830320356), np.float64(54655.09393184423), np.float64(54571.9615356493), np.float64(54654.53619853973), np.float64(54633.82769358397)]","[np.float64(55174.80833311504), np.float64(55132.62380822461), np.float64(55132.573264260296), np.float64(55068.99499079287), np.float64(55063.045380356256), np.float64(55011.03698303461), np.float64(55011.03698303461), np.float64(54975.97830692639), np.float64(55060.530175263506), np.float64(55026.225505925184), np.float64(54987.270023684505), np.float64(54938.35162316561), np.float64(54956.277975837), np.float64(54880.79685782375), np.float64(54776.52796411038), np.float64(54875.8499604511), np.float64(54825.16243018979), np.float64(54813.598491802215), np.float64(54753.96698842882), np.float64(54722.03429097891), np.float64(54738.091391272515), np.float64(54726.74182107999), np.float64(54690.58951649428), np.float64(54630.192402123874), np.float64(54655.09393184423), np.float64(54717.177934345396), np.float64(54654.547589356334), np.float64(54670.92568381663), np.float64(54639.7658523636)]","[np.float64(55090.96721883767), np.float64(55106.41942271233), np.float64(55021.93663020477), np.float64(54991.15418459667), np.float64(54978.22296866473), np.float64(54982.183419310364), np.float64(54928.495690867356), np.float64(54926.102978838564), np.float64(54906.66698242324), np.float64(54914.90731250499), np.float64(54904.14840903166), np.float64(54928.2701848197), np.float64(54830.6123980353), np.float64(54752.77653050599), np.float64(54729.44333273413), np.float64(54744.96568265735), np.float64(54807.08695846322), np.float64(54684.474061557914), np.float64(54672.91026665688), np.float64(54699.20626575792), np.float64(54646.19522000455), np.float64(54690.58951649428), np.float64(54513.4229797685), np.float64(54597.096422197734), np.float64(54616.614008153694), np.float64(54568.69006910133), np.float64(54559.18143037145), np.float64(54627.773435176205), np.float64(54579.984074473534)]","[np.float64(55106.41942271233), np.float64(55132.573264260296), np.float64(55068.981622939114), np.float64(54991.16578630924), np.float64(54999.66339599848), np.float64(55011.03698303461), np.float64(54939.29465733528), np.float64(54975.96481724978), np.float64(54928.7662339282), np.float64(54987.270023684505), np.float64(54928.2701848197), np.float64(54938.35162316561), np.float64(54858.69440382481), np.float64(54763.94696366787), np.float64(54776.52796411038), np.float64(54814.35054964066), np.float64(54813.598491802215), np.float64(54704.34522097826), np.float64(54699.21371400118), np.float64(54722.03429097891), np.float64(54715.19803371668), np.float64(54690.58951649428), np.float64(54607.51803183317), np.float64(54616.831830320356), np.float64(54655.09393184423), np.float64(54571.9615356493), np.float64(54654.53619853973), np.float64(54633.82769358397), np.float64(54612.35991927624)]"
125,"[np.float64(55102.69944072962), np.float64(55090.67462826729), np.float64(55038.25903002262), np.float64(55022.65743563175), np.float64(54955.91899887562), np.float64(55030.0386772728), np.float64(54882.70423664808), np.float64(54955.99716653109), np.float64(54886.03350913048), np.float64(54830.825896160604), np.float64(54810.899067759514), np.float64(54856.7639074111), np.float64(54833.41096620321), np.float64(54954.897024388316), np.float64(54866.78713854075), np.float64(54890.19558264733), np.float64(54715.12617613554), np.float64(54781.85546972275), np.float64(54684.287168786526), np.float64(54723.235651865005), np.float64(54677.630813031195), np.float64(54709.43088333368), np.float64(54672.036223864554), np.float64(54561.130615005495), np.float64(54662.71894839764), np.float64(54604.512504796985), np.float64(54489.35390583992), np.float64(54493.39480017424), np.float64(54414.783636624816)]","[np.float64(55102.69944072962), np.float64(55090.68347930703), np.float64(55048.62395989277), np.float64(55029.4210088145), np.float64(55030.04873082405), np.float64(55115.283451554424), np.float64(54955.99716653109), np.float64(54999.98815254072), np.float64(54886.03350913048), np.float64(54848.033284234225), np.float64(54869.17204994793), np.float64(54883.866000668386), np.float64(54972.607600785115), np.float64(54964.92338530891), np.float64(54890.19558264733), np.float64(54929.28544925732), np.float64(54789.055631109106), np.float64(54840.60809691417), np.float64(54749.20958551191), np.float64(54735.24953141699), np.float64(54709.44386926551), np.float64(54729.90919639577), np.float64(54673.99355934347), np.float64(54782.56286167723), np.float64(54662.71894839764), np.float64(54673.82192543394), np.float64(54526.286665079504), np.float64(54522.17401474296), np.float64(54418.27449731131)]","[np.float64(55090.66549894467), np.float64(55032.67108536472), np.float64(55009.37292364932), np.float64(54955.91899887562), np.float64(54938.65419480317), np.float64(54882.70423664808), np.float64(54867.27309866414), np.float64(54885.70072224851), np.float64(54820.53692275159), np.float64(54774.42543181888), np.float64(54806.99573325768), np.float64(54833.40545896977), np.float64(54806.84780828915), np.float64(54863.2566086708), np.float64(54833.158619865564), np.float64(54715.11690876768), np.float64(54640.25169734034), np.float64(54680.267480065755), np.float64(54658.293348570485), np.float64(54673.649342183984), np.float64(54647.16172063239), np.float64(54647.81853212148), np.float64(54543.59065326008), np.float64(54539.373824195296), np.float64(54573.85391071434), np.float64(54477.94204689535), np.float64(54461.9576349181), np.float64(54266.741228974206), np.float64(54314.94753437816)]","[np.float64(55090.67462826729), np.float64(55038.25903002262), np.float64(55022.65743563175), np.float64(54955.91899887562), np.float64(55030.0386772728), np.float64(54882.70423664808), np.float64(54955.99716653109), np.float64(54886.03350913048), np.float64(54830.825896160604), np.float64(54810.899067759514), np.float64(54856.7639074111), np.float64(54833.41096620321), np.float64(54954.897024388316), np.float64(54866.78713854075), np.float64(54890.19558264733), np.float64(54715.12617613554), np.float64(54781.85546972275), np.float64(54684.287168786526), np.float64(54723.235651865005), np.float64(54677.630813031195), np.float64(54709.43088333368), np.float64(54672.036223864554), np.float64(54561.130615005495), np.float64(54662.71894839764), np.float64(54604.512504796985), np.float64(54489.35390583992), np.float64(54493.39480017424), np.float64(54414.783636624816), np.float64(54330.30307373285)]"
126,"[np.float64(55040.571092767714), np.float64(55039.97511268616), np.float64(54989.240312199596), np.float64(54991.18664818764), np.float64(55004.550097846986), np.float64(54996.015657927994), np.float64(54943.77519644022), np.float64(54946.33953338146), np.float64(54939.87273741007), np.float64(54940.99245366097), np.float64(54928.32105174541), np.float64(54947.24213156462), np.float64(54940.56942112684), np.float64(54914.62896311283), np.float64(54900.992119824885), np.float64(54838.878066113), np.float64(54852.35767265082), np.float64(54799.87021682501), np.float64(54766.48992362261), np.float64(54757.01438118935), np.float64(54738.08222654581), np.float64(54723.95512911558), np.float64(54716.32715069056), np.float64(54691.57530463696), np.float64(54721.085590620045), np.float64(54717.733138272764), np.float64(54715.88003685236), np.float64(54685.09923671961), np.float64(54617.14591748953)]","[np.float64(55054.93974268976), np.float64(55066.44498889748), np.float64(55002.64927927253), np.float64(55004.550097846986), np.float64(55057.426229230696), np.float64(54996.015657927994), np.float64(54970.407371233334), np.float64(54946.345043915375), np.float64(54954.48737433109), np.float64(54940.99245366097), np.float64(54961.70935771505), np.float64(54947.24213156462), np.float64(54945.93875767412), np.float64(54932.63886565364), np.float64(54900.992119824885), np.float64(54865.639781779995), np.float64(54852.35767265082), np.float64(54802.58982378244), np.float64(54784.51197369506), np.float64(54768.03488367571), np.float64(54743.91753785936), np.float64(54750.13806284155), np.float64(54726.982852249275), np.float64(54721.085590620045), np.float64(54722.07865765392), np.float64(54723.15142486168), np.float64(54737.71628822713), np.float64(54690.32127554261), np.float64(54645.91210401495)]","[np.float64(54870.31359098393), np.float64(54989.240312199596), np.float64(54985.029031179605), np.float64(54974.31944409203), np.float64(54994.19364996777), np.float64(54894.441278080034), np.float64(54943.77519644022), np.float64(54939.87273741007), np.float64(54939.864269346406), np.float64(54919.14865840602), np.float64(54928.32105174541), np.float64(54927.3026024334), np.float64(54914.62896311283), np.float64(54873.32357890603), np.float64(54838.878066113), np.float64(54793.167326509625), np.float64(54798.631216593785), np.float64(54757.8146925579), np.float64(54753.8255106906), np.float64(54723.355635509666), np.float64(54714.93944390945), np.float64(54716.317884986915), np.float64(54672.91136434805), np.float64(54677.87270156676), np.float64(54711.80028112357), np.float64(54715.88003685236), np.float64(54679.05823492251), np.float64(54598.57208437292), np.float64(54594.82866778261)]","[np.float64(55039.97511268616), np.float64(54989.240312199596), np.float64(54991.18664818764), np.float64(55004.550097846986), np.float64(54996.015657927994), np.float64(54943.77519644022), np.float64(54946.33953338146), np.float64(54939.87273741007), np.float64(54940.99245366097), np.float64(54928.32105174541), np.float64(54947.24213156462), np.float64(54940.56942112684), np.float64(54914.62896311283), np.float64(54900.992119824885), np.float64(54838.878066113), np.float64(54852.35767265082), np.float64(54799.87021682501), np.float64(54766.48992362261), np.float64(54757.01438118935), np.float64(54738.08222654581), np.float64(54723.95512911558), np.float64(54716.32715069056), np.float64(54691.57530463696), np.float64(54721.085590620045), np.float64(54717.733138272764), np.float64(54715.88003685236), np.float64(54685.09923671961), np.float64(54617.14591748953), np.float64(54631.65548269034)]"
127,"[np.float64(55011.65240844727), np.float64(55014.73327004433), np.float64(55056.72900391579), np.float64(55003.80602418423), np.float64(54936.2302791977), np.float64(54957.23986484289), np.float64(54938.853080909255), np.float64(54994.84056755543), np.float64(54931.39920902491), np.float64(54853.77318973303), np.float64(54836.9058459425), np.float64(54831.06773941756), np.float64(54810.730498631005), np.float64(54891.41149533749), np.float64(54866.49996577024), np.float64(54799.443707311155), np.float64(54730.86736482382), np.float64(54725.45409371138), np.float64(54696.8694569993), np.float64(54731.551299614905), np.float64(54683.418181407455), np.float64(54701.87321716547), np.float64(54706.61607507467), np.float64(54635.74144898415), np.float64(54691.477176542285), np.float64(54691.41098515034), np.float64(54635.02390338898), np.float64(54593.39479771376), np.float64(54603.5627742219)]","[np.float64(55032.13497919396), np.float64(55111.968220505114), np.float64(55056.72900391579), np.float64(55017.368097779545), np.float64(54962.20215729716), np.float64(54967.341996238436), np.float64(55080.88028154162), np.float64(54998.081660459284), np.float64(54937.55578135748), np.float64(54856.33381583098), np.float64(54846.98422763195), np.float64(54831.076919770094), np.float64(54906.51892994596), np.float64(54921.055181899515), np.float64(54880.39738539746), np.float64(54814.068257444946), np.float64(54738.42754697991), np.float64(54726.95024237011), np.float64(54754.31356972307), np.float64(54734.68468207765), np.float64(54728.91964391567), np.float64(54712.79081785373), np.float64(54706.61607507467), np.float64(54691.477176542285), np.float64(54758.31566224576), np.float64(54691.41098515034), np.float64(54653.53636313615), np.float64(54611.07564750119), np.float64(54616.19500399985)]","[np.float64(55011.163300186854), np.float64(55006.9005041531), np.float64(54999.01382235746), np.float64(54936.22158837165), np.float64(54930.7293001716), np.float64(54934.68564000836), np.float64(54932.94583227606), np.float64(54931.12991280938), np.float64(54841.02705363336), np.float64(54827.93061998124), np.float64(54831.06773941756), np.float64(54775.235785574274), np.float64(54808.143385257994), np.float64(54862.915820079834), np.float64(54792.0889587245), np.float64(54712.5036199449), np.float64(54714.056565535946), np.float64(54667.957985669476), np.float64(54687.74335509358), np.float64(54683.41073783641), np.float64(54661.8462496978), np.float64(54698.86591192445), np.float64(54627.0415691534), np.float64(54615.94729788812), np.float64(54679.27952341964), np.float64(54626.466983093436), np.float64(54571.38981069005), np.float64(54579.81621610639), np.float64(54569.13836891856)]","[np.float64(55014.73327004433), np.float64(55056.72900391579), np.float64(55003.80602418423), np.float64(54936.2302791977), np.float64(54957.23986484289), np.float64(54938.853080909255), np.float64(54994.84056755543), np.float64(54931.39920902491), np.float64(54853.77318973303), np.float64(54836.9058459425), np.float64(54831.06773941756), np.float64(54810.730498631005), np.float64(54891.41149533749), np.float64(54866.49996577024), np.float64(54799.443707311155), np.float64(54730.86736482382), np.float64(54725.45409371138), np.float64(54696.8694569993), np.float64(54731.551299614905), np.float64(54683.418181407455), np.float64(54701.87321716547), np.float64(54706.61607507467), np.float64(54635.74144898415), np.float64(54691.477176542285), np.float64(54691.41098515034), np.float64(54635.02390338898), np.float64(54593.39479771376), np.float64(54603.5627742219), np.float64(54583.91410419941)]"
128,"[np.float64(55152.88075755358), np.float64(55125.726189727786), np.float64(55107.83597001076), np.float64(55133.03840688229), np.float64(55112.59814447403), np.float64(55095.07081841946), np.float64(55067.36096405268), np.float64(55062.74134575844), np.float64(55064.204252786636), np.float64(55057.87975543022), np.float64(54988.76203432083), np.float64(54986.523632035256), np.float64(54961.42820887327), np.float64(54942.2428785944), np.float64(54941.22373720169), np.float64(54915.03757261992), np.float64(54883.50986572981), np.float64(54840.583460283284), np.float64(54861.08514933348), np.float64(54808.30833152771), np.float64(54757.73540376425), np.float64(54769.18290881396), np.float64(54728.800879869465), np.float64(54762.80484021425), np.float64(54764.27045156002), np.float64(54686.53316891671), np.float64(54669.21394653797), np.float64(54670.29361313343), np.float64(54609.36971670628)]","[np.float64(55152.88937091606), np.float64(55138.77525729708), np.float64(55136.208605998574), np.float64(55139.47115256752), np.float64(55125.48531561838), np.float64(55120.76232800392), np.float64(55080.433666718054), np.float64(55072.31017512971), np.float64(55085.50988751689), np.float64(55070.74593319926), np.float64(54996.11017175725), np.float64(55007.28808394364), np.float64(54974.10066682886), np.float64(54951.90555809159), np.float64(54975.2768210507), np.float64(54937.388078016054), np.float64(54889.4612894467), np.float64(54875.92371281485), np.float64(54869.58492126421), np.float64(54828.58561834968), np.float64(54777.48393771172), np.float64(54791.44001144676), np.float64(54774.25459563015), np.float64(54776.8036648079), np.float64(54771.73292421325), np.float64(54691.518244133025), np.float64(54676.429887774524), np.float64(54699.9057570954), np.float64(54623.586361909656)]","[np.float64(55116.11203395148), np.float64(55097.159935256896), np.float64(55103.53906638777), np.float64(55098.32905193456), np.float64(55084.05808629007), np.float64(55054.64637043072), np.float64(55046.60612965492), np.float64(55057.34723564075), np.float64(55034.441871444054), np.float64(54983.4730677343), np.float64(54986.51319862262), np.float64(54924.675978724204), np.float64(54942.21696276966), np.float64(54911.9355155827), np.float64(54909.811112543975), np.float64(54848.94917618229), np.float64(54826.43258751999), np.float64(54819.04276813809), np.float64(54796.10108333507), np.float64(54751.04456750391), np.float64(54736.5920513004), np.float64(54713.157446688194), np.float64(54708.83469429264), np.float64(54733.88942669295), np.float64(54682.68627298533), np.float64(54648.17107501338), np.float64(54653.20858370206), np.float64(54597.330912773745), np.float64(54565.50979529302)]","[np.float64(55125.726189727786), np.float64(55107.83597001076), np.float64(55133.03840688229), np.float64(55112.59814447403), np.float64(55095.07081841946), np.float64(55067.36096405268), np.float64(55062.74134575844), np.float64(55064.204252786636), np.float64(55057.87975543022), np.float64(54988.76203432083), np.float64(54986.523632035256), np.float64(54961.42820887327), np.float64(54942.2428785944), np.float64(54941.22373720169), np.float64(54915.03757261992), np.float64(54883.50986572981), np.float64(54840.583460283284), np.float64(54861.08514933348), np.float64(54808.30833152771), np.float64(54757.73540376425), np.float64(54769.18290881396), np.float64(54728.800879869465), np.float64(54762.80484021425), np.float64(54764.27045156002), np.float64(54686.53316891671), np.float64(54669.21394653797), np.float64(54670.29361313343), np.float64(54609.36971670628), np.float64(54580.78108790636)]"
129,"[np.float64(55023.264490537644), np.float64(55020.1058476162), np.float64(54987.87643470526), np.float64(55009.333649296765), np.float64(55002.39462796688), np.float64(54993.56593254089), np.float64(54964.85805621386), np.float64(54965.89046164036), np.float64(54938.90665215254), np.float64(54917.80190028429), np.float64(54918.80133879185), np.float64(54877.23275831938), np.float64(54852.64252743483), np.float64(54854.18308701039), np.float64(54816.61084402085), np.float64(54835.15331938028), np.float64(54825.86051154852), np.float64(54812.095663895605), np.float64(54815.729107716084), np.float64(54751.8649742055), np.float64(54734.31833159685), np.float64(54653.739712626935), np.float64(54672.59112407446), np.float64(54629.4694926548), np.float64(54625.47869258404), np.float64(54599.048624312876), np.float64(54540.010152339935), np.float64(54528.33818893194), np.float64(54484.96235166073)]","[np.float64(55023.264490537644), np.float64(55056.12957049714), np.float64(55010.86908687671), np.float64(55010.202162602545), np.float64(55002.40960185188), np.float64(54993.56593254089), np.float64(54986.39752780445), np.float64(54965.9073792512), np.float64(54963.29396467324), np.float64(54937.525247280544), np.float64(54918.810590581925), np.float64(54881.01124119345), np.float64(54870.09223108546), np.float64(54858.76006695056), np.float64(54840.43251597422), np.float64(54857.630774365665), np.float64(54825.87123820745), np.float64(54836.163916690886), np.float64(54815.729107716084), np.float64(54764.59499882934), np.float64(54751.611698593304), np.float64(54686.68331896001), np.float64(54721.873110248016), np.float64(54629.4802995655), np.float64(54643.314844719374), np.float64(54599.06150096123), np.float64(54557.90809460372), np.float64(54530.88963218628), np.float64(54522.147324372316)]","[np.float64(55008.612375731835), np.float64(54981.019395375544), np.float64(54987.87643470526), np.float64(54930.36215586383), np.float64(54992.908037335925), np.float64(54943.61093413105), np.float64(54964.85805621386), np.float64(54926.38074090584), np.float64(54890.843004442686), np.float64(54917.80190028429), np.float64(54870.27778978823), np.float64(54834.61551959741), np.float64(54852.64252743483), np.float64(54796.3149778037), np.float64(54814.02119782655), np.float64(54794.48947336179), np.float64(54800.755570628084), np.float64(54798.793985912496), np.float64(54737.50143140834), np.float64(54723.868711581024), np.float64(54648.66484052137), np.float64(54644.42927028831), np.float64(54613.05850169496), np.float64(54589.40464754771), np.float64(54588.46367006557), np.float64(54530.176824168506), np.float64(54493.42774027679), np.float64(54484.96235166073), np.float64(54444.86052075729)]","[np.float64(55020.1058476162), np.float64(54987.87643470526), np.float64(55009.333649296765), np.float64(55002.39462796688), np.float64(54993.56593254089), np.float64(54964.85805621386), np.float64(54965.89046164036), np.float64(54938.90665215254), np.float64(54917.80190028429), np.float64(54918.80133879185), np.float64(54877.23275831938), np.float64(54852.64252743483), np.float64(54854.18308701039), np.float64(54816.61084402085), np.float64(54835.15331938028), np.float64(54825.86051154852), np.float64(54812.095663895605), np.float64(54815.729107716084), np.float64(54751.8649742055), np.float64(54734.31833159685), np.float64(54653.739712626935), np.float64(54672.59112407446), np.float64(54629.4694926548), np.float64(54625.47869258404), np.float64(54599.048624312876), np.float64(54540.010152339935), np.float64(54528.33818893194), np.float64(54484.96235166073), np.float64(54500.78157922745)]"
130,"[np.float64(55049.37647955179), np.float64(54988.227352104186), np.float64(55061.014960932735), np.float64(55019.17685014248), np.float64(54978.1621396637), np.float64(55010.03200711489), np.float64(54914.532251565455), np.float64(54982.84704791069), np.float64(54868.79193929911), np.float64(54896.140574104786), np.float64(54897.82536395073), np.float64(54937.913266165255), np.float64(54847.77681624174), np.float64(54893.56541989327), np.float64(54908.759048662185), np.float64(54902.40531892062), np.float64(54801.24967633963), np.float64(54822.40812822819), np.float64(54729.87114574194), np.float64(54805.30550880909), np.float64(54683.3244317317), np.float64(54674.221183683876), np.float64(54726.976366949086), np.float64(54739.545391128064), np.float64(54822.27832098484), np.float64(54694.345040936474), np.float64(54644.757772538665), np.float64(54714.972931473254), np.float64(54723.5071138382)]","[np.float64(55060.596455591454), np.float64(55078.670747154894), np.float64(55061.014960932735), np.float64(55019.189767211734), np.float64(55010.03200711489), np.float64(55028.80990797325), np.float64(55023.991271146595), np.float64(54982.84704791069), np.float64(54919.28380289688), np.float64(54897.82536395073), np.float64(54946.98093827803), np.float64(54937.913266165255), np.float64(54893.56541989327), np.float64(54941.34282043798), np.float64(54933.50164889232), np.float64(54902.40531892062), np.float64(54822.40812822819), np.float64(54822.41739982579), np.float64(54805.30550880909), np.float64(54805.30550880909), np.float64(54694.75039522906), np.float64(54726.98843068556), np.float64(54753.77618831453), np.float64(54822.27832098484), np.float64(54822.27832098484), np.float64(54697.42883813037), np.float64(54714.972931473254), np.float64(54731.041366984195), np.float64(54726.29439539694)]","[np.float64(54988.227352104186), np.float64(54988.227352104186), np.float64(55019.171159862584), np.float64(54978.1621396637), np.float64(54977.48411791173), np.float64(54914.532251565455), np.float64(54914.52151178585), np.float64(54868.79193929911), np.float64(54844.45616865184), np.float64(54896.140574104786), np.float64(54857.952814671095), np.float64(54844.286428402775), np.float64(54846.82444925414), np.float64(54889.44689799361), np.float64(54902.40531892062), np.float64(54652.61271989644), np.float64(54801.241163514605), np.float64(54705.913040157335), np.float64(54719.73267943222), np.float64(54683.3244317317), np.float64(54665.51631361444), np.float64(54670.65326304329), np.float64(54726.96711616818), np.float64(54722.24818839102), np.float64(54686.8479784065), np.float64(54644.748536875784), np.float64(54640.42679814863), np.float64(54714.972931473254), np.float64(54663.1706113785)]","[np.float64(54988.227352104186), np.float64(55061.014960932735), np.float64(55019.17685014248), np.float64(54978.1621396637), np.float64(55010.03200711489), np.float64(54914.532251565455), np.float64(54982.84704791069), np.float64(54868.79193929911), np.float64(54896.140574104786), np.float64(54897.82536395073), np.float64(54937.913266165255), np.float64(54847.77681624174), np.float64(54893.56541989327), np.float64(54908.759048662185), np.float64(54902.40531892062), np.float64(54801.24967633963), np.float64(54822.40812822819), np.float64(54729.87114574194), np.float64(54805.30550880909), np.float64(54683.3244317317), np.float64(54674.221183683876), np.float64(54726.976366949086), np.float64(54739.545391128064), np.float64(54822.27832098484), np.float64(54694.345040936474), np.float64(54644.757772538665), np.float64(54714.972931473254), np.float64(54723.5071138382), np.float64(54670.22471742392)]"
131,"[np.float64(55090.41385478735), np.float64(55118.40521573544), np.float64(54993.05687695265), np.float64(54990.775849471094), np.float64(55036.947693555354), np.float64(54962.23795881987), np.float64(54939.27044725418), np.float64(54942.97381700039), np.float64(54855.874830815796), np.float64(54935.25659609556), np.float64(54862.12322094917), np.float64(54968.05790778399), np.float64(54846.7029446125), np.float64(54815.63522926331), np.float64(54761.65936855793), np.float64(54778.360589983466), np.float64(54770.37795962572), np.float64(54792.60307163), np.float64(54751.3846358943), np.float64(54791.129218554495), np.float64(54608.161273083686), np.float64(54575.79072055101), np.float64(54605.977858588696), np.float64(54570.29155516148), np.float64(54577.46186003208), np.float64(54517.07792567968), np.float64(54469.364363026616), np.float64(54445.05319195986), np.float64(54469.70897035122)]","[np.float64(55118.40521573544), np.float64(55118.40521573544), np.float64(55002.441368816784), np.float64(55036.947693555354), np.float64(55036.958212473815), np.float64(54976.31779097805), np.float64(54942.97381700039), np.float64(54949.00613005089), np.float64(54935.25659609556), np.float64(54935.27881715863), np.float64(54968.06629790855), np.float64(54968.05790778399), np.float64(54864.283729587754), np.float64(54815.645935104716), np.float64(54778.360589983466), np.float64(54778.37546675889), np.float64(54801.74595570268), np.float64(54799.18742386578), np.float64(54791.129218554495), np.float64(54791.142978377175), np.float64(54608.161273083686), np.float64(54607.003707606986), np.float64(54605.977858588696), np.float64(54598.606070079746), np.float64(54577.46186003208), np.float64(54517.07792567968), np.float64(54478.351724236534), np.float64(54469.72006411682), np.float64(54478.8713616661)]","[np.float64(55090.41385478735), np.float64(54993.04806922908), np.float64(54989.57250661169), np.float64(54990.767322858606), np.float64(54945.969514501856), np.float64(54939.27044725418), np.float64(54926.74863721888), np.float64(54855.874830815796), np.float64(54855.86461802116), np.float64(54848.27713120669), np.float64(54862.12322094917), np.float64(54804.44989280356), np.float64(54815.63522926331), np.float64(54735.635287555684), np.float64(54761.65936855793), np.float64(54755.8955742388), np.float64(54770.37795962572), np.float64(54715.09741530891), np.float64(54751.3846358943), np.float64(54589.768889855855), np.float64(54575.78404416957), np.float64(54575.79072055101), np.float64(54569.345191154694), np.float64(54565.20867047553), np.float64(54517.07792567968), np.float64(54446.532847597766), np.float64(54445.05319195986), np.float64(54444.28542898151), np.float64(54461.737633755256)]","[np.float64(55118.40521573544), np.float64(54993.05687695265), np.float64(54990.775849471094), np.float64(55036.947693555354), np.float64(54962.23795881987), np.float64(54939.27044725418), np.float64(54942.97381700039), np.float64(54855.874830815796), np.float64(54935.25659609556), np.float64(54862.12322094917), np.float64(54968.05790778399), np.float64(54846.7029446125), np.float64(54815.63522926331), np.float64(54761.65936855793), np.float64(54778.360589983466), np.float64(54770.37795962572), np.float64(54792.60307163), np.float64(54751.3846358943), np.float64(54791.129218554495), np.float64(54608.161273083686), np.float64(54575.79072055101), np.float64(54605.977858588696), np.float64(54570.29155516148), np.float64(54577.46186003208), np.float64(54517.07792567968), np.float64(54469.364363026616), np.float64(54445.05319195986), np.float64(54469.70897035122), np.float64(54473.2171141243)]"
132,"[np.float64(55095.17319615603), np.float64(55109.19018922806), np.float64(55052.9526175952), np.float64(55041.51811902523), np.float64(55068.25377518177), np.float64(55035.6154952097), np.float64(54958.30845661402), np.float64(54956.39907963276), np.float64(54849.252085864544), np.float64(54879.293448307515), np.float64(54914.72734876156), np.float64(54913.67395267964), np.float64(54895.04107584715), np.float64(54918.60302217007), np.float64(54887.2046074152), np.float64(54847.24857287646), np.float64(54787.99993679523), np.float64(54811.88498467922), np.float64(54744.70445638895), np.float64(54793.93552752972), np.float64(54727.68811757803), np.float64(54689.017020215986), np.float64(54701.96207331419), np.float64(54672.52737944603), np.float64(54690.1026105547), np.float64(54661.23942913294), np.float64(54622.31167915583), np.float64(54584.953592362406), np.float64(54521.20535817623)]","[np.float64(55109.19018922806), np.float64(55109.203908500676), np.float64(55052.9526175952), np.float64(55115.22316713581), np.float64(55068.25377518177), np.float64(55056.72157826071), np.float64(54967.66129326769), np.float64(54956.410225545165), np.float64(54908.933480025305), np.float64(54914.72734876156), np.float64(54932.666841059014), np.float64(54923.89917345933), np.float64(54918.6143053542), np.float64(54920.35700419879), np.float64(54898.913008432624), np.float64(54847.47030564494), np.float64(54840.986341223885), np.float64(54822.19033658267), np.float64(54800.16113060432), np.float64(54793.945276551014), np.float64(54732.61319766054), np.float64(54712.00523014547), np.float64(54710.306348798484), np.float64(54706.11645372392), np.float64(54708.04249050622), np.float64(54661.23942913294), np.float64(54677.78121208719), np.float64(54584.967189833), np.float64(54530.45730848228)]","[np.float64(55095.15666160973), np.float64(55051.292764557315), np.float64(55019.52563363986), np.float64(55041.51811902523), np.float64(55031.882673395674), np.float64(54958.29993420727), np.float64(54936.256209718194), np.float64(54849.252085864544), np.float64(54842.415396435455), np.float64(54879.284061231214), np.float64(54888.61101313426), np.float64(54895.02736885816), np.float64(54697.568355423944), np.float64(54883.589593516386), np.float64(54794.687570459515), np.float64(54787.986981653165), np.float64(54777.36455901858), np.float64(54731.37533202719), np.float64(54732.24449935034), np.float64(54702.833922534155), np.float64(54676.981459890885), np.float64(54662.317584522745), np.float64(54662.61566063685), np.float64(54658.86241256299), np.float64(54660.65753570868), np.float64(54591.19191781211), np.float64(54570.67513307599), np.float64(54502.83473725305), np.float64(54475.65676178332)]","[np.float64(55109.19018922806), np.float64(55052.9526175952), np.float64(55041.51811902523), np.float64(55068.25377518177), np.float64(55035.6154952097), np.float64(54958.30845661402), np.float64(54956.39907963276), np.float64(54849.252085864544), np.float64(54879.293448307515), np.float64(54914.72734876156), np.float64(54913.67395267964), np.float64(54895.04107584715), np.float64(54918.60302217007), np.float64(54887.2046074152), np.float64(54847.24857287646), np.float64(54787.99993679523), np.float64(54811.88498467922), np.float64(54744.70445638895), np.float64(54793.93552752972), np.float64(54727.68811757803), np.float64(54689.017020215986), np.float64(54701.96207331419), np.float64(54672.52737944603), np.float64(54690.1026105547), np.float64(54661.23942913294), np.float64(54622.31167915583), np.float64(54584.953592362406), np.float64(54521.20535817623), np.float64(54491.063935983184)]"
133,"[np.float64(55013.83595171929), np.float64(55020.34202468395), np.float64(55028.00889377117), np.float64(55030.8641380167), np.float64(55030.12753342152), np.float64(54941.371186897755), np.float64(54957.19028568745), np.float64(54904.84937811852), np.float64(54895.55760050297), np.float64(54878.18364788771), np.float64(54871.77351380825), np.float64(54880.24086089611), np.float64(54876.45005154848), np.float64(54804.78499206543), np.float64(54778.028989138606), np.float64(54776.33209425211), np.float64(54765.33839944601), np.float64(54710.134392232896), np.float64(54741.02825859547), np.float64(54716.55199537992), np.float64(54623.870653846265), np.float64(54574.82051442862), np.float64(54620.15028553247), np.float64(54638.565014081), np.float64(54639.67095119), np.float64(54575.11232317209), np.float64(54585.61022642374), np.float64(54599.59335113764), np.float64(54476.23320087671)]","[np.float64(55025.09357160192), np.float64(55052.879748550855), np.float64(55030.8641380167), np.float64(55030.8641380167), np.float64(55037.01645200286), np.float64(54976.44187057708), np.float64(54959.76900112588), np.float64(54922.238390708255), np.float64(54895.55760050297), np.float64(54898.70457042494), np.float64(54880.24086089611), np.float64(54885.21114340231), np.float64(54878.669151638445), np.float64(54804.78499206543), np.float64(54793.90664236166), np.float64(54780.07794871294), np.float64(54780.308245522734), np.float64(54743.49041340575), np.float64(54745.9533409048), np.float64(54726.212890136994), np.float64(54623.870653846265), np.float64(54630.585867508), np.float64(54643.7873695029), np.float64(54639.67095119), np.float64(54642.8771727864), np.float64(54585.61022642374), np.float64(54609.99909632714), np.float64(54627.50857628216), np.float64(54481.7881139631)]","[np.float64(55013.827433964194), np.float64(55020.34202468395), np.float64(55014.6351068681), np.float64(55030.12753342152), np.float64(54936.7510627095), np.float64(54928.898091229916), np.float64(54904.838639432724), np.float64(54892.89359695041), np.float64(54876.42592301286), np.float64(54865.52458431496), np.float64(54871.77351380825), np.float64(54874.74392491654), np.float64(54804.78499206543), np.float64(54778.02048049753), np.float64(54754.853105177106), np.float64(54756.15723954942), np.float64(54706.501253024486), np.float64(54710.126770057126), np.float64(54704.9244764649), np.float64(54622.49399663444), np.float64(54570.69573600075), np.float64(54565.47923607095), np.float64(54619.51622332099), np.float64(54626.53503059269), np.float64(54573.68218869852), np.float64(54575.1004061106), np.float64(54566.99908007583), np.float64(54466.98685204394), np.float64(54461.56523993254)]","[np.float64(55020.34202468395), np.float64(55028.00889377117), np.float64(55030.8641380167), np.float64(55030.12753342152), np.float64(54941.371186897755), np.float64(54957.19028568745), np.float64(54904.84937811852), np.float64(54895.55760050297), np.float64(54878.18364788771), np.float64(54871.77351380825), np.float64(54880.24086089611), np.float64(54876.45005154848), np.float64(54804.78499206543), np.float64(54778.028989138606), np.float64(54776.33209425211), np.float64(54765.33839944601), np.float64(54710.134392232896), np.float64(54741.02825859547), np.float64(54716.55199537992), np.float64(54623.870653846265), np.float64(54574.82051442862), np.float64(54620.15028553247), np.float64(54638.565014081), np.float64(54639.67095119), np.float64(54575.11232317209), np.float64(54585.61022642374), np.float64(54599.59335113764), np.float64(54476.23320087671), np.float64(54461.56523993254)]"
134,"[np.float64(54935.242044291495), np.float64(54967.14964341164), np.float64(54976.86561255455), np.float64(54935.71208044052), np.float64(54829.51803667307), np.float64(54812.32450067282), np.float64(54798.56596309424), np.float64(54801.0468525219), np.float64(54893.66367676497), np.float64(54787.824413707254), np.float64(54725.52762539387), np.float64(54717.93737863779), np.float64(54734.63447919846), np.float64(54861.55428404331), np.float64(54719.571559112075), np.float64(54749.60223306179), np.float64(54720.667709167006), np.float64(54690.50542509556), np.float64(54653.20348508596), np.float64(54675.995859894756), np.float64(54627.25684577465), np.float64(54522.08220095396), np.float64(54469.78160059452), np.float64(54423.43758162499), np.float64(54523.65006125927), np.float64(54583.478322739604), np.float64(54573.01158352852), np.float64(54481.90840446234), np.float64(54480.35355063677)]","[np.float64(54967.14964341164), np.float64(54976.86561255455), np.float64(55009.53144867168), np.float64(54935.71208044052), np.float64(54839.76927395468), np.float64(54836.01494994655), np.float64(54801.0468525219), np.float64(54893.66367676497), np.float64(54895.8211805424), np.float64(54787.836170984505), np.float64(54740.20948756442), np.float64(54734.63447919846), np.float64(54872.00583544764), np.float64(54861.55428404331), np.float64(54758.825589903936), np.float64(54766.331767969285), np.float64(54720.667709167006), np.float64(54694.60698970584), np.float64(54693.80414197406), np.float64(54675.995859894756), np.float64(54644.30714420058), np.float64(54527.31856804599), np.float64(54469.78160059452), np.float64(54523.6615505851), np.float64(54583.478322739604), np.float64(54583.486552750546), np.float64(54573.01158352852), np.float64(54531.21493916064), np.float64(54480.35355063677)]","[np.float64(54919.76824280679), np.float64(54953.893752818745), np.float64(54935.71208044052), np.float64(54796.95868341452), np.float64(54812.32450067282), np.float64(54733.1839994251), np.float64(54798.56596309424), np.float64(54801.0468525219), np.float64(54780.4351918801), np.float64(54710.24249833778), np.float64(54717.93737863779), np.float64(54717.92811748046), np.float64(54726.07330403028), np.float64(54719.571559112075), np.float64(54613.61962853888), np.float64(54720.667709167006), np.float64(54666.60040023487), np.float64(54652.96217808558), np.float64(54645.107389821045), np.float64(54623.66680763737), np.float64(54512.514187507244), np.float64(54437.28632668977), np.float64(54400.71086596622), np.float64(54409.71476851042), np.float64(54492.399852139904), np.float64(54573.00090732129), np.float64(54481.90840446234), np.float64(54466.67880414922), np.float64(54378.945292993565)]","[np.float64(54967.14964341164), np.float64(54976.86561255455), np.float64(54935.71208044052), np.float64(54829.51803667307), np.float64(54812.32450067282), np.float64(54798.56596309424), np.float64(54801.0468525219), np.float64(54893.66367676497), np.float64(54787.824413707254), np.float64(54725.52762539387), np.float64(54717.93737863779), np.float64(54734.63447919846), np.float64(54861.55428404331), np.float64(54719.571559112075), np.float64(54749.60223306179), np.float64(54720.667709167006), np.float64(54690.50542509556), np.float64(54653.20348508596), np.float64(54675.995859894756), np.float64(54627.25684577465), np.float64(54522.08220095396), np.float64(54469.78160059452), np.float64(54423.43758162499), np.float64(54523.65006125927), np.float64(54583.478322739604), np.float64(54573.01158352852), np.float64(54481.90840446234), np.float64(54480.35355063677), np.float64(54416.32947605848)]"
135,"[np.float64(55108.9236207819), np.float64(55061.790713744165), np.float64(55082.96861096382), np.float64(55092.735833363535), np.float64(55060.52663844586), np.float64(55014.59869805098), np.float64(54986.42215573788), np.float64(54979.69085175276), np.float64(54978.99352415085), np.float64(54944.75712127209), np.float64(54863.91966047764), np.float64(54897.08116151095), np.float64(54911.345020143985), np.float64(54880.831689896586), np.float64(54840.03937734366), np.float64(54824.603390209675), np.float64(54786.78956151724), np.float64(54804.22571343661), np.float64(54822.383274261956), np.float64(54775.025264980795), np.float64(54740.19172302723), np.float64(54751.79594971895), np.float64(54665.101452176576), np.float64(54641.99808084726), np.float64(54629.9436496687), np.float64(54621.93462002039), np.float64(54569.5886901474), np.float64(54551.16134145021), np.float64(54516.501390929225)]","[np.float64(55125.49662684937), np.float64(55082.96861096382), np.float64(55119.37988536876), np.float64(55092.735833363535), np.float64(55075.037300889366), np.float64(55014.59869805098), np.float64(55015.26173694328), np.float64(54979.69085175276), np.float64(54993.96098433174), np.float64(54944.75712127209), np.float64(54911.08689663042), np.float64(54911.345020143985), np.float64(54916.5780911557), np.float64(54881.01327203729), np.float64(54855.89217824727), np.float64(54824.603390209675), np.float64(54804.234950604136), np.float64(54829.26219684864), np.float64(54836.19737889452), np.float64(54788.70200603471), np.float64(54751.80168597319), np.float64(54751.812710864884), np.float64(54671.11015521057), np.float64(54648.56123366339), np.float64(54639.44182172659), np.float64(54636.499083294184), np.float64(54569.59732156952), np.float64(54569.40077468784), np.float64(54519.28576345644)]","[np.float64(55061.790713744165), np.float64(55048.23901470834), np.float64(55082.96861096382), np.float64(55060.51816367237), np.float64(54994.914504070206), np.float64(54986.42215573788), np.float64(54963.76138412705), np.float64(54974.12782262115), np.float64(54927.92103852171), np.float64(54862.91647782744), np.float64(54860.56664940545), np.float64(54867.664087374185), np.float64(54872.22094384612), np.float64(54840.02744398595), np.float64(54819.409470795516), np.float64(54781.28277460809), np.float64(54786.78111400612), np.float64(54801.95965645337), np.float64(54768.72535762244), np.float64(54716.1565243987), np.float64(54730.7313185785), np.float64(54623.16693933809), np.float64(54641.99808084726), np.float64(54599.793899934295), np.float64(54621.93462002039), np.float64(54551.6219408698), np.float64(54551.15208215639), np.float64(54452.307300625165), np.float64(54491.3277732441)]","[np.float64(55061.790713744165), np.float64(55082.96861096382), np.float64(55092.735833363535), np.float64(55060.52663844586), np.float64(55014.59869805098), np.float64(54986.42215573788), np.float64(54979.69085175276), np.float64(54978.99352415085), np.float64(54944.75712127209), np.float64(54863.91966047764), np.float64(54897.08116151095), np.float64(54911.345020143985), np.float64(54880.831689896586), np.float64(54840.03937734366), np.float64(54824.603390209675), np.float64(54786.78956151724), np.float64(54804.22571343661), np.float64(54822.383274261956), np.float64(54775.025264980795), np.float64(54740.19172302723), np.float64(54751.79594971895), np.float64(54665.101452176576), np.float64(54641.99808084726), np.float64(54629.9436496687), np.float64(54621.93462002039), np.float64(54569.5886901474), np.float64(54551.16134145021), np.float64(54516.501390929225), np.float64(54496.73398848772)]"
136,"[np.float64(55083.26569956541), np.float64(55016.57117577553), np.float64(55046.12936681271), np.float64(55025.51911872864), np.float64(54988.69043429375), np.float64(54968.30580356121), np.float64(54938.230057652), np.float64(54916.324183897974), np.float64(54898.35450875521), np.float64(54840.933218688966), np.float64(54819.4676335907), np.float64(54892.21763952732), np.float64(54839.858574397564), np.float64(54870.45921546936), np.float64(54785.917869820594), np.float64(54765.40703760147), np.float64(54757.01927471638), np.float64(54773.16675492525), np.float64(54722.25243926287), np.float64(54722.198224134445), np.float64(54684.523603408335), np.float64(54654.92085551977), np.float64(54626.1700964427), np.float64(54582.39994391442), np.float64(54595.665780587195), np.float64(54576.317804923056), np.float64(54533.53266787529), np.float64(54493.36466634989), np.float64(54498.71663959742)]","[np.float64(55083.26569956541), np.float64(55060.342856162155), np.float64(55046.13504935035), np.float64(55050.34829955353), np.float64(54988.69043429375), np.float64(54968.31466274458), np.float64(54953.33203876338), np.float64(54916.33322659744), np.float64(54919.680049622344), np.float64(54844.52374103431), np.float64(54895.50920321174), np.float64(54899.46379356728), np.float64(54881.2207555078), np.float64(54877.40603804656), np.float64(54794.56351454497), np.float64(54765.423827680206), np.float64(54801.20421518045), np.float64(54780.03613993594), np.float64(54728.73676169899), np.float64(54722.20668445914), np.float64(54690.8477321784), np.float64(54686.152546977326), np.float64(54626.1700964427), np.float64(54625.02437803743), np.float64(54595.665780587195), np.float64(54579.44574065597), np.float64(54539.74318619868), np.float64(54511.87460304521), np.float64(54505.06355931572)]","[np.float64(55000.05037063709), np.float64(55004.56193799269), np.float64(55025.51911872864), np.float64(54951.37173446814), np.float64(54968.30580356121), np.float64(54918.19763830562), np.float64(54908.34135874064), np.float64(54890.56806345297), np.float64(54835.44978164411), np.float64(54805.26826078955), np.float64(54819.45360467068), np.float64(54827.56829009356), np.float64(54834.54069905197), np.float64(54772.42570784169), np.float64(54753.29746728656), np.float64(54752.36316704706), np.float64(54754.59192963972), np.float64(54707.37378994732), np.float64(54709.08331526847), np.float64(54651.766746609246), np.float64(54646.19753563059), np.float64(54615.528730996724), np.float64(54569.54185132547), np.float64(54560.84122647363), np.float64(54562.551479721275), np.float64(54520.85750014838), np.float64(54466.22291795546), np.float64(54493.351750704656), np.float64(54439.52913462302)]","[np.float64(55016.57117577553), np.float64(55046.12936681271), np.float64(55025.51911872864), np.float64(54988.69043429375), np.float64(54968.30580356121), np.float64(54938.230057652), np.float64(54916.324183897974), np.float64(54898.35450875521), np.float64(54840.933218688966), np.float64(54819.4676335907), np.float64(54892.21763952732), np.float64(54839.858574397564), np.float64(54870.45921546936), np.float64(54785.917869820594), np.float64(54765.40703760147), np.float64(54757.01927471638), np.float64(54773.16675492525), np.float64(54722.25243926287), np.float64(54722.198224134445), np.float64(54684.523603408335), np.float64(54654.92085551977), np.float64(54626.1700964427), np.float64(54582.39994391442), np.float64(54595.665780587195), np.float64(54576.317804923056), np.float64(54533.53266787529), np.float64(54493.36466634989), np.float64(54498.71663959742), np.float64(54455.09883029223)]"
137,"[np.float64(55090.412438240055), np.float64(55056.04957632065), np.float64(55097.644040975574), np.float64(55064.260914678576), np.float64(55046.08687039375), np.float64(55048.51290080786), np.float64(55078.636938102245), np.float64(55024.68953711987), np.float64(55028.15196504832), np.float64(54983.85601591826), np.float64(54948.52925795079), np.float64(54919.09250365019), np.float64(54933.00814920187), np.float64(54926.42107548714), np.float64(54907.700243945124), np.float64(54921.541585152154), np.float64(54905.786488544945), np.float64(54858.80940171004), np.float64(54772.04150126219), np.float64(54804.75189636946), np.float64(54788.39940313339), np.float64(54714.811573858264), np.float64(54684.73209341526), np.float64(54629.354881100655), np.float64(54671.8214237833), np.float64(54654.030877485275), np.float64(54613.86995869636), np.float64(54652.46018408537), np.float64(54660.62889724731)]","[np.float64(55102.745460349994), np.float64(55097.644040975574), np.float64(55097.65275450311), np.float64(55067.04152336706), np.float64(55092.36391216522), np.float64(55078.636938102245), np.float64(55078.636938102245), np.float64(55034.92457551264), np.float64(55046.33024360238), np.float64(55004.9765349878), np.float64(54948.927289445746), np.float64(54933.05502492971), np.float64(54936.245586923), np.float64(54963.78949817256), np.float64(54921.541585152154), np.float64(54966.20134758793), np.float64(54916.81858193157), np.float64(54858.81469809967), np.float64(54864.96002313056), np.float64(54804.75189636946), np.float64(54796.7066820614), np.float64(54724.42316864618), np.float64(54688.31196245653), np.float64(54696.183410332604), np.float64(54684.734049094666), np.float64(54704.2744152805), np.float64(54652.46018408537), np.float64(54707.23655613084), np.float64(54661.78837727393)]","[np.float64(55056.04957632065), np.float64(55053.43143799462), np.float64(55034.49563154799), np.float64(55046.08687039375), np.float64(55024.949276757805), np.float64(55046.76159401863), np.float64(55024.68100578711), np.float64(55004.58804469829), np.float64(54976.89214597501), np.float64(54936.85660931057), np.float64(54919.084060028355), np.float64(54919.09250365019), np.float64(54926.42107548714), np.float64(54904.82729764064), np.float64(54900.11584568543), np.float64(54893.62421458839), np.float64(54845.59966913172), np.float64(54767.9576466474), np.float64(54762.809883057365), np.float64(54787.20461700073), np.float64(54691.66319095572), np.float64(54684.73209341526), np.float64(54609.034428305866), np.float64(54611.59813559517), np.float64(54654.030877485275), np.float64(54609.84618886745), np.float64(54613.860766978825), np.float64(54629.46005553943), np.float64(54614.35433118891)]","[np.float64(55056.04957632065), np.float64(55097.644040975574), np.float64(55064.260914678576), np.float64(55046.08687039375), np.float64(55048.51290080786), np.float64(55078.636938102245), np.float64(55024.68953711987), np.float64(55028.15196504832), np.float64(54983.85601591826), np.float64(54948.52925795079), np.float64(54919.09250365019), np.float64(54933.00814920187), np.float64(54926.42107548714), np.float64(54907.700243945124), np.float64(54921.541585152154), np.float64(54905.786488544945), np.float64(54858.80940171004), np.float64(54772.04150126219), np.float64(54804.75189636946), np.float64(54788.39940313339), np.float64(54714.811573858264), np.float64(54684.73209341526), np.float64(54629.354881100655), np.float64(54671.8214237833), np.float64(54654.030877485275), np.float64(54613.86995869636), np.float64(54652.46018408537), np.float64(54660.62889724731), np.float64(54614.38004450083)]"
138,"[np.float64(55199.51259317875), np.float64(55165.621570286756), np.float64(55101.011817789076), np.float64(55040.770439605716), np.float64(55039.588395273684), np.float64(55069.34554681778), np.float64(54987.57715689421), np.float64(55060.96563933134), np.float64(55008.107563221456), np.float64(55003.35942545414), np.float64(54947.27548481464), np.float64(54977.748636629585), np.float64(54940.40226854563), np.float64(54956.08434857846), np.float64(54919.98969319821), np.float64(54897.32261843682), np.float64(54852.10089125872), np.float64(54829.510696382524), np.float64(54786.0132935977), np.float64(54790.50825572968), np.float64(54745.756564700605), np.float64(54746.010126667024), np.float64(54706.92926080465), np.float64(54676.52616369248), np.float64(54679.1241114378), np.float64(54655.985197649), np.float64(54590.647854948045), np.float64(54554.807662973406), np.float64(54603.849303107265)]","[np.float64(55199.51259317875), np.float64(55165.621570286756), np.float64(55134.30873258708), np.float64(55040.770439605716), np.float64(55095.27393029521), np.float64(55069.34554681778), np.float64(55108.061835738234), np.float64(55060.96563933134), np.float64(55008.11624888085), np.float64(55003.37056385204), np.float64(54987.232612659485), np.float64(54977.748636629585), np.float64(54958.6706993839), np.float64(54956.0977366564), np.float64(55029.35944800688), np.float64(54905.61282968039), np.float64(54852.10089125872), np.float64(54855.051735597), np.float64(54790.521101530154), np.float64(54790.529526347455), np.float64(54756.95588164886), np.float64(54763.92944912061), np.float64(54706.92926080465), np.float64(54679.1241114378), np.float64(54704.62663381091), np.float64(54655.985197649), np.float64(54590.656288991355), np.float64(54616.49226429906), np.float64(54615.365308359054)]","[np.float64(55165.61220220808), np.float64(55093.8612983292), np.float64(55040.770439605716), np.float64(55019.43065006805), np.float64(55022.23637887124), np.float64(54984.40255282993), np.float64(54976.949659118), np.float64(55008.107563221456), np.float64(54980.88306352346), np.float64(54945.64151162839), np.float64(54947.27548481464), np.float64(54866.06254356069), np.float64(54940.40226854563), np.float64(54890.53383807806), np.float64(54896.07264412038), np.float64(54837.09126216386), np.float64(54829.49431172528), np.float64(54714.429185426176), np.float64(54786.0132935977), np.float64(54715.67923619765), np.float64(54742.17916302944), np.float64(54683.66428319196), np.float64(54675.732254484), np.float64(54642.709163909596), np.float64(54655.985197649), np.float64(54551.032123707475), np.float64(54554.807662973406), np.float64(54546.38519403645), np.float64(54535.09296184738)]","[np.float64(55165.621570286756), np.float64(55101.011817789076), np.float64(55040.770439605716), np.float64(55039.588395273684), np.float64(55069.34554681778), np.float64(54987.57715689421), np.float64(55060.96563933134), np.float64(55008.107563221456), np.float64(55003.35942545414), np.float64(54947.27548481464), np.float64(54977.748636629585), np.float64(54940.40226854563), np.float64(54956.08434857846), np.float64(54919.98969319821), np.float64(54897.32261843682), np.float64(54852.10089125872), np.float64(54829.510696382524), np.float64(54786.0132935977), np.float64(54790.50825572968), np.float64(54745.756564700605), np.float64(54746.010126667024), np.float64(54706.92926080465), np.float64(54676.52616369248), np.float64(54679.1241114378), np.float64(54655.985197649), np.float64(54590.647854948045), np.float64(54554.807662973406), np.float64(54603.849303107265), np.float64(54560.286095261574)]"
139,"[np.float64(55144.381602540016), np.float64(55082.26857904434), np.float64(55215.27850705624), np.float64(55212.634199581145), np.float64(55176.17677931547), np.float64(55083.451782369615), np.float64(55159.372665045266), np.float64(55133.927225923544), np.float64(55118.79965976954), np.float64(55013.54555952311), np.float64(55060.87948750019), np.float64(55044.67096698046), np.float64(55105.35533813715), np.float64(55102.57182269573), np.float64(55026.71056378365), np.float64(54899.946450364594), np.float64(54918.73450351477), np.float64(54846.99282170057), np.float64(54781.87401361466), np.float64(54872.82729622126), np.float64(54831.59070292473), np.float64(54921.252480726245), np.float64(54873.819523215294), np.float64(54983.845327425006), np.float64(54720.6595962143), np.float64(54921.797078773976), np.float64(54819.1638485837), np.float64(54743.44591850281), np.float64(54729.37329375505)]","[np.float64(55182.625864937996), np.float64(55215.287023205594), np.float64(55239.803493546715), np.float64(55262.517232606195), np.float64(55176.18247182856), np.float64(55193.62986222976), np.float64(55272.52959945663), np.float64(55133.93569321703), np.float64(55118.80945882872), np.float64(55072.22024063795), np.float64(55079.0569506795), np.float64(55105.35533813715), np.float64(55118.67442558494), np.float64(55169.76777425117), np.float64(55026.72347749196), np.float64(54944.402670280295), np.float64(54921.58381084498), np.float64(54868.41041675585), np.float64(54872.82729622126), np.float64(54891.97276157608), np.float64(54926.25342506789), np.float64(54937.07025772962), np.float64(55006.24783878361), np.float64(54983.845327425006), np.float64(55043.228591999956), np.float64(54921.80266967115), np.float64(54825.83069277919), np.float64(54743.44591850281), np.float64(54811.12069416932)]","[np.float64(55077.35555573919), np.float64(55076.1224288782), np.float64(55212.634199581145), np.float64(55167.99901138981), np.float64(55055.5654359198), np.float64(55083.451782369615), np.float64(55130.61188673478), np.float64(55118.78762281633), np.float64(55010.55660748942), np.float64(55010.54281651244), np.float64(55024.061834314874), np.float64(55001.688940013206), np.float64(55093.77861820635), np.float64(54986.92023211779), np.float64(54873.4963014808), np.float64(54895.84166930901), np.float64(54842.87082833986), np.float64(54720.97412998549), np.float64(54761.93609202924), np.float64(54822.569647464086), np.float64(54782.82840595895), np.float64(54863.9236129903), np.float64(54840.803002324115), np.float64(54720.64471454577), np.float64(54698.84401044068), np.float64(54813.678928442685), np.float64(54710.799941434976), np.float64(54719.73185237481), np.float64(54627.37416399583)]","[np.float64(55082.26857904434), np.float64(55215.27850705624), np.float64(55212.634199581145), np.float64(55176.17677931547), np.float64(55083.451782369615), np.float64(55159.372665045266), np.float64(55133.927225923544), np.float64(55118.79965976954), np.float64(55013.54555952311), np.float64(55060.87948750019), np.float64(55044.67096698046), np.float64(55105.35533813715), np.float64(55102.57182269573), np.float64(55026.71056378365), np.float64(54899.946450364594), np.float64(54918.73450351477), np.float64(54846.99282170057), np.float64(54781.87401361466), np.float64(54872.82729622126), np.float64(54831.59070292473), np.float64(54921.252480726245), np.float64(54873.819523215294), np.float64(54983.845327425006), np.float64(54720.6595962143), np.float64(54921.797078773976), np.float64(54819.1638485837), np.float64(54743.44591850281), np.float64(54729.37329375505), np.float64(54793.13067111016)]"
140,"[np.float64(55094.96715291262), np.float64(55086.53393173695), np.float64(55058.454487302304), np.float64(55055.36474009037), np.float64(55032.84575891018), np.float64(54981.43410636902), np.float64(54946.08429731369), np.float64(54916.116337776184), np.float64(54909.33815895319), np.float64(54894.38173746825), np.float64(54886.56716113091), np.float64(54860.14868279219), np.float64(54888.58007484198), np.float64(54877.24885544777), np.float64(54789.57874314785), np.float64(54789.22821208), np.float64(54772.67894754648), np.float64(54763.65064772844), np.float64(54733.73703209639), np.float64(54727.624630503655), np.float64(54710.1695483613), np.float64(54648.116663737295), np.float64(54670.55515927554), np.float64(54618.74983536243), np.float64(54601.71263467312), np.float64(54633.04678969145), np.float64(54597.48733163595), np.float64(54546.52433825732), np.float64(54526.192892436986)]","[np.float64(55112.958167373894), np.float64(55086.53393173695), np.float64(55072.03717377518), np.float64(55066.041678110596), np.float64(55036.49117523837), np.float64(54981.43969200232), np.float64(54948.36972141567), np.float64(54916.95368440416), np.float64(54934.13991168096), np.float64(54921.789097255496), np.float64(54893.34412517124), np.float64(54888.58007484198), np.float64(54891.77264393716), np.float64(54890.912183979875), np.float64(54789.588024190205), np.float64(54809.19865941024), np.float64(54777.333913061695), np.float64(54803.29198165507), np.float64(54733.74630728176), np.float64(54737.81114032806), np.float64(54710.1695483613), np.float64(54676.68360776965), np.float64(54763.2648258124), np.float64(54620.09622416119), np.float64(54648.20649723783), np.float64(54654.58947722861), np.float64(54607.18287441234), np.float64(54556.72507129566), np.float64(54563.7325907436)]","[np.float64(55086.53393173695), np.float64(55049.66323161508), np.float64(55055.35066412576), np.float64(55027.608626746565), np.float64(54969.7944759286), np.float64(54946.08429731369), np.float64(54914.089054994874), np.float64(54889.964112314454), np.float64(54867.82513129407), np.float64(54886.56716113091), np.float64(54774.256144690735), np.float64(54860.14868279219), np.float64(54851.921749283014), np.float64(54781.73041681361), np.float64(54768.56513445948), np.float64(54760.37927872088), np.float64(54747.22801114185), np.float64(54723.61522071113), np.float64(54715.04028175746), np.float64(54682.170203234826), np.float64(54640.48298756343), np.float64(54594.35787221994), np.float64(54616.49817387147), np.float64(54569.32356509095), np.float64(54600.692283302305), np.float64(54572.19450675809), np.float64(54533.522924638724), np.float64(54507.95778393171), np.float64(54520.45899070018)]","[np.float64(55086.53393173695), np.float64(55058.454487302304), np.float64(55055.36474009037), np.float64(55032.84575891018), np.float64(54981.43410636902), np.float64(54946.08429731369), np.float64(54916.116337776184), np.float64(54909.33815895319), np.float64(54894.38173746825), np.float64(54886.56716113091), np.float64(54860.14868279219), np.float64(54888.58007484198), np.float64(54877.24885544777), np.float64(54789.57874314785), np.float64(54789.22821208), np.float64(54772.67894754648), np.float64(54763.65064772844), np.float64(54733.73703209639), np.float64(54727.624630503655), np.float64(54710.1695483613), np.float64(54648.116663737295), np.float64(54670.55515927554), np.float64(54618.74983536243), np.float64(54601.71263467312), np.float64(54633.04678969145), np.float64(54597.48733163595), np.float64(54546.52433825732), np.float64(54526.192892436986), np.float64(54548.92062117815)]"
141,"[np.float64(55110.13811692476), np.float64(55056.1523403883), np.float64(55039.522461435794), np.float64(55012.309943947796), np.float64(54983.704445357325), np.float64(55013.450908408166), np.float64(54977.635055291656), np.float64(54969.68912638664), np.float64(54960.13927960873), np.float64(54920.13765800238), np.float64(54890.82092389107), np.float64(54887.1153649354), np.float64(54891.76936669588), np.float64(54874.787926459314), np.float64(54913.09934958458), np.float64(54897.18650111914), np.float64(54820.358384287356), np.float64(54842.35285663605), np.float64(54794.42526656389), np.float64(54744.032626638415), np.float64(54788.73770038367), np.float64(54787.61476470709), np.float64(54746.05635761976), np.float64(54644.416255862714), np.float64(54700.20516833306), np.float64(54603.316037437915), np.float64(54589.43477535248), np.float64(54603.87209664106), np.float64(54613.52329093933)]","[np.float64(55110.13811692476), np.float64(55056.1523403883), np.float64(55058.9762673317), np.float64(55012.309943947796), np.float64(55023.18763410199), np.float64(55022.97022048582), np.float64(54977.64376354484), np.float64(54969.70228271968), np.float64(54984.295612430295), np.float64(54920.13765800238), np.float64(54915.683453037476), np.float64(54891.76936669588), np.float64(54919.632581092206), np.float64(54923.20898702518), np.float64(54933.08949570636), np.float64(54898.88918250597), np.float64(54863.41780207046), np.float64(54848.3897500968), np.float64(54836.81814326848), np.float64(54805.34102363571), np.float64(54790.571248451975), np.float64(54801.51226390366), np.float64(54747.05237760791), np.float64(54726.228088017415), np.float64(54705.4860368252), np.float64(54618.80708316947), np.float64(54625.75855816833), np.float64(54631.07569271482), np.float64(54629.13881046204)]","[np.float64(55045.87839644887), np.float64(55030.538176840746), np.float64(55012.3002539749), np.float64(54948.19456665969), np.float64(54972.61209949943), np.float64(54977.635055291656), np.float64(54947.84181939456), np.float64(54953.251641973126), np.float64(54912.20014651144), np.float64(54877.628342210206), np.float64(54887.10687518301), np.float64(54865.19324813365), np.float64(54862.762653162164), np.float64(54865.80993148747), np.float64(54894.728763058374), np.float64(54800.389169929345), np.float64(54810.81000026834), np.float64(54779.80425373903), np.float64(54729.076806332036), np.float64(54735.63330932609), np.float64(54761.38773985199), np.float64(54722.65604337598), np.float64(54623.668602660066), np.float64(54606.24742607877), np.float64(54597.76795351134), np.float64(54579.17677892589), np.float64(54585.678437746115), np.float64(54588.0152893148), np.float64(54531.11534081354)]","[np.float64(55056.1523403883), np.float64(55039.522461435794), np.float64(55012.309943947796), np.float64(54983.704445357325), np.float64(55013.450908408166), np.float64(54977.635055291656), np.float64(54969.68912638664), np.float64(54960.13927960873), np.float64(54920.13765800238), np.float64(54890.82092389107), np.float64(54887.1153649354), np.float64(54891.76936669588), np.float64(54874.787926459314), np.float64(54913.09934958458), np.float64(54897.18650111914), np.float64(54820.358384287356), np.float64(54842.35285663605), np.float64(54794.42526656389), np.float64(54744.032626638415), np.float64(54788.73770038367), np.float64(54787.61476470709), np.float64(54746.05635761976), np.float64(54644.416255862714), np.float64(54700.20516833306), np.float64(54603.316037437915), np.float64(54589.43477535248), np.float64(54603.87209664106), np.float64(54613.52329093933), np.float64(54575.6691550374)]"
142,"[np.float64(55027.68437566281), np.float64(54949.20121647835), np.float64(55040.33942289591), np.float64(54998.09811123371), np.float64(54960.53732939959), np.float64(54936.20194825173), np.float64(54918.359376034736), np.float64(54879.09835111142), np.float64(55058.714874451165), np.float64(54976.23924109459), np.float64(55002.71734319687), np.float64(54867.46270282507), np.float64(54826.72846871138), np.float64(54870.7788400507), np.float64(54722.062235593796), np.float64(54795.62031737566), np.float64(54829.388744537835), np.float64(54760.35884936094), np.float64(54709.69513379336), np.float64(54732.03563001395), np.float64(54760.8295293951), np.float64(54548.02729494095), np.float64(54610.00523133516), np.float64(54565.387983522414), np.float64(54711.008530693056), np.float64(54693.75652992249), np.float64(54593.06062132835), np.float64(54588.94091545344), np.float64(54584.58593394995)]","[np.float64(55027.68437566281), np.float64(55040.33942289591), np.float64(55060.81765810628), np.float64(54998.10670121188), np.float64(54964.6979415902), np.float64(54936.21598842172), np.float64(54918.359376034736), np.float64(55058.714874451165), np.float64(55084.74671517661), np.float64(55017.871004412315), np.float64(55002.73330542047), np.float64(54867.46270282507), np.float64(54870.791646959246), np.float64(54882.2194642231), np.float64(54806.48167641742), np.float64(54838.505344330435), np.float64(54853.399106281555), np.float64(54760.36761196996), np.float64(54822.75627724654), np.float64(54760.8295293951), np.float64(54810.35186178872), np.float64(54610.010702572654), np.float64(54610.01670259374), np.float64(54728.86533620794), np.float64(54711.008530693056), np.float64(54693.75652992249), np.float64(54598.946874551424), np.float64(54588.94984661524), np.float64(54609.42976638818)]","[np.float64(54878.300884941724), np.float64(54945.06421039739), np.float64(54998.09811123371), np.float64(54855.635590378835), np.float64(54931.350129034734), np.float64(54915.31930272276), np.float64(54863.95485656011), np.float64(54879.09835111142), np.float64(54955.843622041975), np.float64(54976.22296628484), np.float64(54867.44592010222), np.float64(54826.72846871138), np.float64(54821.76664940991), np.float64(54715.54016138812), np.float64(54712.8238948814), np.float64(54791.148687250396), np.float64(54760.35884936094), np.float64(54640.221827800975), np.float64(54709.68712012535), np.float64(54695.53997408012), np.float64(54537.60821946169), np.float64(54531.93531274234), np.float64(54532.59989173631), np.float64(54563.02951919816), np.float64(54686.91630869319), np.float64(54585.958276735415), np.float64(54588.94091545344), np.float64(54584.577312609224), np.float64(54381.24961308862)]","[np.float64(54949.20121647835), np.float64(55040.33942289591), np.float64(54998.09811123371), np.float64(54960.53732939959), np.float64(54936.20194825173), np.float64(54918.359376034736), np.float64(54879.09835111142), np.float64(55058.714874451165), np.float64(54976.23924109459), np.float64(55002.71734319687), np.float64(54867.46270282507), np.float64(54826.72846871138), np.float64(54870.7788400507), np.float64(54722.062235593796), np.float64(54795.62031737566), np.float64(54829.388744537835), np.float64(54760.35884936094), np.float64(54709.69513379336), np.float64(54732.03563001395), np.float64(54760.8295293951), np.float64(54548.02729494095), np.float64(54610.00523133516), np.float64(54565.387983522414), np.float64(54711.008530693056), np.float64(54693.75652992249), np.float64(54593.06062132835), np.float64(54588.94091545344), np.float64(54584.58593394995), np.float64(54543.49369970083)]"
143,"[np.float64(55045.686888947486), np.float64(55022.2489549017), np.float64(55007.245658578875), np.float64(55004.708236036306), np.float64(54986.56960543394), np.float64(54973.4848292613), np.float64(54992.603324263095), np.float64(54963.70588815212), np.float64(54916.319032816886), np.float64(54896.90138878107), np.float64(54862.74804708481), np.float64(54869.60490867138), np.float64(54849.61935794592), np.float64(54825.41996533871), np.float64(54816.62977424383), np.float64(54799.14172518253), np.float64(54812.88480951786), np.float64(54808.90031952143), np.float64(54833.277939534186), np.float64(54761.872623314855), np.float64(54766.20249329806), np.float64(54762.41760769367), np.float64(54749.88502741337), np.float64(54719.91165924072), np.float64(54716.96189265728), np.float64(54680.56396737814), np.float64(54625.585319962505), np.float64(54614.91652959585), np.float64(54607.02198272467)]","[np.float64(55059.96908080269), np.float64(55022.2489549017), np.float64(55039.08649977513), np.float64(55004.708236036306), np.float64(54995.74180619628), np.float64(54992.603324263095), np.float64(55036.3077874073), np.float64(54963.70588815212), np.float64(54938.189572187744), np.float64(54896.90138878107), np.float64(54930.90746875985), np.float64(54869.60490867138), np.float64(54900.55877414575), np.float64(54825.41996533871), np.float64(54861.482173392586), np.float64(54812.88480951786), np.float64(54812.88480951786), np.float64(54859.23524454989), np.float64(54833.277939534186), np.float64(54766.20249329806), np.float64(54780.6649225265), np.float64(54775.92447066752), np.float64(54749.88502741337), np.float64(54747.105136780396), np.float64(54716.96189265728), np.float64(54698.89834457086), np.float64(54625.585319962505), np.float64(54655.34928117765), np.float64(54607.02198272467)]","[np.float64(55022.239725802196), np.float64(54982.65842257738), np.float64(55004.708236036306), np.float64(54961.77126853676), np.float64(54966.65481862921), np.float64(54973.4848292613), np.float64(54934.46353231132), np.float64(54916.319032816886), np.float64(54881.00860225937), np.float64(54861.25394722093), np.float64(54862.74804708481), np.float64(54755.73982367148), np.float64(54825.41996533871), np.float64(54811.51010348023), np.float64(54799.14172518253), np.float64(54774.48112823243), np.float64(54808.90031952143), np.float64(54795.718400404294), np.float64(54761.872623314855), np.float64(54743.29991569641), np.float64(54762.41760769367), np.float64(54735.54754844931), np.float64(54719.90296254631), np.float64(54668.89883633217), np.float64(54680.56396737814), np.float64(54611.128040557734), np.float64(54614.91652959585), np.float64(54594.35326758642), np.float64(54577.117318030476)]","[np.float64(55022.2489549017), np.float64(55007.245658578875), np.float64(55004.708236036306), np.float64(54986.56960543394), np.float64(54973.4848292613), np.float64(54992.603324263095), np.float64(54963.70588815212), np.float64(54916.319032816886), np.float64(54896.90138878107), np.float64(54862.74804708481), np.float64(54869.60490867138), np.float64(54849.61935794592), np.float64(54825.41996533871), np.float64(54816.62977424383), np.float64(54799.14172518253), np.float64(54812.88480951786), np.float64(54808.90031952143), np.float64(54833.277939534186), np.float64(54761.872623314855), np.float64(54766.20249329806), np.float64(54762.41760769367), np.float64(54749.88502741337), np.float64(54719.91165924072), np.float64(54716.96189265728), np.float64(54680.56396737814), np.float64(54625.585319962505), np.float64(54614.91652959585), np.float64(54607.02198272467), np.float64(54598.35116793394)]"
144,"[np.float64(55066.87483077526), np.float64(55076.52409341812), np.float64(55126.799159917835), np.float64(54955.65964194298), np.float64(55006.21286682129), np.float64(54865.034225647454), np.float64(54935.479380352495), np.float64(54859.20255797386), np.float64(54822.239559099675), np.float64(54845.829321260455), np.float64(54843.28133900166), np.float64(54882.14379902602), np.float64(54785.562702779775), np.float64(54777.51542635441), np.float64(54698.91327719689), np.float64(54665.17408241987), np.float64(54602.72752642393), np.float64(54694.44909277439), np.float64(54546.0306071353), np.float64(54536.34052217484), np.float64(54455.36720161676), np.float64(54449.274374132154), np.float64(54504.444899318216), np.float64(54436.99973423719), np.float64(54423.685348625186), np.float64(54435.471408479214), np.float64(54333.030699944495), np.float64(54244.78804498196), np.float64(54243.65583735943)]","[np.float64(55076.52409341812), np.float64(55130.65901022404), np.float64(55126.80761936834), np.float64(55006.21286682129), np.float64(55038.55654274362), np.float64(54935.479380352495), np.float64(54953.17936297554), np.float64(54866.367283591055), np.float64(54852.581541014646), np.float64(54869.86883991826), np.float64(54882.152509265434), np.float64(54919.69902099027), np.float64(54785.562702779775), np.float64(54777.51542635441), np.float64(54719.36236207948), np.float64(54687.267305681155), np.float64(54694.44909277439), np.float64(54719.8567740187), np.float64(54546.0306071353), np.float64(54555.90787739038), np.float64(54455.36720161676), np.float64(54550.96260677795), np.float64(54504.444899318216), np.float64(54492.69233988952), np.float64(54435.471408479214), np.float64(54456.93935265968), np.float64(54333.030699944495), np.float64(54351.040873269165), np.float64(54256.5938019951)]","[np.float64(55066.87483077526), np.float64(55028.576873888065), np.float64(54946.589419667434), np.float64(54932.897392004495), np.float64(54865.02555782693), np.float64(54852.873948755565), np.float64(54847.212693671456), np.float64(54822.23041812565), np.float64(54776.731208965946), np.float64(54843.27210594291), np.float64(54832.57665293608), np.float64(54761.399514246266), np.float64(54777.51542635441), np.float64(54679.87036120091), np.float64(54662.184078704224), np.float64(54577.088691188816), np.float64(54593.4162393028), np.float64(54539.18692295004), np.float64(54521.68161568245), np.float64(54438.5502779779), np.float64(54449.26529661177), np.float64(54423.95942130774), np.float64(54436.99426383736), np.float64(54401.1614497676), np.float64(54398.9648953156), np.float64(54309.99038946901), np.float64(54203.37766880265), np.float64(54240.53134838562), np.float64(54240.37564281676)]","[np.float64(55076.52409341812), np.float64(55126.799159917835), np.float64(54955.65964194298), np.float64(55006.21286682129), np.float64(54865.034225647454), np.float64(54935.479380352495), np.float64(54859.20255797386), np.float64(54822.239559099675), np.float64(54845.829321260455), np.float64(54843.28133900166), np.float64(54882.14379902602), np.float64(54785.562702779775), np.float64(54777.51542635441), np.float64(54698.91327719689), np.float64(54665.17408241987), np.float64(54602.72752642393), np.float64(54694.44909277439), np.float64(54546.0306071353), np.float64(54536.34052217484), np.float64(54455.36720161676), np.float64(54449.274374132154), np.float64(54504.444899318216), np.float64(54436.99973423719), np.float64(54423.685348625186), np.float64(54435.471408479214), np.float64(54333.030699944495), np.float64(54244.78804498196), np.float64(54243.65583735943), np.float64(54251.29334528446)]"
145,"[np.float64(55078.42535744667), np.float64(55051.39093858719), np.float64(55038.984817347526), np.float64(55003.33289738655), np.float64(55019.384438710214), np.float64(54962.14923144817), np.float64(54923.07171378851), np.float64(54922.8442935586), np.float64(54889.17734269381), np.float64(54863.65631145716), np.float64(54852.544785671234), np.float64(54849.23534485102), np.float64(54849.175849864485), np.float64(54866.84753496647), np.float64(54794.38380036116), np.float64(54820.24338640213), np.float64(54793.34250931978), np.float64(54766.6749762106), np.float64(54728.871063349245), np.float64(54699.842274670606), np.float64(54665.22765366316), np.float64(54632.826323421), np.float64(54672.32275274992), np.float64(54628.01276692391), np.float64(54635.350224375725), np.float64(54627.16180832863), np.float64(54642.81684518576), np.float64(54591.91617988825), np.float64(54505.50499180555)]","[np.float64(55078.42535744667), np.float64(55069.81966267253), np.float64(55039.003022652025), np.float64(55053.14477174348), np.float64(55019.384438710214), np.float64(54973.000611563126), np.float64(54928.14474894992), np.float64(54929.25647055128), np.float64(54934.876712806246), np.float64(54863.66180660598), np.float64(54893.9018160135), np.float64(54849.23534485102), np.float64(54945.75511632699), np.float64(54867.633143217165), np.float64(54832.491033717706), np.float64(54848.72688422859), np.float64(54819.83377648859), np.float64(54788.284184317316), np.float64(54728.8795330559), np.float64(54704.240580873906), np.float64(54701.17407042783), np.float64(54698.334923569106), np.float64(54672.33438778238), np.float64(54680.75418479539), np.float64(54641.7712805587), np.float64(54656.96779375584), np.float64(54688.20988057288), np.float64(54624.19455193118), np.float64(54516.82446259112)]","[np.float64(55030.35379040735), np.float64(55009.43162745853), np.float64(55002.81982553054), np.float64(54983.18976302454), np.float64(54959.36730836206), np.float64(54899.2702396703), np.float64(54906.830750474845), np.float64(54876.37824812927), np.float64(54849.911315170124), np.float64(54829.44691446831), np.float64(54849.23534485102), np.float64(54823.24156096434), np.float64(54838.73324187723), np.float64(54761.66041308097), np.float64(54790.351401213535), np.float64(54783.538099108824), np.float64(54766.66208007774), np.float64(54685.54541587889), np.float64(54691.96311946982), np.float64(54658.30413641899), np.float64(54627.27227805755), np.float64(54550.79017791727), np.float64(54610.50117887785), np.float64(54593.49755913913), np.float64(54620.19146484846), np.float64(54597.84470558818), np.float64(54561.25838529577), np.float64(54495.19325436359), np.float64(54423.92329687305)]","[np.float64(55051.39093858719), np.float64(55038.984817347526), np.float64(55003.33289738655), np.float64(55019.384438710214), np.float64(54962.14923144817), np.float64(54923.07171378851), np.float64(54922.8442935586), np.float64(54889.17734269381), np.float64(54863.65631145716), np.float64(54852.544785671234), np.float64(54849.23534485102), np.float64(54849.175849864485), np.float64(54866.84753496647), np.float64(54794.38380036116), np.float64(54820.24338640213), np.float64(54793.34250931978), np.float64(54766.6749762106), np.float64(54728.871063349245), np.float64(54699.842274670606), np.float64(54665.22765366316), np.float64(54632.826323421), np.float64(54672.32275274992), np.float64(54628.01276692391), np.float64(54635.350224375725), np.float64(54627.16180832863), np.float64(54642.81684518576), np.float64(54591.91617988825), np.float64(54505.50499180555), np.float64(54459.625986680985)]"
146,"[np.float64(55276.36929851055), np.float64(55203.373586006164), np.float64(55086.744482176306), np.float64(55096.222085042005), np.float64(55100.31848227501), np.float64(55051.64102357388), np.float64(55103.24944741249), np.float64(55044.4300251627), np.float64(55046.72367279291), np.float64(54993.41706629753), np.float64(55028.18300031185), np.float64(55129.5582077241), np.float64(55017.511376850605), np.float64(55005.12856425285), np.float64(54956.80189417362), np.float64(54824.418723952775), np.float64(54784.16611592055), np.float64(54871.514285652636), np.float64(54815.45249466181), np.float64(54772.64507918835), np.float64(54599.871123185156), np.float64(54798.83819772959), np.float64(54739.58531200647), np.float64(54665.62029481888), np.float64(54619.306152119636), np.float64(54565.8388318944), np.float64(54495.98257453442), np.float64(54461.68204069614), np.float64(54367.956961357595)]","[np.float64(55276.36929851055), np.float64(55224.96151233584), np.float64(55096.222085042005), np.float64(55106.183689843536), np.float64(55100.31848227501), np.float64(55125.42058426619), np.float64(55103.24944741249), np.float64(55063.25485828552), np.float64(55046.74680346659), np.float64(55028.262819635296), np.float64(55129.5582077241), np.float64(55129.5582077241), np.float64(55041.33594875612), np.float64(55005.12856425285), np.float64(54956.80189417362), np.float64(54829.34980861376), np.float64(54878.60069393581), np.float64(54884.72547747864), np.float64(54815.45249466181), np.float64(54783.536769240585), np.float64(54803.292841242685), np.float64(54841.284515388375), np.float64(54756.24157251613), np.float64(54676.808263186154), np.float64(54619.306152119636), np.float64(54577.4691350108), np.float64(54495.98257453442), np.float64(54523.9944114461), np.float64(54417.96330849603)]","[np.float64(55203.373586006164), np.float64(55077.37251901658), np.float64(55086.744482176306), np.float64(55058.68817571587), np.float64(55051.63169825323), np.float64(55051.64102357388), np.float64(55044.4300251627), np.float64(55038.94031599793), np.float64(54982.22129415871), np.float64(54989.77049050344), np.float64(55020.47456258021), np.float64(55009.34036117126), np.float64(55005.12856425285), np.float64(54920.412529428715), np.float64(54817.85033891929), np.float64(54745.66062957358), np.float64(54784.16611592055), np.float64(54811.60348560811), np.float64(54737.7227093499), np.float64(54552.90502280396), np.float64(54599.860407254804), np.float64(54736.59450670042), np.float64(54662.810201475004), np.float64(54572.022612384084), np.float64(54548.15480401611), np.float64(54495.98257453442), np.float64(54411.99328624395), np.float64(54367.956961357595), np.float64(54343.16972040619)]","[np.float64(55203.373586006164), np.float64(55086.744482176306), np.float64(55096.222085042005), np.float64(55100.31848227501), np.float64(55051.64102357388), np.float64(55103.24944741249), np.float64(55044.4300251627), np.float64(55046.72367279291), np.float64(54993.41706629753), np.float64(55028.18300031185), np.float64(55129.5582077241), np.float64(55017.511376850605), np.float64(55005.12856425285), np.float64(54956.80189417362), np.float64(54824.418723952775), np.float64(54784.16611592055), np.float64(54871.514285652636), np.float64(54815.45249466181), np.float64(54772.64507918835), np.float64(54599.871123185156), np.float64(54798.83819772959), np.float64(54739.58531200647), np.float64(54665.62029481888), np.float64(54619.306152119636), np.float64(54565.8388318944), np.float64(54495.98257453442), np.float64(54461.68204069614), np.float64(54367.956961357595), np.float64(54407.3783136797)]"
147,"[np.float64(55052.147632398606), np.float64(55108.75002934933), np.float64(55068.60675301313), np.float64(55029.780865664485), np.float64(54966.834010918144), np.float64(54991.25283957958), np.float64(54968.60224827767), np.float64(55028.25511544705), np.float64(55026.74095516205), np.float64(54957.71247653246), np.float64(54925.31591104031), np.float64(54878.4522767663), np.float64(54902.98623209), np.float64(54880.07654140949), np.float64(54859.67259412289), np.float64(54797.03338769436), np.float64(54752.123944807056), np.float64(54777.70035016537), np.float64(54808.94539148093), np.float64(54787.60999995709), np.float64(54773.54600327015), np.float64(54765.84706870317), np.float64(54759.13083163023), np.float64(54653.43309452534), np.float64(54725.400651245116), np.float64(54707.44372502804), np.float64(54603.75272033692), np.float64(54674.76475151539), np.float64(54624.923019711976)]","[np.float64(55114.16586276894), np.float64(55108.75002934933), np.float64(55081.86891955444), np.float64(55029.780865664485), np.float64(55000.833829326526), np.float64(54991.25283957958), np.float64(55040.57698349309), np.float64(55028.25511544705), np.float64(55026.74864519566), np.float64(54957.72378347601), np.float64(54937.21788503129), np.float64(54902.98623209), np.float64(54919.461742688174), np.float64(54880.08544099627), np.float64(54860.68914555604), np.float64(54797.03338769436), np.float64(54781.45561045515), np.float64(54808.94539148093), np.float64(54856.79716360396), np.float64(54787.60999995709), np.float64(54801.02269624308), np.float64(54765.84706870317), np.float64(54759.13083163023), np.float64(54747.806822135746), np.float64(54725.400651245116), np.float64(54707.44372502804), np.float64(54690.07305823831), np.float64(54680.19934085116), np.float64(54633.55894761696)]","[np.float64(55052.13914773906), np.float64(55068.59174028301), np.float64(55029.780865664485), np.float64(54966.82482367651), np.float64(54957.96520377288), np.float64(54968.60224827767), np.float64(54953.68288657283), np.float64(55026.74095516205), np.float64(54947.570020364554), np.float64(54894.86435494598), np.float64(54878.4522767663), np.float64(54861.55258437947), np.float64(54880.07654140949), np.float64(54859.65373569113), np.float64(54797.024938355455), np.float64(54737.404089210446), np.float64(54752.123944807056), np.float64(54756.28711073057), np.float64(54787.60999995709), np.float64(54741.264056706874), np.float64(54764.62961831388), np.float64(54759.13083163023), np.float64(54653.42460166799), np.float64(54635.43433268258), np.float64(54707.43207471592), np.float64(54590.66413722826), np.float64(54603.75272033692), np.float64(54619.58255720372), np.float64(54570.918706722885)]","[np.float64(55108.75002934933), np.float64(55068.60675301313), np.float64(55029.780865664485), np.float64(54966.834010918144), np.float64(54991.25283957958), np.float64(54968.60224827767), np.float64(55028.25511544705), np.float64(55026.74095516205), np.float64(54957.71247653246), np.float64(54925.31591104031), np.float64(54878.4522767663), np.float64(54902.98623209), np.float64(54880.07654140949), np.float64(54859.67259412289), np.float64(54797.03338769436), np.float64(54752.123944807056), np.float64(54777.70035016537), np.float64(54808.94539148093), np.float64(54787.60999995709), np.float64(54773.54600327015), np.float64(54765.84706870317), np.float64(54759.13083163023), np.float64(54653.43309452534), np.float64(54725.400651245116), np.float64(54707.44372502804), np.float64(54603.75272033692), np.float64(54674.76475151539), np.float64(54624.923019711976), np.float64(54585.194019072056)]"
148,"[np.float64(55060.69739678383), np.float64(54977.354450149534), np.float64(55078.7720252037), np.float64(55066.15677007198), np.float64(55057.96062740326), np.float64(54967.885732898714), np.float64(55038.48232938767), np.float64(54784.126838927274), np.float64(54930.21136972666), np.float64(54879.926129841806), np.float64(54937.09025218487), np.float64(54955.280264821056), np.float64(54871.813305909636), np.float64(54882.75613379002), np.float64(54836.08424850941), np.float64(54780.011640248296), np.float64(54802.41317677975), np.float64(54795.76725196362), np.float64(54644.28722128153), np.float64(54791.03752931118), np.float64(54579.20601608753), np.float64(54580.59809575081), np.float64(54626.48817569971), np.float64(54617.257567172055), np.float64(54652.172882537845), np.float64(54584.256264760494), np.float64(54511.77038050652), np.float64(54575.7023795104), np.float64(54298.77923015356)]","[np.float64(55060.69739678383), np.float64(55107.37076127221), np.float64(55078.77986978102), np.float64(55066.15677007198), np.float64(55057.96062740326), np.float64(55141.87674098072), np.float64(55038.48232938767), np.float64(54964.72309086573), np.float64(54930.21136972666), np.float64(54961.49417733879), np.float64(54955.280264821056), np.float64(54955.280264821056), np.float64(54904.44130115928), np.float64(54899.137834624424), np.float64(54855.37633336133), np.float64(54804.67318038737), np.float64(54808.84314283363), np.float64(54834.053698112424), np.float64(54791.03752931118), np.float64(54829.889848562845), np.float64(54580.59809575081), np.float64(54677.475013399075), np.float64(54626.48817569971), np.float64(54658.41222323243), np.float64(54657.49790324716), np.float64(54584.256264760494), np.float64(54575.76161287976), np.float64(54575.7023795104), np.float64(54307.3504312329)]","[np.float64(54968.31182142239), np.float64(54977.354450149534), np.float64(55066.15677007198), np.float64(55049.74349348433), np.float64(54956.97228680598), np.float64(54967.885732898714), np.float64(54770.21807966437), np.float64(54784.126838927274), np.float64(54879.91741463045), np.float64(54879.926129841806), np.float64(54930.86275425318), np.float64(54862.863280867154), np.float64(54860.9111011939), np.float64(54822.04835940733), np.float64(54775.6611601551), np.float64(54765.35326995073), np.float64(54795.76725196362), np.float64(54611.747567053986), np.float64(54628.95683910657), np.float64(54579.20601608753), np.float64(54563.351347687836), np.float64(54556.69019821739), np.float64(54615.50743864455), np.float64(54617.257567172055), np.float64(54546.09543745541), np.float64(54511.77038050652), np.float64(54445.39231733579), np.float64(54298.77923015356), np.float64(54184.66451709707)]","[np.float64(54977.354450149534), np.float64(55078.7720252037), np.float64(55066.15677007198), np.float64(55057.96062740326), np.float64(54967.885732898714), np.float64(55038.48232938767), np.float64(54784.126838927274), np.float64(54930.21136972666), np.float64(54879.926129841806), np.float64(54937.09025218487), np.float64(54955.280264821056), np.float64(54871.813305909636), np.float64(54882.75613379002), np.float64(54836.08424850941), np.float64(54780.011640248296), np.float64(54802.41317677975), np.float64(54795.76725196362), np.float64(54644.28722128153), np.float64(54791.03752931118), np.float64(54579.20601608753), np.float64(54580.59809575081), np.float64(54626.48817569971), np.float64(54617.257567172055), np.float64(54652.172882537845), np.float64(54584.256264760494), np.float64(54511.77038050652), np.float64(54575.7023795104), np.float64(54298.77923015356), np.float64(54222.40659766674)]"
149,"[np.float64(55138.53048953533), np.float64(55073.842183051114), np.float64(55111.44159799338), np.float64(55057.85966621399), np.float64(54966.15419699192), np.float64(55095.537635142806), np.float64(54936.39112170458), np.float64(55088.747480056285), np.float64(54972.456158368586), np.float64(55016.67921970129), np.float64(54956.17320472717), np.float64(55044.468915824895), np.float64(54983.28244303942), np.float64(55023.16249913216), np.float64(55010.471523108485), np.float64(54999.234568498134), np.float64(54872.57012849808), np.float64(54964.103036503795), np.float64(54871.043734395505), np.float64(54933.03171539784), np.float64(54770.9844994235), np.float64(54877.20223816395), np.float64(54799.753802392486), np.float64(54811.99560414553), np.float64(54881.54228153229), np.float64(54730.02928393125), np.float64(54724.767840933804), np.float64(54767.34912394762), np.float64(54816.14763305426)]","[np.float64(55138.53048953533), np.float64(55118.70927420116), np.float64(55138.548595728294), np.float64(55060.8645876097), np.float64(55095.537635142806), np.float64(55100.79021865396), np.float64(55188.10635975528), np.float64(55092.87163716548), np.float64(55025.262604082294), np.float64(55016.67921970129), np.float64(55076.178699206896), np.float64(55044.468915824895), np.float64(55023.16249913216), np.float64(55140.851928953634), np.float64(55018.833910882764), np.float64(55012.76280017281), np.float64(54964.103036503795), np.float64(54992.0626680915), np.float64(54933.03171539784), np.float64(54933.04040519396), np.float64(54877.21006130737), np.float64(54891.28617500501), np.float64(54812.026159484616), np.float64(54882.74138642801), np.float64(54881.55132076385), np.float64(54740.78294033745), np.float64(54767.34912394762), np.float64(54820.46109333183), np.float64(54844.12326056498)]","[np.float64(55073.842183051114), np.float64(55056.14095159663), np.float64(55057.85966621399), np.float64(54966.14685503318), np.float64(54965.357085956624), np.float64(54931.501339123104), np.float64(54936.39112170458), np.float64(54972.456158368586), np.float64(54932.527093380115), np.float64(54956.17320472717), np.float64(54931.608786890654), np.float64(54949.2658923574), np.float64(54983.28244303942), np.float64(54971.60865641364), np.float64(54999.234568498134), np.float64(54798.45877809567), np.float64(54867.076260069785), np.float64(54720.18424319863), np.float64(54864.92085390284), np.float64(54770.9844994235), np.float64(54762.3742825047), np.float64(54708.68092691319), np.float64(54795.36379674687), np.float64(54762.48868532152), np.float64(54725.928984590784), np.float64(54716.77702996027), np.float64(54724.75865318719), np.float64(54716.03584743912), np.float64(54733.53983236131)]","[np.float64(55073.842183051114), np.float64(55111.44159799338), np.float64(55057.85966621399), np.float64(54966.15419699192), np.float64(55095.537635142806), np.float64(54936.39112170458), np.float64(55088.747480056285), np.float64(54972.456158368586), np.float64(55016.67921970129), np.float64(54956.17320472717), np.float64(55044.468915824895), np.float64(54983.28244303942), np.float64(55023.16249913216), np.float64(55010.471523108485), np.float64(54999.234568498134), np.float64(54872.57012849808), np.float64(54964.103036503795), np.float64(54871.043734395505), np.float64(54933.03171539784), np.float64(54770.9844994235), np.float64(54877.20223816395), np.float64(54799.753802392486), np.float64(54811.99560414553), np.float64(54881.54228153229), np.float64(54730.02928393125), np.float64(54724.767840933804), np.float64(54767.34912394762), np.float64(54816.14763305426), np.float64(54746.84859389067)]"
150,"[np.float64(55135.52625026942), np.float64(55101.47979350567), np.float64(55117.445440552234), np.float64(55107.866103835106), np.float64(55088.22992518425), np.float64(55063.377761826516), np.float64(55058.09301018715), np.float64(55041.71347377539), np.float64(55040.62041436911), np.float64(55042.23669483662), np.float64(54967.78374149323), np.float64(54962.926787137985), np.float64(54978.70905569792), np.float64(54942.10276918888), np.float64(54918.290351548196), np.float64(54914.60359403849), np.float64(54856.09426687002), np.float64(54877.350202968126), np.float64(54807.21076492548), np.float64(54745.12826158524), np.float64(54719.86092109203), np.float64(54736.12919415236), np.float64(54689.0042712903), np.float64(54787.506720781326), np.float64(54702.204302902224), np.float64(54676.75706090212), np.float64(54643.14303739548), np.float64(54584.608985037805), np.float64(54590.94455721855)]","[np.float64(55137.23156750199), np.float64(55117.445440552234), np.float64(55117.445440552234), np.float64(55115.940859749), np.float64(55109.39161185496), np.float64(55063.377761826516), np.float64(55069.859348983045), np.float64(55041.71347377539), np.float64(55086.57130294248), np.float64(55043.649230539144), np.float64(54967.81465829923), np.float64(54978.70905569792), np.float64(54986.307997950134), np.float64(54942.11194479853), np.float64(54947.112043160116), np.float64(54922.12524411377), np.float64(54880.26894941723), np.float64(54879.10254872573), np.float64(54817.009511721844), np.float64(54758.14541521785), np.float64(54736.13700136993), np.float64(54769.06426581306), np.float64(54787.506720781326), np.float64(54802.54361945549), np.float64(54702.204302902224), np.float64(54695.025513362765), np.float64(54643.14303739548), np.float64(54688.703173335925), np.float64(54593.176873608994)]","[np.float64(55059.896315017984), np.float64(55091.8743085864), np.float64(55107.852930949724), np.float64(55064.75925056245), np.float64(55059.87857726801), np.float64(55058.07913324369), np.float64(55017.73096516427), np.float64(55040.62041436911), np.float64(55019.109274803835), np.float64(54967.78374149323), np.float64(54958.92038908566), np.float64(54935.445051650626), np.float64(54932.918802689164), np.float64(54907.72826693422), np.float64(54911.62515092675), np.float64(54835.01677227166), np.float64(54838.3006640502), np.float64(54770.84882161307), np.float64(54718.91781732465), np.float64(54719.85173075314), np.float64(54693.17562713018), np.float64(54682.14031975675), np.float64(54653.55249511212), np.float64(54679.07607465843), np.float64(54675.02773615257), np.float64(54630.20176303254), np.float64(54583.91806300294), np.float64(54584.07718234335), np.float64(54527.11996886818)]","[np.float64(55101.47979350567), np.float64(55117.445440552234), np.float64(55107.866103835106), np.float64(55088.22992518425), np.float64(55063.377761826516), np.float64(55058.09301018715), np.float64(55041.71347377539), np.float64(55040.62041436911), np.float64(55042.23669483662), np.float64(54967.78374149323), np.float64(54962.926787137985), np.float64(54978.70905569792), np.float64(54942.10276918888), np.float64(54918.290351548196), np.float64(54914.60359403849), np.float64(54856.09426687002), np.float64(54877.350202968126), np.float64(54807.21076492548), np.float64(54745.12826158524), np.float64(54719.86092109203), np.float64(54736.12919415236), np.float64(54689.0042712903), np.float64(54787.506720781326), np.float64(54702.204302902224), np.float64(54676.75706090212), np.float64(54643.14303739548), np.float64(54584.608985037805), np.float64(54590.94455721855), np.float64(54568.63638403177)]"
151,"[np.float64(55021.99809725285), np.float64(54993.228021621704), np.float64(55083.74436377526), np.float64(54992.32683998585), np.float64(55008.521323809626), np.float64(55018.15075479031), np.float64(54907.06138111353), np.float64(54829.24863513232), np.float64(54918.58718259573), np.float64(54867.56714099408), np.float64(54865.12475589752), np.float64(54932.658905904296), np.float64(54928.7719001174), np.float64(54887.59119605065), np.float64(54806.65419061422), np.float64(54808.45423589945), np.float64(54818.064607880115), np.float64(54762.2088601327), np.float64(54792.64505294085), np.float64(54910.09189089298), np.float64(54836.120434854034), np.float64(54781.964801418784), np.float64(54734.97612465143), np.float64(54624.66211745501), np.float64(54623.778320717814), np.float64(54634.1876253748), np.float64(54536.607734506135), np.float64(54661.91975816727), np.float64(54558.394618287086)]","[np.float64(55021.99809725285), np.float64(55108.2144700819), np.float64(55100.99141498443), np.float64(55008.521323809626), np.float64(55038.96381581148), np.float64(55018.15075479031), np.float64(54925.054864001344), np.float64(54947.74730865122), np.float64(54918.58718259573), np.float64(54867.575814217904), np.float64(54932.67380844578), np.float64(54965.04857413992), np.float64(54947.087753475156), np.float64(54900.81702327574), np.float64(54894.205383467845), np.float64(54818.064607880115), np.float64(54818.064607880115), np.float64(54814.04580603103), np.float64(54910.10539000916), np.float64(54931.96471989838), np.float64(54836.120434854034), np.float64(54842.378267099426), np.float64(54734.97612465143), np.float64(54624.67132536976), np.float64(54668.62203399811), np.float64(54634.1876253748), np.float64(54744.694163738066), np.float64(54674.548318475034), np.float64(54560.6638984196)]","[np.float64(54971.93174835929), np.float64(54993.228021621704), np.float64(54992.32683998585), np.float64(54973.68718644882), np.float64(55008.50518204364), np.float64(54907.06138111353), np.float64(54764.552805235115), np.float64(54829.24863513232), np.float64(54865.68823188449), np.float64(54865.109817989556), np.float64(54865.12475589752), np.float64(54913.373411670764), np.float64(54886.490446365075), np.float64(54790.60130869205), np.float64(54806.65419061422), np.float64(54766.6783700715), np.float64(54761.26679708664), np.float64(54750.62904655733), np.float64(54774.66457579877), np.float64(54836.111218043116), np.float64(54770.424481340095), np.float64(54731.55019183866), np.float64(54624.65025184319), np.float64(54618.93373332982), np.float64(54596.29457800896), np.float64(54525.06188842825), np.float64(54507.23989137772), np.float64(54558.38913884028), np.float64(54488.185966123536)]","[np.float64(54993.228021621704), np.float64(55083.74436377526), np.float64(54992.32683998585), np.float64(55008.521323809626), np.float64(55018.15075479031), np.float64(54907.06138111353), np.float64(54829.24863513232), np.float64(54918.58718259573), np.float64(54867.56714099408), np.float64(54865.12475589752), np.float64(54932.658905904296), np.float64(54928.7719001174), np.float64(54887.59119605065), np.float64(54806.65419061422), np.float64(54808.45423589945), np.float64(54818.064607880115), np.float64(54762.2088601327), np.float64(54792.64505294085), np.float64(54910.09189089298), np.float64(54836.120434854034), np.float64(54781.964801418784), np.float64(54734.97612465143), np.float64(54624.66211745501), np.float64(54623.778320717814), np.float64(54634.1876253748), np.float64(54536.607734506135), np.float64(54661.91975816727), np.float64(54558.394618287086), np.float64(54492.1989767003)]"
152,"[np.float64(55066.653334288596), np.float64(55074.8180553627), np.float64(55037.33518362999), np.float64(55046.665336799626), np.float64(54999.959454383854), np.float64(55044.34194167614), np.float64(54991.20223020792), np.float64(54974.56385197163), np.float64(54925.614287412165), np.float64(54966.61251443148), np.float64(54959.27853395939), np.float64(54943.93346340657), np.float64(54945.81322167158), np.float64(54903.95849864483), np.float64(54898.623008856775), np.float64(54889.265941288475), np.float64(54812.23796251059), np.float64(54766.2672681427), np.float64(54717.04392362356), np.float64(54744.01176476002), np.float64(54734.463592083455), np.float64(54725.90622985363), np.float64(54736.728264882564), np.float64(54695.91715088367), np.float64(54649.76397946835), np.float64(54601.04672866583), np.float64(54653.754908316136), np.float64(54590.52075202227), np.float64(54563.6928915143)]","[np.float64(55086.010507739134), np.float64(55074.8180553627), np.float64(55060.63645211048), np.float64(55049.754225407865), np.float64(55055.174843387074), np.float64(55044.34194167614), np.float64(55005.69544947848), np.float64(54974.56385197163), np.float64(54996.52854359397), np.float64(54974.52675095143), np.float64(54975.274393995605), np.float64(54945.81322167158), np.float64(54956.148477721516), np.float64(54909.034134105736), np.float64(54908.58529234051), np.float64(54889.265941288475), np.float64(54827.61169069498), np.float64(54766.2672681427), np.float64(54755.72206378981), np.float64(54758.039759133935), np.float64(54734.463592083455), np.float64(54736.739946621616), np.float64(54770.47717850202), np.float64(54704.73117324609), np.float64(54649.76397946835), np.float64(54667.99322749793), np.float64(54673.27107598041), np.float64(54590.52075202227), np.float64(54573.184074341705)]","[np.float64(55066.653334288596), np.float64(55025.748428806895), np.float64(55037.33518362999), np.float64(54999.943478575246), np.float64(54972.714244124145), np.float64(54991.20223020792), np.float64(54955.00093602427), np.float64(54921.879976336815), np.float64(54909.094155397244), np.float64(54959.27853395939), np.float64(54941.93275097815), np.float64(54933.214197782334), np.float64(54890.40668885012), np.float64(54878.68881916426), np.float64(54885.54587952134), np.float64(54794.019299556414), np.float64(54766.2672681427), np.float64(54707.35871984407), np.float64(54706.3085059992), np.float64(54717.833423344106), np.float64(54702.6010372458), np.float64(54713.3181429662), np.float64(54683.18887486146), np.float64(54633.60715147594), np.float64(54601.04672866583), np.float64(54577.736606674574), np.float64(54590.52075202227), np.float64(54555.7619711641), np.float64(54527.502831193095)]","[np.float64(55074.8180553627), np.float64(55037.33518362999), np.float64(55046.665336799626), np.float64(54999.959454383854), np.float64(55044.34194167614), np.float64(54991.20223020792), np.float64(54974.56385197163), np.float64(54925.614287412165), np.float64(54966.61251443148), np.float64(54959.27853395939), np.float64(54943.93346340657), np.float64(54945.81322167158), np.float64(54903.95849864483), np.float64(54898.623008856775), np.float64(54889.265941288475), np.float64(54812.23796251059), np.float64(54766.2672681427), np.float64(54717.04392362356), np.float64(54744.01176476002), np.float64(54734.463592083455), np.float64(54725.90622985363), np.float64(54736.728264882564), np.float64(54695.91715088367), np.float64(54649.76397946835), np.float64(54601.04672866583), np.float64(54653.754908316136), np.float64(54590.52075202227), np.float64(54563.6928915143), np.float64(54547.56279620409)]"
153,"[np.float64(55084.88854766131), np.float64(55095.1820817709), np.float64(55082.01810772657), np.float64(55002.1569055748), np.float64(55004.10156746149), np.float64(54932.71106060028), np.float64(55021.753292124275), np.float64(54949.515174870496), np.float64(54978.638228332995), np.float64(54984.74818316221), np.float64(54978.855990285876), np.float64(54934.33905977726), np.float64(54860.43714333296), np.float64(54828.91265586853), np.float64(54820.70492326737), np.float64(54827.89866555691), np.float64(54800.18211478472), np.float64(54822.8036024785), np.float64(54780.02129852533), np.float64(54783.578248791695), np.float64(54781.336111972334), np.float64(54741.51078611612), np.float64(54727.169146158696), np.float64(54659.46191982746), np.float64(54669.2729264164), np.float64(54665.517401974204), np.float64(54609.87117444992), np.float64(54529.146136000156), np.float64(54518.43162978888)]","[np.float64(55095.1820817709), np.float64(55100.58050052299), np.float64(55082.03197295294), np.float64(55025.240572416245), np.float64(55004.11006038704), np.float64(55103.43138995292), np.float64(55021.753292124275), np.float64(55003.50197544808), np.float64(54985.447821931), np.float64(55009.1934986611), np.float64(54978.855990285876), np.float64(54969.27397440414), np.float64(54874.43160649725), np.float64(54832.08770644064), np.float64(54833.656230026885), np.float64(54838.2853470046), np.float64(54858.854853189085), np.float64(54822.8036024785), np.float64(54805.60027983581), np.float64(54790.040690450034), np.float64(54781.34533949088), np.float64(54755.382533701246), np.float64(54759.60976466416), np.float64(54669.2729264164), np.float64(54669.735126048436), np.float64(54665.517401974204), np.float64(54617.93841563795), np.float64(54529.154602892195), np.float64(54539.92316773382)]","[np.float64(55082.11886836328), np.float64(55080.69379480717), np.float64(54992.90455529347), np.float64(54989.9864192905), np.float64(54932.70212095164), np.float64(54932.71106060028), np.float64(54896.85591992223), np.float64(54949.515174870496), np.float64(54970.81176338264), np.float64(54972.15959392276), np.float64(54934.32753096602), np.float64(54830.04532784344), np.float64(54828.904679743646), np.float64(54805.28609517036), np.float64(54819.04616714385), np.float64(54757.88064424063), np.float64(54798.128781707295), np.float64(54759.7149552331), np.float64(54767.58040658657), np.float64(54772.74437050251), np.float64(54737.806522679166), np.float64(54714.71368843223), np.float64(54643.30803728192), np.float64(54650.75454922361), np.float64(54662.747109780474), np.float64(54579.257283771345), np.float64(54527.46844594467), np.float64(54518.423156905126), np.float64(54471.42543059417)]","[np.float64(55095.1820817709), np.float64(55082.01810772657), np.float64(55002.1569055748), np.float64(55004.10156746149), np.float64(54932.71106060028), np.float64(55021.753292124275), np.float64(54949.515174870496), np.float64(54978.638228332995), np.float64(54984.74818316221), np.float64(54978.855990285876), np.float64(54934.33905977726), np.float64(54860.43714333296), np.float64(54828.91265586853), np.float64(54820.70492326737), np.float64(54827.89866555691), np.float64(54800.18211478472), np.float64(54822.8036024785), np.float64(54780.02129852533), np.float64(54783.578248791695), np.float64(54781.336111972334), np.float64(54741.51078611612), np.float64(54727.169146158696), np.float64(54659.46191982746), np.float64(54669.2729264164), np.float64(54665.517401974204), np.float64(54609.87117444992), np.float64(54529.146136000156), np.float64(54518.43162978888), np.float64(54493.322169930936)]"
154,"[np.float64(54936.23440006256), np.float64(54878.479963827136), np.float64(55010.7896023655), np.float64(54997.76612405777), np.float64(54972.47392959833), np.float64(54952.46004792691), np.float64(54872.699806964396), np.float64(54852.975673604014), np.float64(54907.19363512039), np.float64(54917.881742041114), np.float64(54897.68551209927), np.float64(54775.69104221106), np.float64(54756.63332996607), np.float64(54765.519073615076), np.float64(54800.92953665018), np.float64(54750.169882197384), np.float64(54702.636349828244), np.float64(54692.67660577298), np.float64(54652.78495974779), np.float64(54658.74038214445), np.float64(54634.030903732775), np.float64(54519.95467568874), np.float64(54457.570318996906), np.float64(54497.29790308952), np.float64(54583.54554434776), np.float64(54552.54698226214), np.float64(54477.529599208836), np.float64(54440.57278163195), np.float64(54360.56683410168)]","[np.float64(54948.25391516901), np.float64(55010.7896023655), np.float64(55027.78488983518), np.float64(55018.89633476425), np.float64(54975.909746357356), np.float64(54957.26435783881), np.float64(54872.699806964396), np.float64(54911.86240514157), np.float64(54938.41508665234), np.float64(54985.63607848602), np.float64(54897.68551209927), np.float64(54854.66320870688), np.float64(54765.53281541916), np.float64(54812.349487082145), np.float64(54800.92953665018), np.float64(54761.368188678825), np.float64(54723.750466705904), np.float64(54697.36505824692), np.float64(54688.223597706696), np.float64(54658.751778002515), np.float64(54644.66994255957), np.float64(54522.196361591), np.float64(54497.755552482646), np.float64(54593.823149327414), np.float64(54583.5530024769), np.float64(54567.272086486584), np.float64(54485.55377052246), np.float64(54440.58120748014), np.float64(54393.67067344993)]","[np.float64(54878.47427467196), np.float64(54877.02830457725), np.float64(54997.753166463786), np.float64(54972.47392959833), np.float64(54938.14838311437), np.float64(54865.60374722639), np.float64(54852.96721910077), np.float64(54852.96496575992), np.float64(54907.17768540235), np.float64(54885.48319867223), np.float64(54749.939863216154), np.float64(54756.63332996607), np.float64(54725.92047605045), np.float64(54763.002999949276), np.float64(54656.00006279), np.float64(54702.636349828244), np.float64(54690.283098304724), np.float64(54652.78495974779), np.float64(54624.461734974815), np.float64(54588.39784589324), np.float64(54505.48601034416), np.float64(54457.570318996906), np.float64(54430.23402327387), np.float64(54472.51368731549), np.float64(54538.56595158942), np.float64(54472.45999799594), np.float64(54360.53294135935), np.float64(54344.82879755119), np.float64(54342.66517834184)]","[np.float64(54878.479963827136), np.float64(55010.7896023655), np.float64(54997.76612405777), np.float64(54972.47392959833), np.float64(54952.46004792691), np.float64(54872.699806964396), np.float64(54852.975673604014), np.float64(54907.19363512039), np.float64(54917.881742041114), np.float64(54897.68551209927), np.float64(54775.69104221106), np.float64(54756.63332996607), np.float64(54765.519073615076), np.float64(54800.92953665018), np.float64(54750.169882197384), np.float64(54702.636349828244), np.float64(54692.67660577298), np.float64(54652.78495974779), np.float64(54658.74038214445), np.float64(54634.030903732775), np.float64(54519.95467568874), np.float64(54457.570318996906), np.float64(54497.29790308952), np.float64(54583.54554434776), np.float64(54552.54698226214), np.float64(54477.529599208836), np.float64(54440.57278163195), np.float64(54360.56683410168), np.float64(54374.00523199081)]"
155,"[np.float64(54941.873932411676), np.float64(54980.73974063873), np.float64(54907.745831012726), np.float64(54945.51355752945), np.float64(54910.47925219059), np.float64(54910.41048525811), np.float64(54917.85804706812), np.float64(54881.83434782982), np.float64(54839.500445485115), np.float64(54867.16548544646), np.float64(54895.42392994881), np.float64(54871.73797134876), np.float64(54880.591263186936), np.float64(54843.698834123614), np.float64(54741.215500392915), np.float64(54757.786657021046), np.float64(54772.16010490418), np.float64(54793.95896494866), np.float64(54758.05502834559), np.float64(54840.37728826285), np.float64(54690.90502021075), np.float64(54656.70866698742), np.float64(54618.03319120646), np.float64(54526.36159034252), np.float64(54627.02375935554), np.float64(54550.81776434183), np.float64(54461.904567399026), np.float64(54427.655930702684), np.float64(54379.473233339784)]","[np.float64(54980.73974063873), np.float64(55014.20303689127), np.float64(54962.328182900375), np.float64(54945.51355752945), np.float64(54936.84810208845), np.float64(54917.85804706812), np.float64(55006.995349820885), np.float64(54881.83434782982), np.float64(54884.27790110882), np.float64(54895.42392994881), np.float64(54910.00302645898), np.float64(54880.591263186936), np.float64(54880.591263186936), np.float64(54869.10548676627), np.float64(54844.35491002509), np.float64(54778.81257442923), np.float64(54793.95896494866), np.float64(54801.61693867083), np.float64(54850.59373708108), np.float64(54840.37728826285), np.float64(54709.227377658215), np.float64(54670.61474224661), np.float64(54618.03319120646), np.float64(54633.895013908106), np.float64(54627.02375935554), np.float64(54553.14959986241), np.float64(54468.583669912616), np.float64(54427.655930702684), np.float64(54437.84476840777)]","[np.float64(54907.06046496119), np.float64(54898.64645100343), np.float64(54907.745831012726), np.float64(54829.79017419654), np.float64(54910.41048525811), np.float64(54638.61471706515), np.float64(54881.83434782982), np.float64(54828.91705266703), np.float64(54819.355716668506), np.float64(54867.16548544646), np.float64(54871.73797134876), np.float64(54858.41847956631), np.float64(54843.68391058165), np.float64(54730.4397163594), np.float64(54726.935859292076), np.float64(54754.4136874571), np.float64(54748.909010001946), np.float64(54736.69837336873), np.float64(54758.05502834559), np.float64(54672.728262278346), np.float64(54656.70866698742), np.float64(54597.1293990506), np.float64(54514.21422276279), np.float64(54521.81283349729), np.float64(54531.60332117994), np.float64(54454.790401037106), np.float64(54427.64062404195), np.float64(54351.94694306293), np.float64(54374.987950765455)]","[np.float64(54980.73974063873), np.float64(54907.745831012726), np.float64(54945.51355752945), np.float64(54910.47925219059), np.float64(54910.41048525811), np.float64(54917.85804706812), np.float64(54881.83434782982), np.float64(54839.500445485115), np.float64(54867.16548544646), np.float64(54895.42392994881), np.float64(54871.73797134876), np.float64(54880.591263186936), np.float64(54843.698834123614), np.float64(54741.215500392915), np.float64(54757.786657021046), np.float64(54772.16010490418), np.float64(54793.95896494866), np.float64(54758.05502834559), np.float64(54840.37728826285), np.float64(54690.90502021075), np.float64(54656.70866698742), np.float64(54618.03319120646), np.float64(54526.36159034252), np.float64(54627.02375935554), np.float64(54550.81776434183), np.float64(54461.904567399026), np.float64(54427.655930702684), np.float64(54379.473233339784), np.float64(54415.016980597975)]"
156,"[np.float64(55124.69635984182), np.float64(55113.69532474518), np.float64(55116.46390205145), np.float64(55112.99091440678), np.float64(55064.2562787056), np.float64(55043.45518306732), np.float64(54994.910364704134), np.float64(54985.288531568054), np.float64(55004.7096525836), np.float64(54972.230025908946), np.float64(54937.80290425301), np.float64(54945.24866318465), np.float64(54924.79835616827), np.float64(54904.18797930718), np.float64(54855.72119982243), np.float64(54850.344115054606), np.float64(54822.83953126908), np.float64(54844.66350283384), np.float64(54826.25353903532), np.float64(54773.358117587566), np.float64(54707.16955873728), np.float64(54711.133315632345), np.float64(54696.49046620846), np.float64(54745.06335796356), np.float64(54712.15747932911), np.float64(54661.18611544371), np.float64(54661.833348782064), np.float64(54651.84823565245), np.float64(54590.69730532647)]","[np.float64(55167.312910382185), np.float64(55116.46390205145), np.float64(55137.85420777139), np.float64(55112.99091440678), np.float64(55076.81917960317), np.float64(55086.82008709349), np.float64(54999.92240223819), np.float64(55012.962338999525), np.float64(55057.347469692904), np.float64(54972.24159095053), np.float64(54971.074756487644), np.float64(54963.34371333705), np.float64(54954.34081267441), np.float64(54905.94875114842), np.float64(54935.49895642133), np.float64(54861.289084158256), np.float64(54847.93042103714), np.float64(54875.724666470946), np.float64(54838.98946226431), np.float64(54785.988749075186), np.float64(54716.84304471465), np.float64(54722.6557302465), np.float64(54763.25712055458), np.float64(54775.73608930576), np.float64(54712.15747932911), np.float64(54681.92453890365), np.float64(54662.621554379075), np.float64(54675.17873750327), np.float64(54605.02403985573)]","[np.float64(55108.96054378122), np.float64(55101.32886126713), np.float64(55077.972167706605), np.float64(55055.47567544785), np.float64(55028.67309981671), np.float64(54984.973093578556), np.float64(54963.189148433354), np.float64(54985.27884362594), np.float64(54924.87042710731), np.float64(54937.793587497086), np.float64(54936.997187051355), np.float64(54910.147731314835), np.float64(54902.17541352289), np.float64(54825.54991559244), np.float64(54850.33450586983), np.float64(54780.98928178981), np.float64(54813.421223023426), np.float64(54820.63162536645), np.float64(54764.36015605945), np.float64(54691.26205601142), np.float64(54699.18610104663), np.float64(54668.81911647314), np.float64(54684.4195666808), np.float64(54685.69809396855), np.float64(54653.03271286008), np.float64(54644.39230740831), np.float64(54638.88828651395), np.float64(54557.36901117293), np.float64(54577.90561441955)]","[np.float64(55113.69532474518), np.float64(55116.46390205145), np.float64(55112.99091440678), np.float64(55064.2562787056), np.float64(55043.45518306732), np.float64(54994.910364704134), np.float64(54985.288531568054), np.float64(55004.7096525836), np.float64(54972.230025908946), np.float64(54937.80290425301), np.float64(54945.24866318465), np.float64(54924.79835616827), np.float64(54904.18797930718), np.float64(54855.72119982243), np.float64(54850.344115054606), np.float64(54822.83953126908), np.float64(54844.66350283384), np.float64(54826.25353903532), np.float64(54773.358117587566), np.float64(54707.16955873728), np.float64(54711.133315632345), np.float64(54696.49046620846), np.float64(54745.06335796356), np.float64(54712.15747932911), np.float64(54661.18611544371), np.float64(54661.833348782064), np.float64(54651.84823565245), np.float64(54590.69730532647), np.float64(54585.844214282035)]"
157,"[np.float64(54997.45396854401), np.float64(55002.55920500756), np.float64(55046.74311812401), np.float64(54957.62014340401), np.float64(54950.461428465846), np.float64(54960.494832980636), np.float64(54972.6959411931), np.float64(54976.004351797106), np.float64(54969.07653406858), np.float64(54942.633588094715), np.float64(54846.657872653006), np.float64(54926.96618864298), np.float64(54886.86734038115), np.float64(54901.549595575336), np.float64(54881.41080018759), np.float64(54852.08157470465), np.float64(54827.574791333675), np.float64(54784.67774704933), np.float64(54710.03098428011), np.float64(54808.128301243785), np.float64(54786.92709538221), np.float64(54790.055089371206), np.float64(54752.241775786875), np.float64(54651.173057699205), np.float64(54704.09449210644), np.float64(54698.3048057437), np.float64(54606.39548248768), np.float64(54572.63465317011), np.float64(54636.60528528214)]","[np.float64(55002.55920500756), np.float64(55076.12033738185), np.float64(55050.54399498211), np.float64(54957.62014340401), np.float64(54989.54053823653), np.float64(54978.68776127227), np.float64(54981.26295902154), np.float64(54996.726611214304), np.float64(54969.07653406858), np.float64(54942.633588094715), np.float64(54933.45911895455), np.float64(54926.96618864298), np.float64(54908.851312664), np.float64(54907.57113519216), np.float64(54881.419612878344), np.float64(54858.32482688701), np.float64(54830.72611142856), np.float64(54784.68593387196), np.float64(54821.33381327772), np.float64(54821.994682701006), np.float64(54790.066786936906), np.float64(54796.50914887054), np.float64(54752.241775786875), np.float64(54704.09449210644), np.float64(54806.5744368471), np.float64(54698.3048057437), np.float64(54759.28831647632), np.float64(54636.60528528214), np.float64(54653.08730052783)]","[np.float64(54997.45396854401), np.float64(55002.55920500756), np.float64(54900.158093543156), np.float64(54950.461428465846), np.float64(54942.63494098494), np.float64(54959.624132932215), np.float64(54972.6959411931), np.float64(54969.07653406858), np.float64(54940.8938269767), np.float64(54792.86289202688), np.float64(54846.657872653006), np.float64(54865.393098828696), np.float64(54886.86734038115), np.float64(54881.40472296545), np.float64(54839.76863760003), np.float64(54821.06053305909), np.float64(54783.47156833191), np.float64(54690.55591609189), np.float64(54710.01703548621), np.float64(54779.25838528095), np.float64(54786.91186332572), np.float64(54752.241775786875), np.float64(54648.734505399356), np.float64(54634.021190648724), np.float64(54698.3048057437), np.float64(54595.83818561312), np.float64(54572.63465317011), np.float64(54539.55549570518), np.float64(54551.64451734718)]","[np.float64(55002.55920500756), np.float64(55046.74311812401), np.float64(54957.62014340401), np.float64(54950.461428465846), np.float64(54960.494832980636), np.float64(54972.6959411931), np.float64(54976.004351797106), np.float64(54969.07653406858), np.float64(54942.633588094715), np.float64(54846.657872653006), np.float64(54926.96618864298), np.float64(54886.86734038115), np.float64(54901.549595575336), np.float64(54881.41080018759), np.float64(54852.08157470465), np.float64(54827.574791333675), np.float64(54784.67774704933), np.float64(54710.03098428011), np.float64(54808.128301243785), np.float64(54786.92709538221), np.float64(54790.055089371206), np.float64(54752.241775786875), np.float64(54651.173057699205), np.float64(54704.09449210644), np.float64(54698.3048057437), np.float64(54606.39548248768), np.float64(54572.63465317011), np.float64(54636.60528528214), np.float64(54556.70751045465)]"
158,"[np.float64(55163.95249123812), np.float64(55130.058506474496), np.float64(55115.20072819233), np.float64(55038.8982791853), np.float64(55040.770439605716), np.float64(55037.541741981506), np.float64(54998.12515440941), np.float64(55027.57967993975), np.float64(54980.0769252801), np.float64(54955.956859321595), np.float64(54937.2038335228), np.float64(55023.68829573393), np.float64(54925.673782398706), np.float64(54914.581830720905), np.float64(54886.993413090706), np.float64(54873.46512883664), np.float64(54871.66727276087), np.float64(54904.543403902055), np.float64(54854.152953186036), np.float64(54822.124818768505), np.float64(54704.725370762346), np.float64(54774.71426846027), np.float64(54741.301652224065), np.float64(54752.531781651975), np.float64(54742.25498855591), np.float64(54706.457550554274), np.float64(54675.59523456335), np.float64(54715.00280774355), np.float64(54751.74392379999)]","[np.float64(55177.59431285171), np.float64(55130.058506474496), np.float64(55115.209655453575), np.float64(55046.06972726152), np.float64(55062.08154711107), np.float64(55037.54742466526), np.float64(55037.33224739923), np.float64(55032.64622012903), np.float64(55003.78172012612), np.float64(54955.956859321595), np.float64(55033.38535623141), np.float64(55023.68829573393), np.float64(54925.68651633009), np.float64(54932.3073478065), np.float64(54896.3145313643), np.float64(54873.46512883664), np.float64(54904.549106036364), np.float64(54904.543403902055), np.float64(54878.727099148964), np.float64(54827.14455672254), np.float64(54787.046471329224), np.float64(54789.17940366341), np.float64(54769.86112993648), np.float64(54752.531781651975), np.float64(54791.32236223209), np.float64(54708.75704103974), np.float64(54715.00287333287), np.float64(54767.635122329935), np.float64(54764.66674891999)]","[np.float64(55130.058506474496), np.float64(55109.609360315044), np.float64(55038.8982791853), np.float64(55038.8982791853), np.float64(55033.13054748265), np.float64(54990.74109887), np.float64(54998.12515440941), np.float64(54979.36649403328), np.float64(54938.716508899946), np.float64(54937.2038335228), np.float64(54915.40518908822), np.float64(54905.0501256885), np.float64(54914.57356434561), np.float64(54871.86805257642), np.float64(54873.46512883664), np.float64(54819.085654230184), np.float64(54857.78079582261), np.float64(54788.08409285538), np.float64(54821.164120594185), np.float64(54699.24769187755), np.float64(54704.725370762346), np.float64(54710.01480916192), np.float64(54741.29318702139), np.float64(54682.28715902649), np.float64(54698.96261027145), np.float64(54675.58974416635), np.float64(54648.593021963614), np.float64(54686.548846120524), np.float64(54740.405074685026)]","[np.float64(55130.058506474496), np.float64(55115.20072819233), np.float64(55038.8982791853), np.float64(55040.770439605716), np.float64(55037.541741981506), np.float64(54998.12515440941), np.float64(55027.57967993975), np.float64(54980.0769252801), np.float64(54955.956859321595), np.float64(54937.2038335228), np.float64(55023.68829573393), np.float64(54925.673782398706), np.float64(54914.581830720905), np.float64(54886.993413090706), np.float64(54873.46512883664), np.float64(54871.66727276087), np.float64(54904.543403902055), np.float64(54854.152953186036), np.float64(54822.124818768505), np.float64(54704.725370762346), np.float64(54774.71426846027), np.float64(54741.301652224065), np.float64(54752.531781651975), np.float64(54742.25498855591), np.float64(54706.457550554274), np.float64(54675.59523456335), np.float64(54715.00280774355), np.float64(54751.74392379999), np.float64(54747.94834970236)]"
159,"[np.float64(55007.859409890174), np.float64(54995.688950610165), np.float64(54940.43793978215), np.float64(54910.59489396095), np.float64(54903.535337333684), np.float64(54892.69746273041), np.float64(54860.268187873364), np.float64(54878.89436830044), np.float64(54883.80656800032), np.float64(54870.534550030236), np.float64(54874.19993055344), np.float64(54752.3159513545), np.float64(54771.02158720732), np.float64(54740.05805247307), np.float64(54778.48460226059), np.float64(54774.09678261518), np.float64(54759.951785178186), np.float64(54597.04601276398), np.float64(54640.03307219029), np.float64(54636.48371976853), np.float64(54598.90246238709), np.float64(54479.593251068596), np.float64(54551.012861537936), np.float64(54422.36744452953), np.float64(54476.32244335651), np.float64(54443.599428100584), np.float64(54427.998348817826), np.float64(54442.98760844469), np.float64(54384.84516702652)]","[np.float64(55007.859409890174), np.float64(55008.99866985555), np.float64(54956.879459742915), np.float64(54923.53607091923), np.float64(54921.58347134537), np.float64(54911.81445353993), np.float64(54878.89436830044), np.float64(54883.81818744955), np.float64(54883.80656800032), np.float64(54903.86134852034), np.float64(54874.19993055344), np.float64(54771.02158720732), np.float64(54771.02158720732), np.float64(54780.961736933474), np.float64(54778.48460226059), np.float64(54848.47416297405), np.float64(54759.951785178186), np.float64(54656.25231939199), np.float64(54644.71492937532), np.float64(54636.49191729334), np.float64(54640.156792919275), np.float64(54560.48223722006), np.float64(54551.012861537936), np.float64(54476.32244335651), np.float64(54585.79184444237), np.float64(54443.599428100584), np.float64(54451.60178184211), np.float64(54459.22970605511), np.float64(54397.03723797322)]","[np.float64(54995.688950610165), np.float64(54880.04224741627), np.float64(54910.59489396095), np.float64(54869.25262933042), np.float64(54892.32827245433), np.float64(54850.067948467375), np.float64(54860.268187873364), np.float64(54878.885841417876), np.float64(54860.593992691705), np.float64(54846.48081012176), np.float64(54752.3159513545), np.float64(54713.211604904835), np.float64(54740.05805247307), np.float64(54728.070133665446), np.float64(54709.456271104646), np.float64(54759.94632325428), np.float64(54579.8333559925), np.float64(54558.02153632239), np.float64(54636.47530848439), np.float64(54595.864002698676), np.float64(54479.57824755811), np.float64(54437.94717806579), np.float64(54414.045534365345), np.float64(54377.95439891968), np.float64(54443.599428100584), np.float64(54406.73208784114), np.float64(54427.998348817826), np.float64(54360.65986769912), np.float64(54302.476810092536)]","[np.float64(54995.688950610165), np.float64(54940.43793978215), np.float64(54910.59489396095), np.float64(54903.535337333684), np.float64(54892.69746273041), np.float64(54860.268187873364), np.float64(54878.89436830044), np.float64(54883.80656800032), np.float64(54870.534550030236), np.float64(54874.19993055344), np.float64(54752.3159513545), np.float64(54771.02158720732), np.float64(54740.05805247307), np.float64(54778.48460226059), np.float64(54774.09678261518), np.float64(54759.951785178186), np.float64(54597.04601276398), np.float64(54640.03307219029), np.float64(54636.48371976853), np.float64(54598.90246238709), np.float64(54479.593251068596), np.float64(54551.012861537936), np.float64(54422.36744452953), np.float64(54476.32244335651), np.float64(54443.599428100584), np.float64(54427.998348817826), np.float64(54442.98760844469), np.float64(54384.84516702652), np.float64(54329.067586934565)]"
160,"[np.float64(55114.99738926649), np.float64(55046.19581575871), np.float64(55111.819558568), np.float64(55085.936406331064), np.float64(55085.29574062109), np.float64(55012.572005198), np.float64(54995.03180144072), np.float64(54943.9777627039), np.float64(55009.18826003313), np.float64(54938.03560434103), np.float64(54945.04171850205), np.float64(54902.41909806251), np.float64(54928.406817245486), np.float64(54953.67080953598), np.float64(54885.62502840042), np.float64(54848.40859633684), np.float64(54829.263058159355), np.float64(54835.77080522537), np.float64(54801.582436177734), np.float64(54759.12696831942), np.float64(54788.21229011298), np.float64(54716.56100977182), np.float64(54676.22752976656), np.float64(54623.12580752134), np.float64(54624.50822890759), np.float64(54662.06695030928), np.float64(54563.92301606178), np.float64(54494.512842323784), np.float64(54516.180864908696)]","[np.float64(55128.78681492743), np.float64(55111.82948503613), np.float64(55123.98158183294), np.float64(55090.926024389184), np.float64(55096.90868258247), np.float64(55012.572005198), np.float64(55039.5044528041), np.float64(55009.18826003313), np.float64(55058.34515097131), np.float64(54945.04740125128), np.float64(54947.33276594557), np.float64(54940.32801158745), np.float64(54953.67829792629), np.float64(54960.80791909462), np.float64(54899.34871417696), np.float64(54880.80883657936), np.float64(54835.77080522537), np.float64(54896.32165430105), np.float64(54801.582436177734), np.float64(54794.78050547866), np.float64(54801.00248554681), np.float64(54728.07082272066), np.float64(54680.98959846133), np.float64(54626.257147989425), np.float64(54662.07536463586), np.float64(54697.101954778), np.float64(54563.92301606178), np.float64(54560.472294492), np.float64(54520.01670723163)]","[np.float64(55046.19581575871), np.float64(54969.57068409765), np.float64(55085.936406331064), np.float64(55063.21867302193), np.float64(55009.98486003458), np.float64(54995.03180144072), np.float64(54943.96844452765), np.float64(54943.969299637814), np.float64(54892.590599117146), np.float64(54938.03560434103), np.float64(54858.05592866853), np.float64(54897.9322951857), np.float64(54928.406817245486), np.float64(54875.79103024267), np.float64(54845.45716968407), np.float64(54821.4523360938), np.float64(54826.34277989699), np.float64(54758.79996271863), np.float64(54757.30991745295), np.float64(54737.5358076462), np.float64(54716.55554323452), np.float64(54661.37063386442), np.float64(54623.12033095538), np.float64(54517.818939592995), np.float64(54624.50822890759), np.float64(54518.558445492024), np.float64(54494.512842323784), np.float64(54493.628434746875), np.float64(54488.01675376383)]","[np.float64(55046.19581575871), np.float64(55111.819558568), np.float64(55085.936406331064), np.float64(55085.29574062109), np.float64(55012.572005198), np.float64(54995.03180144072), np.float64(54943.9777627039), np.float64(55009.18826003313), np.float64(54938.03560434103), np.float64(54945.04171850205), np.float64(54902.41909806251), np.float64(54928.406817245486), np.float64(54953.67080953598), np.float64(54885.62502840042), np.float64(54848.40859633684), np.float64(54829.263058159355), np.float64(54835.77080522537), np.float64(54801.582436177734), np.float64(54759.12696831942), np.float64(54788.21229011298), np.float64(54716.56100977182), np.float64(54676.22752976656), np.float64(54623.12580752134), np.float64(54624.50822890759), np.float64(54662.06695030928), np.float64(54563.92301606178), np.float64(54494.512842323784), np.float64(54516.180864908696), np.float64(54512.7414880681)]"
161,"[np.float64(55066.842894072535), np.float64(55048.90837505818), np.float64(54987.833036847114), np.float64(55058.72530539036), np.float64(55068.20303703308), np.float64(54989.22241219282), np.float64(55025.802556965355), np.float64(54986.896956636905), np.float64(55005.10731604338), np.float64(55004.05752571821), np.float64(54958.5025235939), np.float64(54936.584416022306), np.float64(54895.46024507046), np.float64(54858.75364125729), np.float64(54832.85567966223), np.float64(54842.87878201485), np.float64(54826.18065123797), np.float64(54835.04540423155), np.float64(54875.70314479113), np.float64(54840.24529181004), np.float64(54793.015415670874), np.float64(54712.935421350005), np.float64(54699.58330406904), np.float64(54669.54722148419), np.float64(54687.86163272858), np.float64(54652.48413661242), np.float64(54625.08733919859), np.float64(54600.55789107084), np.float64(54540.17524448872)]","[np.float64(55066.842894072535), np.float64(55068.091991869114), np.float64(55085.13940445105), np.float64(55068.20303703308), np.float64(55104.38215683096), np.float64(55025.802556965355), np.float64(55030.78480417252), np.float64(55008.727601689345), np.float64(55005.1159074421), np.float64(55019.46209669609), np.float64(54960.57835830594), np.float64(54966.37836693558), np.float64(54895.46593201552), np.float64(54865.00634326621), np.float64(54862.650188002466), np.float64(54842.87878201485), np.float64(54845.71579695684), np.float64(54875.71684045269), np.float64(54887.48320862492), np.float64(54850.196975327584), np.float64(54793.015415670874), np.float64(54734.992809509145), np.float64(54699.58330406904), np.float64(54691.10871648135), np.float64(54687.86163272858), np.float64(54663.461584259436), np.float64(54686.11328488566), np.float64(54600.55789107084), np.float64(54556.46190870615)]","[np.float64(55027.535669599165), np.float64(54987.833036847114), np.float64(54965.17705691679), np.float64(55055.396409763714), np.float64(54983.023005592026), np.float64(54978.524386964295), np.float64(54982.0404652589), np.float64(54986.896956636905), np.float64(55004.04877675161), np.float64(54953.42226836409), np.float64(54936.584416022306), np.float64(54895.46024507046), np.float64(54858.74368532911), np.float64(54824.28537126104), np.float64(54832.84637951187), np.float64(54799.844820610095), np.float64(54814.274530805385), np.float64(54830.73932442527), np.float64(54825.88008174446), np.float64(54780.79628037491), np.float64(54689.74197173445), np.float64(54698.780496788146), np.float64(54643.28640938715), np.float64(54665.02307498597), np.float64(54633.734565816696), np.float64(54616.49470309252), np.float64(54593.87634952309), np.float64(54540.16655117418), np.float64(54480.01081378168)]","[np.float64(55048.90837505818), np.float64(54987.833036847114), np.float64(55058.72530539036), np.float64(55068.20303703308), np.float64(54989.22241219282), np.float64(55025.802556965355), np.float64(54986.896956636905), np.float64(55005.10731604338), np.float64(55004.05752571821), np.float64(54958.5025235939), np.float64(54936.584416022306), np.float64(54895.46024507046), np.float64(54858.75364125729), np.float64(54832.85567966223), np.float64(54842.87878201485), np.float64(54826.18065123797), np.float64(54835.04540423155), np.float64(54875.70314479113), np.float64(54840.24529181004), np.float64(54793.015415670874), np.float64(54712.935421350005), np.float64(54699.58330406904), np.float64(54669.54722148419), np.float64(54687.86163272858), np.float64(54652.48413661242), np.float64(54625.08733919859), np.float64(54600.55789107084), np.float64(54540.17524448872), np.float64(54505.65102495432)]"
162,"[np.float64(55076.72344025612), np.float64(55067.136248140334), np.float64(55069.10524888516), np.float64(55061.33149486542), np.float64(55056.62572474003), np.float64(55051.62286601305), np.float64(55018.53386644602), np.float64(54992.44853427649), np.float64(54970.824682211874), np.float64(54952.34401982546), np.float64(54884.75707123757), np.float64(54896.72625202418), np.float64(54889.29272691011), np.float64(54878.66179698944), np.float64(54871.487500031), np.float64(54832.65852203369), np.float64(54828.98721776724), np.float64(54819.41148680687), np.float64(54802.571186192035), np.float64(54731.43540029049), np.float64(54732.94273539305), np.float64(54739.17631616831), np.float64(54657.6493831706), np.float64(54672.2533419323), np.float64(54653.098016700744), np.float64(54643.14174962521), np.float64(54568.594273943905), np.float64(54547.41895226479), np.float64(54573.19058359623)]","[np.float64(55081.173328654484), np.float64(55069.10524888516), np.float64(55087.2345490516), np.float64(55061.33149486542), np.float64(55080.5143165032), np.float64(55051.62286601305), np.float64(55043.9753816234), np.float64(54992.44853427649), np.float64(55044.60954953646), np.float64(54952.34401982546), np.float64(54931.408617004105), np.float64(54896.72625202418), np.float64(54915.728291504405), np.float64(54878.66179698944), np.float64(54897.90805127984), np.float64(54832.66812604421), np.float64(54828.98721776724), np.float64(54851.21616311464), np.float64(54802.571186192035), np.float64(54732.94273539305), np.float64(54748.63423071492), np.float64(54750.594097639325), np.float64(54672.2533419323), np.float64(54694.427521186146), np.float64(54653.098016700744), np.float64(54687.423873563865), np.float64(54568.594273943905), np.float64(54622.66528524069), np.float64(54573.58940604925)]","[np.float64(55067.136248140334), np.float64(55031.80483794069), np.float64(55061.33149486542), np.float64(55040.81784524928), np.float64(55045.17477782782), np.float64(55016.20914071264), np.float64(54992.16253390627), np.float64(54970.824682211874), np.float64(54921.47308180566), np.float64(54884.75707123757), np.float64(54884.75707123757), np.float64(54888.49468488466), np.float64(54878.66179698944), np.float64(54868.03427446616), np.float64(54831.98920893943), np.float64(54815.07131517359), np.float64(54819.397131906655), np.float64(54779.718917016355), np.float64(54731.426938605284), np.float64(54710.07177428639), np.float64(54732.94273539305), np.float64(54616.71449804932), np.float64(54648.84487519854), np.float64(54603.74532797198), np.float64(54643.14174962521), np.float64(54542.15231439934), np.float64(54547.41895226479), np.float64(54542.754882490735), np.float64(54538.64782083686)]","[np.float64(55067.136248140334), np.float64(55069.10524888516), np.float64(55061.33149486542), np.float64(55056.62572474003), np.float64(55051.62286601305), np.float64(55018.53386644602), np.float64(54992.44853427649), np.float64(54970.824682211874), np.float64(54952.34401982546), np.float64(54884.75707123757), np.float64(54896.72625202418), np.float64(54889.29272691011), np.float64(54878.66179698944), np.float64(54871.487500031), np.float64(54832.65852203369), np.float64(54828.98721776724), np.float64(54819.41148680687), np.float64(54802.571186192035), np.float64(54731.43540029049), np.float64(54732.94273539305), np.float64(54739.17631616831), np.float64(54657.6493831706), np.float64(54672.2533419323), np.float64(54653.098016700744), np.float64(54643.14174962521), np.float64(54568.594273943905), np.float64(54547.41895226479), np.float64(54573.19058359623), np.float64(54573.58940604925)]"
163,"[np.float64(55008.92027503967), np.float64(54964.33792580128), np.float64(54969.27369169712), np.float64(54979.66522512436), np.float64(54922.59304957867), np.float64(54918.78601432562), np.float64(54914.44738750458), np.float64(54852.112609968186), np.float64(54931.689601221085), np.float64(54885.07721092701), np.float64(54861.50637898922), np.float64(54860.31081306934), np.float64(54865.35243368149), np.float64(54854.76309874058), np.float64(54824.36785702706), np.float64(54782.82400174379), np.float64(54756.23708305359), np.float64(54731.212358479504), np.float64(54705.21575368166), np.float64(54676.30157655716), np.float64(54638.03471028328), np.float64(54616.444340245725), np.float64(54582.16286540747), np.float64(54553.12364578962), np.float64(54611.7649694109), np.float64(54536.28579193831), np.float64(54499.97028395653), np.float64(54453.50173760176), np.float64(54437.34356889963)]","[np.float64(55012.37947517841), np.float64(54969.28659325937), np.float64(54981.96374089041), np.float64(55037.9278513926), np.float64(54922.59304957867), np.float64(54918.78601432562), np.float64(54924.39507401714), np.float64(54931.703678389735), np.float64(54953.81900435324), np.float64(54907.30116741551), np.float64(54861.50637898922), np.float64(54872.20778363208), np.float64(54875.57815373922), np.float64(54861.87157521601), np.float64(54824.36785702706), np.float64(54793.23557145607), np.float64(54769.67671958914), np.float64(54742.152270871156), np.float64(54708.53956689754), np.float64(54677.75737034282), np.float64(54667.20213493046), np.float64(54638.168804634646), np.float64(54596.34860546816), np.float64(54627.66101769999), np.float64(54616.9965203534), np.float64(54540.25587721421), np.float64(54499.97028395653), np.float64(54478.697211023224), np.float64(54451.10889118069)]","[np.float64(54956.51028139649), np.float64(54940.86022623438), np.float64(54969.27369169712), np.float64(54900.77634710966), np.float64(54917.69916090795), np.float64(54904.81692773115), np.float64(54852.112609968186), np.float64(54843.82295569655), np.float64(54878.286843097616), np.float64(54856.38896890513), np.float64(54853.49459633975), np.float64(54854.874745334826), np.float64(54853.1384944808), np.float64(54802.880336660965), np.float64(54771.97957493492), np.float64(54749.303087520224), np.float64(54731.20582257411), np.float64(54688.532696118746), np.float64(54668.92887404673), np.float64(54608.71416813193), np.float64(54611.87250610964), np.float64(54574.601307547186), np.float64(54544.51596864855), np.float64(54496.01828181174), np.float64(54524.04178243234), np.float64(54492.92453115525), np.float64(54389.63379021605), np.float64(54437.34356889963), np.float64(54349.65039402837)]","[np.float64(54964.33792580128), np.float64(54969.27369169712), np.float64(54979.66522512436), np.float64(54922.59304957867), np.float64(54918.78601432562), np.float64(54914.44738750458), np.float64(54852.112609968186), np.float64(54931.689601221085), np.float64(54885.07721092701), np.float64(54861.50637898922), np.float64(54860.31081306934), np.float64(54865.35243368149), np.float64(54854.76309874058), np.float64(54824.36785702706), np.float64(54782.82400174379), np.float64(54756.23708305359), np.float64(54731.212358479504), np.float64(54705.21575368166), np.float64(54676.30157655716), np.float64(54638.03471028328), np.float64(54616.444340245725), np.float64(54582.16286540747), np.float64(54553.12364578962), np.float64(54611.7649694109), np.float64(54536.28579193831), np.float64(54499.97028395653), np.float64(54453.50173760176), np.float64(54437.34356889963), np.float64(54401.53801794529)]"
164,"[np.float64(55016.44497428894), np.float64(55035.57068080425), np.float64(54993.49484762192), np.float64(54972.81634771347), np.float64(54963.62566006422), np.float64(54958.51900705338), np.float64(54926.36995100737), np.float64(54933.585070283414), np.float64(54875.88059953451), np.float64(54917.26077921629), np.float64(54902.753403224946), np.float64(54889.529676640035), np.float64(54844.5260977459), np.float64(54825.499807095526), np.float64(54819.98274169922), np.float64(54822.93237950563), np.float64(54790.25572397948), np.float64(54765.26911740541), np.float64(54761.719378652575), np.float64(54762.592486896516), np.float64(54669.806964747906), np.float64(54634.0955498004), np.float64(54618.07929338217), np.float64(54636.429375863074), np.float64(54645.80202545166), np.float64(54586.61674766779), np.float64(54555.81135112286), np.float64(54542.49129932165), np.float64(54475.08373713255)]","[np.float64(55035.57068080425), np.float64(55050.681327730395), np.float64(55003.91310956888), np.float64(54976.11207065794), np.float64(54985.74877752824), np.float64(54962.03587717932), np.float64(54933.594751410186), np.float64(54937.952787735456), np.float64(54918.102482372014), np.float64(54919.1928346324), np.float64(54907.28190499063), np.float64(54928.79302836408), np.float64(54844.5260977459), np.float64(54843.19400180545), np.float64(54839.78750489391), np.float64(54822.93237950563), np.float64(54794.473767196534), np.float64(54765.26911740541), np.float64(54800.05752401589), np.float64(54762.592486896516), np.float64(54669.806964747906), np.float64(54644.45040892714), np.float64(54637.60576670957), np.float64(54645.80202545166), np.float64(54645.81092888441), np.float64(54587.50932734907), np.float64(54555.85637586682), np.float64(54542.499911581115), np.float64(54490.396959317804)]","[np.float64(55016.44497428894), np.float64(54993.49484762192), np.float64(54963.9712305205), np.float64(54963.61000382771), np.float64(54958.50349856283), np.float64(54926.36995100737), np.float64(54911.5118251706), np.float64(54875.871927902255), np.float64(54874.770524608946), np.float64(54902.753403224946), np.float64(54885.448570402754), np.float64(54844.52054367002), np.float64(54821.0943450279), np.float64(54817.99821543436), np.float64(54818.38400987327), np.float64(54773.90632222934), np.float64(54748.43315410497), np.float64(54753.71970770871), np.float64(54760.62853319953), np.float64(54650.551636465876), np.float64(54634.08189226726), np.float64(54574.31849347061), np.float64(54608.34903836027), np.float64(54622.02871618762), np.float64(54574.37697621983), np.float64(54548.827785933725), np.float64(54542.48063193646), np.float64(54404.35996851576), np.float64(54458.34453658416)]","[np.float64(55035.57068080425), np.float64(54993.49484762192), np.float64(54972.81634771347), np.float64(54963.62566006422), np.float64(54958.51900705338), np.float64(54926.36995100737), np.float64(54933.585070283414), np.float64(54875.88059953451), np.float64(54917.26077921629), np.float64(54902.753403224946), np.float64(54889.529676640035), np.float64(54844.5260977459), np.float64(54825.499807095526), np.float64(54819.98274169922), np.float64(54822.93237950563), np.float64(54790.25572397948), np.float64(54765.26911740541), np.float64(54761.719378652575), np.float64(54762.592486896516), np.float64(54669.806964747906), np.float64(54634.0955498004), np.float64(54618.07929338217), np.float64(54636.429375863074), np.float64(54645.80202545166), np.float64(54586.61674766779), np.float64(54555.81135112286), np.float64(54542.49129932165), np.float64(54475.08373713255), np.float64(54460.60237410069)]"
165,"[np.float64(55095.25703000069), np.float64(55076.7584676075), np.float64(55059.60588270188), np.float64(55063.605954718594), np.float64(55087.35140830517), np.float64(54989.30238272667), np.float64(54966.997171411516), np.float64(54919.24098356247), np.float64(54929.24000461102), np.float64(54897.81956898451), np.float64(54866.91398391247), np.float64(54852.816376421455), np.float64(54872.37155432224), np.float64(54867.492192764286), np.float64(54814.71035265446), np.float64(54842.451371061805), np.float64(54848.53119206667), np.float64(54745.875425896644), np.float64(54797.980285174846), np.float64(54767.044437501434), np.float64(54718.304135611055), np.float64(54644.372342896466), np.float64(54646.38770337105), np.float64(54574.55755173921), np.float64(54612.97856411457), np.float64(54619.99626820803), np.float64(54579.99207106113), np.float64(54512.12825186491), np.float64(54544.456951863765)]","[np.float64(55108.71772539478), np.float64(55076.7584676075), np.float64(55087.995366473224), np.float64(55087.35140830517), np.float64(55102.65166948559), np.float64(54989.30238272667), np.float64(54980.91081239753), np.float64(54929.24000461102), np.float64(54965.355153825316), np.float64(54897.81956898451), np.float64(54871.61137151582), np.float64(54872.37155432224), np.float64(54898.400573363026), np.float64(54867.492192764286), np.float64(54866.370547095794), np.float64(54848.53119206667), np.float64(54848.53119206667), np.float64(54834.17172758311), np.float64(54797.980285174846), np.float64(54767.044437501434), np.float64(54718.304135611055), np.float64(54646.40245337978), np.float64(54646.40059666791), np.float64(54612.99029903989), np.float64(54619.99626820803), np.float64(54620.003698549124), np.float64(54579.99207106113), np.float64(54557.65936479697), np.float64(54571.91543347359)]","[np.float64(55076.7584676075), np.float64(55006.88870494072), np.float64(55059.60588270188), np.float64(55063.605954718594), np.float64(54966.661190436556), np.float64(54966.997171411516), np.float64(54906.05650185833), np.float64(54919.24098356247), np.float64(54873.514847064806), np.float64(54866.91398391247), np.float64(54852.816376421455), np.float64(54851.10828937227), np.float64(54867.492192764286), np.float64(54812.327973497246), np.float64(54814.71035265446), np.float64(54803.40354522296), np.float64(54745.875425896644), np.float64(54697.67785188676), np.float64(54767.044437501434), np.float64(54677.03609160565), np.float64(54644.372342896466), np.float64(54597.63062833821), np.float64(54574.55755173921), np.float64(54470.79725673078), np.float64(54612.97856411457), np.float64(54490.1098121556), np.float64(54512.12825186491), np.float64(54506.08319545429), np.float64(54539.6904456454)]","[np.float64(55076.7584676075), np.float64(55059.60588270188), np.float64(55063.605954718594), np.float64(55087.35140830517), np.float64(54989.30238272667), np.float64(54966.997171411516), np.float64(54919.24098356247), np.float64(54929.24000461102), np.float64(54897.81956898451), np.float64(54866.91398391247), np.float64(54852.816376421455), np.float64(54872.37155432224), np.float64(54867.492192764286), np.float64(54814.71035265446), np.float64(54842.451371061805), np.float64(54848.53119206667), np.float64(54745.875425896644), np.float64(54797.980285174846), np.float64(54767.044437501434), np.float64(54718.304135611055), np.float64(54644.372342896466), np.float64(54646.38770337105), np.float64(54574.55755173921), np.float64(54612.97856411457), np.float64(54619.99626820803), np.float64(54579.99207106113), np.float64(54512.12825186491), np.float64(54544.456951863765), np.float64(54571.91543347359)]"
166,"[np.float64(55115.13389291525), np.float64(55102.569504709245), np.float64(55070.36340044022), np.float64(55062.71636301518), np.float64(55036.368454487325), np.float64(55044.75351305485), np.float64(54966.65320797205), np.float64(54954.24386730671), np.float64(54965.75331410646), np.float64(54978.76906579256), np.float64(54977.105652933125), np.float64(54942.7640392232), np.float64(54917.65445058823), np.float64(54915.652740478516), np.float64(54869.655389266016), np.float64(54880.072291767596), np.float64(54860.91451977253), np.float64(54814.79856491804), np.float64(54754.860070302486), np.float64(54758.69105808258), np.float64(54723.22625114203), np.float64(54699.48800906897), np.float64(54694.53447194338), np.float64(54693.02816705704), np.float64(54661.383788180356), np.float64(54651.814109740255), np.float64(54664.55324837208), np.float64(54618.15050707817), np.float64(54569.41432605267)]","[np.float64(55120.90228587112), np.float64(55102.569504709245), np.float64(55081.92808696827), np.float64(55067.451937541126), np.float64(55049.487570925434), np.float64(55046.49163219697), np.float64(54966.68404263808), np.float64(54968.90576510037), np.float64(55000.0930243449), np.float64(54983.75277353562), np.float64(54993.474831418076), np.float64(54942.7640392232), np.float64(54923.403769058605), np.float64(54930.52815256725), np.float64(54883.93411480775), np.float64(54883.48488291331), np.float64(54878.39282121824), np.float64(54818.66005989102), np.float64(54768.62379457704), np.float64(54776.33881522447), np.float64(54723.22625114203), np.float64(54701.940513617184), np.float64(54741.11529981678), np.float64(54715.288811214275), np.float64(54661.383788180356), np.float64(54677.37051434844), np.float64(54669.458976187096), np.float64(54626.22713704987), np.float64(54582.62101885991)]","[np.float64(55102.569504709245), np.float64(55050.29524586157), np.float64(55055.56494391297), np.float64(55036.351955512626), np.float64(55014.41469615753), np.float64(54966.65320797205), np.float64(54947.492466804295), np.float64(54941.9253906874), np.float64(54932.064253389035), np.float64(54977.105652933125), np.float64(54940.04872802286), np.float64(54913.091981665595), np.float64(54915.652740478516), np.float64(54845.6140007517), np.float64(54867.33728982458), np.float64(54839.485067985624), np.float64(54814.785060338625), np.float64(54735.206765163886), np.float64(54754.210820691325), np.float64(54707.85042356365), np.float64(54694.01535386804), np.float64(54673.39824641971), np.float64(54690.61435661584), np.float64(54639.67125765408), np.float64(54651.814109740255), np.float64(54634.89827148658), np.float64(54618.15050707817), np.float64(54539.40565407713), np.float64(54552.222595995976)]","[np.float64(55102.569504709245), np.float64(55070.36340044022), np.float64(55062.71636301518), np.float64(55036.368454487325), np.float64(55044.75351305485), np.float64(54966.65320797205), np.float64(54954.24386730671), np.float64(54965.75331410646), np.float64(54978.76906579256), np.float64(54977.105652933125), np.float64(54942.7640392232), np.float64(54917.65445058823), np.float64(54915.652740478516), np.float64(54869.655389266016), np.float64(54880.072291767596), np.float64(54860.91451977253), np.float64(54814.79856491804), np.float64(54754.860070302486), np.float64(54758.69105808258), np.float64(54723.22625114203), np.float64(54699.48800906897), np.float64(54694.53447194338), np.float64(54693.02816705704), np.float64(54661.383788180356), np.float64(54651.814109740255), np.float64(54664.55324837208), np.float64(54618.15050707817), np.float64(54569.41432605267), np.float64(54560.108382964136)]"
167,"[np.float64(55149.34132096291), np.float64(55165.23884496212), np.float64(55068.77248904705), np.float64(55086.59419938565), np.float64(55035.451690831185), np.float64(55062.42429671765), np.float64(55083.14606570721), np.float64(55029.690721745494), np.float64(55015.39647173405), np.float64(55015.25237024069), np.float64(55009.0186606884), np.float64(54949.56243603945), np.float64(54963.25169157744), np.float64(54899.72791574955), np.float64(54931.68316236973), np.float64(54936.11154677868), np.float64(54874.36811335087), np.float64(54861.90983741522), np.float64(54844.931874158385), np.float64(54838.09213991642), np.float64(54779.910550282), np.float64(54801.21516409636), np.float64(54746.02416336298), np.float64(54650.635799942014), np.float64(54699.28724568367), np.float64(54605.27692523003), np.float64(54583.95969126702), np.float64(54563.367858297825), np.float64(54560.19234558583)]","[np.float64(55169.49390878562), np.float64(55165.23884496212), np.float64(55112.92033675628), np.float64(55086.59419938565), np.float64(55076.91519044987), np.float64(55094.32569703309), np.float64(55083.155341440906), np.float64(55039.76794437134), np.float64(55030.344508059105), np.float64(55015.26561857525), np.float64(55028.17339555735), np.float64(54963.26051836307), np.float64(55003.09005125069), np.float64(54944.06993328356), np.float64(54936.12556413095), np.float64(54948.99435636216), np.float64(54910.48401375721), np.float64(54886.73147210767), np.float64(54929.58862482515), np.float64(54846.17700102806), np.float64(54815.09114447057), np.float64(54814.20712009268), np.float64(54746.03786797393), np.float64(54730.16206208956), np.float64(54705.22884153605), np.float64(54640.36111564227), np.float64(54599.2150552882), np.float64(54599.0242373174), np.float64(54610.1985317917)]","[np.float64(55131.82775549401), np.float64(55067.94700827103), np.float64(55052.227100584576), np.float64(55032.755729059485), np.float64(55007.95179554132), np.float64(55062.42429671765), np.float64(55008.68987600916), np.float64(55002.89801720279), np.float64(55009.82398805944), np.float64(54956.34765759641), np.float64(54949.56243603945), np.float64(54949.55276879422), np.float64(54875.27060577295), np.float64(54898.02563414708), np.float64(54902.57993005743), np.float64(54857.80252471809), np.float64(54841.112167654836), np.float64(54839.66789503029), np.float64(54810.30966659797), np.float64(54756.78102500292), np.float64(54740.113775660495), np.float64(54738.10316337762), np.float64(54639.89673685555), np.float64(54596.95181732918), np.float64(54575.55350695389), np.float64(54577.882782050234), np.float64(54538.466563430404), np.float64(54503.47838930122), np.float64(54545.14721177302)]","[np.float64(55165.23884496212), np.float64(55068.77248904705), np.float64(55086.59419938565), np.float64(55035.451690831185), np.float64(55062.42429671765), np.float64(55083.14606570721), np.float64(55029.690721745494), np.float64(55015.39647173405), np.float64(55015.25237024069), np.float64(55009.0186606884), np.float64(54949.56243603945), np.float64(54963.25169157744), np.float64(54899.72791574955), np.float64(54931.68316236973), np.float64(54936.11154677868), np.float64(54874.36811335087), np.float64(54861.90983741522), np.float64(54844.931874158385), np.float64(54838.09213991642), np.float64(54779.910550282), np.float64(54801.21516409636), np.float64(54746.02416336298), np.float64(54650.635799942014), np.float64(54699.28724568367), np.float64(54605.27692523003), np.float64(54583.95969126702), np.float64(54563.367858297825), np.float64(54560.19234558583), np.float64(54592.71124925375)]"
168,"[np.float64(55049.18279890299), np.float64(55035.00483454704), np.float64(55070.64928544045), np.float64(55014.50533470631), np.float64(54986.541403265), np.float64(54951.68210590601), np.float64(54979.19750696183), np.float64(54979.14354938746), np.float64(54979.38281710386), np.float64(54910.16413480521), np.float64(54901.51276534558), np.float64(54896.738872172835), np.float64(54846.103358774184), np.float64(54835.88490167141), np.float64(54820.26721015215), np.float64(54800.44585013628), np.float64(54762.041965105534), np.float64(54800.34501772404), np.float64(54784.92383994818), np.float64(54722.43182566166), np.float64(54706.5317261219), np.float64(54692.72927557707), np.float64(54683.01639708281), np.float64(54635.95302963972), np.float64(54636.797420606614), np.float64(54603.231817262174), np.float64(54518.64733130932), np.float64(54501.368158586025), np.float64(54503.42910612822)]","[np.float64(55049.194620940136), np.float64(55070.64928544045), np.float64(55090.87165817591), np.float64(55014.50533470631), np.float64(54994.61631618715), np.float64(54979.19750696183), np.float64(54988.62559143464), np.float64(54979.38281710386), np.float64(55009.55492913177), np.float64(54910.16413480521), np.float64(54911.569630470774), np.float64(54896.738872172835), np.float64(54880.64287212601), np.float64(54835.88490167141), np.float64(54904.81093398489), np.float64(54800.44585013628), np.float64(54807.83079607273), np.float64(54800.34501772404), np.float64(54792.71841734498), np.float64(54722.45759640661), np.float64(54706.5409618448), np.float64(54692.72927557707), np.float64(54683.01639708281), np.float64(54644.43236798247), np.float64(54636.797420606614), np.float64(54603.231817262174), np.float64(54541.69683058417), np.float64(54503.42910612822), np.float64(54514.74412949281)]","[np.float64(55035.00483454704), np.float64(55025.847451542155), np.float64(55014.50533470631), np.float64(54986.541403265), np.float64(54931.219092484804), np.float64(54951.68210590601), np.float64(54935.46951028828), np.float64(54979.14354938746), np.float64(54887.62774301548), np.float64(54901.51276534558), np.float64(54896.738872172835), np.float64(54841.602815425686), np.float64(54835.88490167141), np.float64(54816.66462080852), np.float64(54800.44585013628), np.float64(54740.84067962595), np.float64(54762.041965105534), np.float64(54727.20999400926), np.float64(54722.43182566166), np.float64(54649.966265489515), np.float64(54692.72927557707), np.float64(54628.448036819456), np.float64(54635.95302963972), np.float64(54604.74219239801), np.float64(54603.231817262174), np.float64(54483.718444541526), np.float64(54501.368158586025), np.float64(54501.352245666654), np.float64(54451.27061797836)]","[np.float64(55035.00483454704), np.float64(55070.64928544045), np.float64(55014.50533470631), np.float64(54986.541403265), np.float64(54951.68210590601), np.float64(54979.19750696183), np.float64(54979.14354938746), np.float64(54979.38281710386), np.float64(54910.16413480521), np.float64(54901.51276534558), np.float64(54896.738872172835), np.float64(54846.103358774184), np.float64(54835.88490167141), np.float64(54820.26721015215), np.float64(54800.44585013628), np.float64(54762.041965105534), np.float64(54800.34501772404), np.float64(54784.92383994818), np.float64(54722.43182566166), np.float64(54706.5317261219), np.float64(54692.72927557707), np.float64(54683.01639708281), np.float64(54635.95302963972), np.float64(54636.797420606614), np.float64(54603.231817262174), np.float64(54518.64733130932), np.float64(54501.368158586025), np.float64(54503.42910612822), np.float64(54510.36683968783)]"
169,"[np.float64(55077.60466145277), np.float64(55029.60598646164), np.float64(55060.11893037796), np.float64(55030.88036392212), np.float64(55040.05418178082), np.float64(54972.33021443606), np.float64(54959.98964070321), np.float64(54961.052566285136), np.float64(54973.94971432925), np.float64(54925.77937956095), np.float64(54923.98178103924), np.float64(54892.79146996021), np.float64(54869.14800777912), np.float64(54854.61500515938), np.float64(54759.26694894791), np.float64(54803.08668063164), np.float64(54779.32551624775), np.float64(54728.15107099056), np.float64(54742.606936171054), np.float64(54722.50497101307), np.float64(54685.03317410469), np.float64(54620.89886639118), np.float64(54620.274555363656), np.float64(54588.24474684477), np.float64(54567.607841916084), np.float64(54580.598353304864), np.float64(54545.649555912016), np.float64(54495.40784266234), np.float64(54510.7307635665)]","[np.float64(55079.22522481667), np.float64(55060.11893037796), np.float64(55065.60399980786), np.float64(55040.05418178082), np.float64(55046.44924875024), np.float64(54972.33021443606), np.float64(54969.38372461379), np.float64(54973.96772079614), np.float64(54987.268503452964), np.float64(54925.77937956095), np.float64(54933.54189489494), np.float64(54892.79698152967), np.float64(54883.49616036971), np.float64(54854.62281038333), np.float64(54825.789077130794), np.float64(54804.45445022047), np.float64(54782.89698776718), np.float64(54764.934945720874), np.float64(54742.606936171054), np.float64(54728.75041514378), np.float64(54685.03317410469), np.float64(54642.84275720218), np.float64(54620.274555363656), np.float64(54594.375035870944), np.float64(54580.598353304864), np.float64(54588.7554292586), np.float64(54545.649555912016), np.float64(54531.936425347616), np.float64(54518.98323182656)]","[np.float64(55029.60598646164), np.float64(55020.29279478146), np.float64(55024.63397577501), np.float64(55030.88036392212), np.float64(54925.5771017001), np.float64(54959.98964070321), np.float64(54942.09477677176), np.float64(54961.052566285136), np.float64(54894.65579736289), np.float64(54923.98178103924), np.float64(54892.79146996021), np.float64(54865.49493141671), np.float64(54854.609496682635), np.float64(54750.751490895986), np.float64(54759.26694894791), np.float64(54745.86296536297), np.float64(54728.15107099056), np.float64(54703.91977340234), np.float64(54722.4965563887), np.float64(54679.5965208228), np.float64(54620.889618631154), np.float64(54606.40180490126), np.float64(54588.24474684477), np.float64(54531.69510572468), np.float64(54567.607841916084), np.float64(54486.6398186149), np.float64(54495.40784266234), np.float64(54476.65878183439), np.float64(54510.72154337382)]","[np.float64(55029.60598646164), np.float64(55060.11893037796), np.float64(55030.88036392212), np.float64(55040.05418178082), np.float64(54972.33021443606), np.float64(54959.98964070321), np.float64(54961.052566285136), np.float64(54973.94971432925), np.float64(54925.77937956095), np.float64(54923.98178103924), np.float64(54892.79146996021), np.float64(54869.14800777912), np.float64(54854.61500515938), np.float64(54759.26694894791), np.float64(54803.08668063164), np.float64(54779.32551624775), np.float64(54728.15107099056), np.float64(54742.606936171054), np.float64(54722.50497101307), np.float64(54685.03317410469), np.float64(54620.89886639118), np.float64(54620.274555363656), np.float64(54588.24474684477), np.float64(54567.607841916084), np.float64(54580.598353304864), np.float64(54545.649555912016), np.float64(54495.40784266234), np.float64(54510.7307635665), np.float64(54518.79748532295)]"
170,"[np.float64(55037.08007633925), np.float64(55028.366378798484), np.float64(55062.76143497467), np.float64(54995.47724117756), np.float64(54980.73252912521), np.float64(54893.55241341353), np.float64(54921.5176326251), np.float64(54881.197802984716), np.float64(54884.83472378492), np.float64(54841.72609884501), np.float64(54904.86096805096), np.float64(54863.64523663282), np.float64(54871.17173876047), np.float64(54820.18157342911), np.float64(54725.248308022026), np.float64(54730.8753489995), np.float64(54692.388016455174), np.float64(54696.84202749252), np.float64(54684.153498232365), np.float64(54667.77306038141), np.float64(54630.38934695959), np.float64(54652.27564660549), np.float64(54621.95470923663), np.float64(54634.14203830719), np.float64(54549.763724374774), np.float64(54631.28370341301), np.float64(54597.55030360222), np.float64(54547.334732089046), np.float64(54531.52400380612)]","[np.float64(55037.08007633925), np.float64(55062.76143497467), np.float64(55087.54975141287), np.float64(54995.47724117756), np.float64(54995.624916114255), np.float64(54921.5176326251), np.float64(54929.28136938196), np.float64(54884.83472378492), np.float64(54905.85761491129), np.float64(54904.86096805096), np.float64(54925.913443902544), np.float64(54871.17173876047), np.float64(54877.470962940664), np.float64(54820.18157342911), np.float64(54745.05719847959), np.float64(54737.547429310696), np.float64(54696.84202749252), np.float64(54711.35421293137), np.float64(54684.153498232365), np.float64(54668.71949177061), np.float64(54658.40782029524), np.float64(54652.288731671535), np.float64(54634.1512524309), np.float64(54634.14203830719), np.float64(54631.28370341301), np.float64(54631.29258894742), np.float64(54597.55030360222), np.float64(54554.084435712655), np.float64(54541.53774271298)]","[np.float64(55028.366378798484), np.float64(55001.79990562446), np.float64(54995.47724117756), np.float64(54977.73971900117), np.float64(54889.06654188121), np.float64(54893.55241341353), np.float64(54875.11767922861), np.float64(54881.197802984716), np.float64(54821.18041033675), np.float64(54841.72609884501), np.float64(54863.64523663282), np.float64(54858.99343082156), np.float64(54820.18157342911), np.float64(54719.178101682955), np.float64(54720.825426667936), np.float64(54676.679576849805), np.float64(54692.388016455174), np.float64(54657.81824291012), np.float64(54667.77306038141), np.float64(54619.56077401559), np.float64(54630.38934695959), np.float64(54603.312310505935), np.float64(54619.683141480185), np.float64(54533.67541388264), np.float64(54549.763724374774), np.float64(54575.39512362921), np.float64(54547.334732089046), np.float64(54525.98863016694), np.float64(54520.33961962079)]","[np.float64(55028.366378798484), np.float64(55062.76143497467), np.float64(54995.47724117756), np.float64(54980.73252912521), np.float64(54893.55241341353), np.float64(54921.5176326251), np.float64(54881.197802984716), np.float64(54884.83472378492), np.float64(54841.72609884501), np.float64(54904.86096805096), np.float64(54863.64523663282), np.float64(54871.17173876047), np.float64(54820.18157342911), np.float64(54725.248308022026), np.float64(54730.8753489995), np.float64(54692.388016455174), np.float64(54696.84202749252), np.float64(54684.153498232365), np.float64(54667.77306038141), np.float64(54630.38934695959), np.float64(54652.27564660549), np.float64(54621.95470923663), np.float64(54634.14203830719), np.float64(54549.763724374774), np.float64(54631.28370341301), np.float64(54597.55030360222), np.float64(54547.334732089046), np.float64(54531.52400380612), np.float64(54541.52444140196)]"
171,"[np.float64(55038.56474668503), np.float64(54988.88179695606), np.float64(55055.623066806795), np.float64(55101.192363181115), np.float64(55045.70762204886), np.float64(54997.32145698309), np.float64(55020.021241109374), np.float64(54916.55456599951), np.float64(54954.36736447573), np.float64(54927.6834766841), np.float64(54885.01050442696), np.float64(54849.36811396599), np.float64(54940.435235464574), np.float64(54854.77700665951), np.float64(54862.213879976276), np.float64(54932.70552318812), np.float64(54812.03230559826), np.float64(54786.276642618184), np.float64(54742.16703384638), np.float64(54800.709456710814), np.float64(54768.19003793478), np.float64(54767.48421104908), np.float64(54744.90341689587), np.float64(54739.056167202), np.float64(54659.69191559792), np.float64(54718.569545063976), np.float64(54586.98363341809), np.float64(54531.89990394831), np.float64(54569.83684347868)]","[np.float64(55038.57971822557), np.float64(55056.10895161823), np.float64(55127.34478974913), np.float64(55101.192363181115), np.float64(55049.112444692255), np.float64(55045.100806943046), np.float64(55022.68284261247), np.float64(54954.51656892161), np.float64(54954.36736447573), np.float64(54927.6834766841), np.float64(54899.83698761664), np.float64(54940.435235464574), np.float64(54953.7313863053), np.float64(54878.762373960766), np.float64(54957.56441406438), np.float64(54932.71646390131), np.float64(54828.783959119995), np.float64(54808.568156807974), np.float64(54813.92759410425), np.float64(54817.60882736178), np.float64(54768.19003793478), np.float64(54785.605847536004), np.float64(54744.9168374031), np.float64(54745.09836239713), np.float64(54746.68184972415), np.float64(54718.569545063976), np.float64(54592.82728177471), np.float64(54569.83684347868), np.float64(54609.923116394355)]","[np.float64(54988.88179695606), np.float64(54986.202453995706), np.float64(55055.623066806795), np.float64(55035.01054064969), np.float64(54993.05344388346), np.float64(54997.31501667018), np.float64(54906.42623218955), np.float64(54909.93766496146), np.float64(54926.589996324605), np.float64(54883.024645371515), np.float64(54849.35520503043), np.float64(54839.4894754042), np.float64(54854.77700665951), np.float64(54841.586098547974), np.float64(54862.19879699208), np.float64(54812.006466443694), np.float64(54755.95363402256), np.float64(54742.16703384638), np.float64(54712.048532862485), np.float64(54760.41875025416), np.float64(54745.78264807692), np.float64(54728.24835903881), np.float64(54725.467549701214), np.float64(54656.0343114823), np.float64(54616.530064345265), np.float64(54586.98363341809), np.float64(54513.39987054565), np.float64(54525.56739042457), np.float64(54551.730052965824)]","[np.float64(54988.88179695606), np.float64(55055.623066806795), np.float64(55101.192363181115), np.float64(55045.70762204886), np.float64(54997.32145698309), np.float64(55020.021241109374), np.float64(54916.55456599951), np.float64(54954.36736447573), np.float64(54927.6834766841), np.float64(54885.01050442696), np.float64(54849.36811396599), np.float64(54940.435235464574), np.float64(54854.77700665951), np.float64(54862.213879976276), np.float64(54932.70552318812), np.float64(54812.03230559826), np.float64(54786.276642618184), np.float64(54742.16703384638), np.float64(54800.709456710814), np.float64(54768.19003793478), np.float64(54767.48421104908), np.float64(54744.90341689587), np.float64(54739.056167202), np.float64(54659.69191559792), np.float64(54718.569545063976), np.float64(54586.98363341809), np.float64(54531.89990394831), np.float64(54569.83684347868), np.float64(54596.17097286463)]"
172,"[np.float64(55113.39153973818), np.float64(55078.128655176166), np.float64(55093.540045897964), np.float64(55015.089724855425), np.float64(55019.66465752125), np.float64(54997.43890163183), np.float64(54975.07908885718), np.float64(55002.8005331564), np.float64(54948.65816375494), np.float64(54953.3784856844), np.float64(54954.84808911801), np.float64(54967.78541559458), np.float64(54871.850007362365), np.float64(54870.19238946915), np.float64(54875.562391500476), np.float64(54871.958566396235), np.float64(54811.57913923979), np.float64(54819.91552009106), np.float64(54776.91390886068), np.float64(54805.02091157914), np.float64(54763.30372241735), np.float64(54755.00172503233), np.float64(54735.20509020567), np.float64(54646.87267765522), np.float64(54655.147374310494), np.float64(54623.61683432579), np.float64(54603.37694897175), np.float64(54633.64161077976), np.float64(54655.07963759422)]","[np.float64(55117.271279538036), np.float64(55093.540045897964), np.float64(55093.54935893147), np.float64(55057.27155943141), np.float64(55037.4645137821), np.float64(54997.8794460428), np.float64(55002.8005331564), np.float64(55012.155333928175), np.float64(54986.87983300971), np.float64(55030.286128034786), np.float64(54967.794138556244), np.float64(54967.78541559458), np.float64(54871.850007362365), np.float64(54906.293871076145), np.float64(54878.53010627066), np.float64(54883.806872345565), np.float64(54843.711254866554), np.float64(54819.91552009106), np.float64(54867.514756165685), np.float64(54812.98222183879), np.float64(54763.30372241735), np.float64(54755.01249229586), np.float64(54777.36173698264), np.float64(54665.77518554693), np.float64(54655.147374310494), np.float64(54663.19423834455), np.float64(54637.012294059314), np.float64(54676.2932360542), np.float64(54664.097062168585)]","[np.float64(55078.11669754578), np.float64(55069.96740298877), np.float64(55007.59138246125), np.float64(54978.58943584814), np.float64(54986.64505942653), np.float64(54968.88984858139), np.float64(54975.07339814059), np.float64(54927.163204587), np.float64(54919.32463498881), np.float64(54953.369994684195), np.float64(54941.49805199801), np.float64(54871.850007362365), np.float64(54857.23197031045), np.float64(54859.3773916855), np.float64(54835.7018629749), np.float64(54808.061505448226), np.float64(54764.32937850179), np.float64(54767.13781530745), np.float64(54752.950713533704), np.float64(54762.65091394062), np.float64(54726.45486710994), np.float64(54731.77942711737), np.float64(54618.14071571834), np.float64(54636.5446885573), np.float64(54612.913414585266), np.float64(54603.088393000544), np.float64(54600.93564766881), np.float64(54612.571258402306), np.float64(54643.47835619327)]","[np.float64(55078.128655176166), np.float64(55093.540045897964), np.float64(55015.089724855425), np.float64(55019.66465752125), np.float64(54997.43890163183), np.float64(54975.07908885718), np.float64(55002.8005331564), np.float64(54948.65816375494), np.float64(54953.3784856844), np.float64(54954.84808911801), np.float64(54967.78541559458), np.float64(54871.850007362365), np.float64(54870.19238946915), np.float64(54875.562391500476), np.float64(54871.958566396235), np.float64(54811.57913923979), np.float64(54819.91552009106), np.float64(54776.91390886068), np.float64(54805.02091157914), np.float64(54763.30372241735), np.float64(54755.00172503233), np.float64(54735.20509020567), np.float64(54646.87267765522), np.float64(54655.147374310494), np.float64(54623.61683432579), np.float64(54603.37694897175), np.float64(54633.64161077976), np.float64(54655.07963759422), np.float64(54656.22459414244)]"
173,"[np.float64(55117.827393214706), np.float64(55101.41154168129), np.float64(55071.204571981434), np.float64(55061.256289081575), np.float64(55069.7092131424), np.float64(55042.8897231412), np.float64(55045.70208463669), np.float64(55005.69196374655), np.float64(54977.82551651478), np.float64(54955.4114886117), np.float64(54930.91951459885), np.float64(54925.13304766178), np.float64(54906.68741262674), np.float64(54874.27642410756), np.float64(54825.33007897377), np.float64(54837.87592328787), np.float64(54815.36827448606), np.float64(54826.21632247448), np.float64(54818.0911359477), np.float64(54794.83799693584), np.float64(54749.006639311316), np.float64(54751.65970362425), np.float64(54766.94218854189), np.float64(54692.941371340756), np.float64(54728.40553439617), np.float64(54695.0433987546), np.float64(54652.79230003834), np.float64(54647.6647851491), np.float64(54654.59929928303)]","[np.float64(55119.59723251659), np.float64(55101.420826369475), np.float64(55094.372233523674), np.float64(55069.712104587175), np.float64(55074.584557267415), np.float64(55057.019483297925), np.float64(55061.187233763165), np.float64(55008.28767673637), np.float64(55013.13174898813), np.float64(54974.18077668781), np.float64(54943.893841143836), np.float64(54939.14593713965), np.float64(54928.2098967123), np.float64(54889.05091725882), np.float64(54872.661600148895), np.float64(54860.1385209736), np.float64(54841.93648905826), np.float64(54861.83976107872), np.float64(54824.360036808175), np.float64(54809.20412828813), np.float64(54756.22830399656), np.float64(54777.86719589631), np.float64(54884.629173979556), np.float64(54729.78229488236), np.float64(54749.23745205426), np.float64(54695.05206824192), np.float64(54727.0244049836), np.float64(54654.59929928303), np.float64(54709.23720233331)]","[np.float64(55094.840431524535), np.float64(55066.18297006155), np.float64(55052.62242312341), np.float64(55032.08471162261), np.float64(55026.36929272155), np.float64(55040.63851839123), np.float64(54985.41993257239), np.float64(54972.068110267894), np.float64(54917.02966821829), np.float64(54930.91951459885), np.float64(54862.01243041588), np.float64(54896.73042969304), np.float64(54851.841514525244), np.float64(54795.85470198682), np.float64(54817.33824749079), np.float64(54762.87507782181), np.float64(54801.95857258794), np.float64(54786.546638585285), np.float64(54790.174450198225), np.float64(54715.31192996766), np.float64(54739.96056335668), np.float64(54706.29439094121), np.float64(54680.39244274089), np.float64(54670.137962569235), np.float64(54685.771050013755), np.float64(54618.60987445496), np.float64(54617.075148282944), np.float64(54646.405077107585), np.float64(54628.88030698338)]","[np.float64(55101.41154168129), np.float64(55071.204571981434), np.float64(55061.256289081575), np.float64(55069.7092131424), np.float64(55042.8897231412), np.float64(55045.70208463669), np.float64(55005.69196374655), np.float64(54977.82551651478), np.float64(54955.4114886117), np.float64(54930.91951459885), np.float64(54925.13304766178), np.float64(54906.68741262674), np.float64(54874.27642410756), np.float64(54825.33007897377), np.float64(54837.87592328787), np.float64(54815.36827448606), np.float64(54826.21632247448), np.float64(54818.0911359477), np.float64(54794.83799693584), np.float64(54749.006639311316), np.float64(54751.65970362425), np.float64(54766.94218854189), np.float64(54692.941371340756), np.float64(54728.40553439617), np.float64(54695.0433987546), np.float64(54652.79230003834), np.float64(54647.6647851491), np.float64(54654.59929928303), np.float64(54669.49519556522)]"
174,"[np.float64(54981.59430499077), np.float64(54968.70346702099), np.float64(55009.80793508768), np.float64(54995.76879236698), np.float64(54894.89079305649), np.float64(54930.40195972681), np.float64(54913.13450571299), np.float64(54909.29913951397), np.float64(54894.52674040079), np.float64(54907.00265878916), np.float64(54830.74025943756), np.float64(54835.71092390776), np.float64(54881.787730546), np.float64(54872.800381822584), np.float64(54871.05545310497), np.float64(54784.64851466417), np.float64(54762.32759255171), np.float64(54679.93669447899), np.float64(54668.02391803026), np.float64(54681.4665655613), np.float64(54788.15768865347), np.float64(54681.626377851964), np.float64(54711.26698618651), np.float64(54592.0958238411), np.float64(54626.69975635529), np.float64(54564.639402663706), np.float64(54546.01811576367), np.float64(54508.240473415855), np.float64(54520.40616794586)]","[np.float64(54981.59430499077), np.float64(55009.8166077197), np.float64(55009.80793508768), np.float64(55040.9265207124), np.float64(54930.40195972681), np.float64(54939.52880933076), np.float64(54933.15188504766), np.float64(54909.29913951397), np.float64(54924.799172403415), np.float64(54907.00265878916), np.float64(54853.28886135855), np.float64(54881.787730546), np.float64(54894.968475776186), np.float64(54872.809303007554), np.float64(54898.00046217174), np.float64(54784.64851466417), np.float64(54855.43594559677), np.float64(54679.93669447899), np.float64(54694.10568550049), np.float64(54788.15768865347), np.float64(54788.15768865347), np.float64(54734.57818641807), np.float64(54711.26698618651), np.float64(54649.05447295166), np.float64(54626.69975635529), np.float64(54575.9347565005), np.float64(54546.01811576367), np.float64(54557.70452710161), np.float64(54520.40616794586)]","[np.float64(54922.74120646708), np.float64(54968.69827854714), np.float64(54984.10616589818), np.float64(54894.87745136337), np.float64(54894.881466223895), np.float64(54905.17955165303), np.float64(54897.64927960513), np.float64(54894.518020995834), np.float64(54894.52674040079), np.float64(54808.697397533695), np.float64(54830.74025943756), np.float64(54835.70244024671), np.float64(54861.72010735583), np.float64(54858.64886275331), np.float64(54776.87554357699), np.float64(54762.314705160126), np.float64(54679.93669447899), np.float64(54668.01481118948), np.float64(54646.70863908495), np.float64(54657.153198536165), np.float64(54666.04303116482), np.float64(54681.60930096521), np.float64(54565.23029048344), np.float64(54579.86933941994), np.float64(54551.774571140035), np.float64(54544.826086605906), np.float64(54477.42351541351), np.float64(54505.61413571908), np.float64(54474.366628487194)]","[np.float64(54968.70346702099), np.float64(55009.80793508768), np.float64(54995.76879236698), np.float64(54894.89079305649), np.float64(54930.40195972681), np.float64(54913.13450571299), np.float64(54909.29913951397), np.float64(54894.52674040079), np.float64(54907.00265878916), np.float64(54830.74025943756), np.float64(54835.71092390776), np.float64(54881.787730546), np.float64(54872.800381822584), np.float64(54871.05545310497), np.float64(54784.64851466417), np.float64(54762.32759255171), np.float64(54679.93669447899), np.float64(54668.02391803026), np.float64(54681.4665655613), np.float64(54788.15768865347), np.float64(54681.626377851964), np.float64(54711.26698618651), np.float64(54592.0958238411), np.float64(54626.69975635529), np.float64(54564.639402663706), np.float64(54546.01811576367), np.float64(54508.240473415855), np.float64(54520.40616794586), np.float64(54481.051650900845)]"
175,"[np.float64(55095.5418847847), np.float64(55070.35799180508), np.float64(55069.437879946236), np.float64(55052.68849591255), np.float64(55030.926723651886), np.float64(55020.25316853524), np.float64(54985.09845667601), np.float64(54984.85687097311), np.float64(54979.52318406344), np.float64(54947.8334756732), np.float64(54947.30716396332), np.float64(54920.176548664575), np.float64(54922.84249068022), np.float64(54930.63955334187), np.float64(54909.12863873005), np.float64(54898.400868484976), np.float64(54837.2462036252), np.float64(54834.656111278535), np.float64(54808.875851886274), np.float64(54822.65692544461), np.float64(54783.76948267699), np.float64(54758.28682699442), np.float64(54738.62257495165), np.float64(54672.79523566246), np.float64(54687.22032313347), np.float64(54617.90969403744), np.float64(54555.57671937942), np.float64(54584.92075422049), np.float64(54576.51496255159)]","[np.float64(55095.5418847847), np.float64(55070.35799180508), np.float64(55085.35821133119), np.float64(55052.68849591255), np.float64(55036.54761120389), np.float64(55028.90134853004), np.float64(54985.10921165028), np.float64(54984.87032748333), np.float64(54990.788999418575), np.float64(54973.64767529562), np.float64(54960.56745777191), np.float64(54922.84249068022), np.float64(54942.803241573965), np.float64(54952.36734630883), np.float64(54923.01094581828), np.float64(54898.40637543814), np.float64(54863.93723317072), np.float64(54834.656111278535), np.float64(54876.248090056775), np.float64(54841.55102805856), np.float64(54785.44450737735), np.float64(54758.29665049004), np.float64(54768.11147803247), np.float64(54701.157535250095), np.float64(54687.23327717331), np.float64(54635.66436860063), np.float64(54629.89506153292), np.float64(54587.71306953899), np.float64(54615.44238358167)]","[np.float64(55036.526837594785), np.float64(55068.47487927903), np.float64(55052.67938533597), np.float64(55002.246661263074), np.float64(54998.427308191596), np.float64(54985.09845667601), np.float64(54965.86481828757), np.float64(54966.47426007555), np.float64(54940.23411521841), np.float64(54935.59258516382), np.float64(54915.40902679511), np.float64(54915.22642591123), np.float64(54900.02819550043), np.float64(54899.79491515345), np.float64(54871.64798713756), np.float64(54824.80935963729), np.float64(54827.45846966609), np.float64(54792.28344973002), np.float64(54794.81057118893), np.float64(54763.79282560443), np.float64(54717.40529252102), np.float64(54725.49519723336), np.float64(54652.91848789176), np.float64(54657.69364209719), np.float64(54598.45719790984), np.float64(54551.85668476142), np.float64(54535.63739466448), np.float64(54550.93175471973), np.float64(54551.90577092913)]","[np.float64(55070.35799180508), np.float64(55069.437879946236), np.float64(55052.68849591255), np.float64(55030.926723651886), np.float64(55020.25316853524), np.float64(54985.09845667601), np.float64(54984.85687097311), np.float64(54979.52318406344), np.float64(54947.8334756732), np.float64(54947.30716396332), np.float64(54920.176548664575), np.float64(54922.84249068022), np.float64(54930.63955334187), np.float64(54909.12863873005), np.float64(54898.400868484976), np.float64(54837.2462036252), np.float64(54834.656111278535), np.float64(54808.875851886274), np.float64(54822.65692544461), np.float64(54783.76948267699), np.float64(54758.28682699442), np.float64(54738.62257495165), np.float64(54672.79523566246), np.float64(54687.22032313347), np.float64(54617.90969403744), np.float64(54555.57671937942), np.float64(54584.92075422049), np.float64(54576.51496255159), np.float64(54593.50000854492)]"
176,"[np.float64(55171.15640691281), np.float64(55134.76350393772), np.float64(55189.05705756903), np.float64(55155.68642264367), np.float64(55140.47193199635), np.float64(55058.26016276837), np.float64(55066.4283608222), np.float64(55068.64203791857), np.float64(54973.583987572194), np.float64(54996.76011792183), np.float64(54958.38636671544), np.float64(55020.37769592047), np.float64(55022.4322046113), np.float64(54931.29528596401), np.float64(54865.916348283296), np.float64(54856.35619934321), np.float64(54836.430787489415), np.float64(54891.71875732422), np.float64(54840.372394735816), np.float64(54844.21651777268), np.float64(54755.13333515406), np.float64(54728.41029914618), np.float64(54747.50651572228), np.float64(54689.63630893946), np.float64(54654.153473215105), np.float64(54618.984853436945), np.float64(54568.02044351101), np.float64(54586.33253676892), np.float64(54583.34800038815)]","[np.float64(55171.15640691281), np.float64(55215.3721307229), np.float64(55204.07447253297), np.float64(55155.68642264367), np.float64(55182.786973987626), np.float64(55066.44008680347), np.float64(55094.21325422227), np.float64(55068.655531040306), np.float64(55027.66615942358), np.float64(54996.76011792183), np.float64(55046.36344672547), np.float64(55022.4322046113), np.float64(55034.43111160784), np.float64(54935.691613496514), np.float64(54969.92624537169), np.float64(54865.29306111852), np.float64(54902.29677121339), np.float64(54905.361440184846), np.float64(54856.79621147587), np.float64(54844.55417254575), np.float64(54763.433288973334), np.float64(54786.57057579206), np.float64(54747.50651572228), np.float64(54701.12555711014), np.float64(54676.98148624813), np.float64(54622.09896395219), np.float64(54592.47059396371), np.float64(54607.50569346181), np.float64(54659.588019360956)]","[np.float64(55017.789616900656), np.float64(55134.75473956901), np.float64(55149.66056271717), np.float64(55071.342608985906), np.float64(55057.524488927294), np.float64(54993.97617982402), np.float64(55049.693601366664), np.float64(54941.30571562216), np.float64(54968.477464010444), np.float64(54941.876593423745), np.float64(54958.38636671544), np.float64(55003.62779994463), np.float64(54915.070976332136), np.float64(54852.11389139152), np.float64(54846.018846893065), np.float64(54821.55997971923), np.float64(54816.30411327856), np.float64(54821.93200986072), np.float64(54807.7916010944), np.float64(54742.84846635798), np.float64(54690.08818359789), np.float64(54706.10106755013), np.float64(54658.07297835398), np.float64(54648.33038513368), np.float64(54543.52370025378), np.float64(54561.835927385), np.float64(54558.155974550566), np.float64(54562.904852515974), np.float64(54562.205673157514)]","[np.float64(55134.76350393772), np.float64(55189.05705756903), np.float64(55155.68642264367), np.float64(55140.47193199635), np.float64(55058.26016276837), np.float64(55066.4283608222), np.float64(55068.64203791857), np.float64(54973.583987572194), np.float64(54996.76011792183), np.float64(54958.38636671544), np.float64(55020.37769592047), np.float64(55022.4322046113), np.float64(54931.29528596401), np.float64(54865.916348283296), np.float64(54856.35619934321), np.float64(54836.430787489415), np.float64(54891.71875732422), np.float64(54840.372394735816), np.float64(54844.21651777268), np.float64(54755.13333515406), np.float64(54728.41029914618), np.float64(54747.50651572228), np.float64(54689.63630893946), np.float64(54654.153473215105), np.float64(54618.984853436945), np.float64(54568.02044351101), np.float64(54586.33253676892), np.float64(54583.34800038815), np.float64(54643.76747720003)]"
177,"[np.float64(55031.0876949358), np.float64(55059.42971572876), np.float64(55030.34555292845), np.float64(55053.416601223944), np.float64(55036.63592437268), np.float64(55001.52564058781), np.float64(54997.5787534833), np.float64(54949.03754087687), np.float64(54954.850535881524), np.float64(54926.29886608839), np.float64(54822.13486337662), np.float64(54875.508691480165), np.float64(54883.70122839213), np.float64(54894.22939424515), np.float64(54801.720356373786), np.float64(54790.98653360844), np.float64(54811.98118111849), np.float64(54801.03848201514), np.float64(54784.68083769798), np.float64(54754.531688883304), np.float64(54710.08713106394), np.float64(54654.22520201922), np.float64(54657.313275129796), np.float64(54660.73462318659), np.float64(54662.65739297867), np.float64(54694.44999421358), np.float64(54612.24273218155), np.float64(54562.154649925236), np.float64(54508.745665693285)]","[np.float64(55074.457702337255), np.float64(55083.872928357945), np.float64(55063.81350557661), np.float64(55053.416601223944), np.float64(55036.63592437268), np.float64(55053.47719787043), np.float64(55018.07591624847), np.float64(54961.17401102745), np.float64(54960.9247680374), np.float64(54963.556895658825), np.float64(54882.39673219684), np.float64(54909.34225220374), np.float64(54895.66606884132), np.float64(54897.93901874096), np.float64(54809.259040213445), np.float64(54826.52816210655), np.float64(54818.38329956996), np.float64(54834.03639445798), np.float64(54784.68959413764), np.float64(54774.97412513427), np.float64(54710.08713106394), np.float64(54663.5576442033), np.float64(54750.92326684561), np.float64(54662.67103348952), np.float64(54694.44999421358), np.float64(54710.64321899769), np.float64(54612.28347913091), np.float64(54570.77765685389), np.float64(54519.507552599745)]","[np.float64(55031.0876949358), np.float64(55017.00789632604), np.float64(55011.72870138713), np.float64(55036.62740765153), np.float64(54992.18076144182), np.float64(54997.570291168806), np.float64(54949.02973901554), np.float64(54949.03754087687), np.float64(54904.51141064141), np.float64(54822.1264655563), np.float64(54802.94110261401), np.float64(54870.53213274344), np.float64(54875.18769555679), np.float64(54799.98344980868), np.float64(54755.42161324973), np.float64(54783.39626728271), np.float64(54787.833300357306), np.float64(54781.164697454326), np.float64(54718.717999881555), np.float64(54692.729349538204), np.float64(54648.735948876376), np.float64(54621.658734282624), np.float64(54653.923320145936), np.float64(54650.12739341171), np.float64(54654.10673183165), np.float64(54599.52816174768), np.float64(54534.066354820534), np.float64(54502.83994945915), np.float64(54495.62807171696)]","[np.float64(55059.42971572876), np.float64(55030.34555292845), np.float64(55053.416601223944), np.float64(55036.63592437268), np.float64(55001.52564058781), np.float64(54997.5787534833), np.float64(54949.03754087687), np.float64(54954.850535881524), np.float64(54926.29886608839), np.float64(54822.13486337662), np.float64(54875.508691480165), np.float64(54883.70122839213), np.float64(54894.22939424515), np.float64(54801.720356373786), np.float64(54790.98653360844), np.float64(54811.98118111849), np.float64(54801.03848201514), np.float64(54784.68083769798), np.float64(54754.531688883304), np.float64(54710.08713106394), np.float64(54654.22520201922), np.float64(54657.313275129796), np.float64(54660.73462318659), np.float64(54662.65739297867), np.float64(54694.44999421358), np.float64(54612.24273218155), np.float64(54562.154649925236), np.float64(54508.745665693285), np.float64(54495.652519013885)]"
178,"[np.float64(55093.41139764786), np.float64(55053.1690917778), np.float64(55056.06683244229), np.float64(54985.60055830479), np.float64(54980.01446842194), np.float64(54986.47225000143), np.float64(54947.84764114618), np.float64(54954.083024799824), np.float64(54920.16676161051), np.float64(54889.370379457476), np.float64(54862.036682786944), np.float64(54897.82227330208), np.float64(54853.03194916487), np.float64(54869.573229522706), np.float64(54821.58550057888), np.float64(54788.54775426865), np.float64(54756.75940267563), np.float64(54771.82335297823), np.float64(54773.05420380354), np.float64(54710.420663564204), np.float64(54705.87792515516), np.float64(54711.9950914979), np.float64(54607.93372407675), np.float64(54677.234308564664), np.float64(54622.02849847317), np.float64(54660.60404328108), np.float64(54660.51364180804), np.float64(54518.152312417034), np.float64(54494.810059702395)]","[np.float64(55093.4207386434), np.float64(55069.33917042081), np.float64(55058.64775636445), np.float64(54985.60055830479), np.float64(54989.68964081281), np.float64(54990.87514257144), np.float64(54964.55827147552), np.float64(54976.90052904217), np.float64(54923.734618206625), np.float64(54889.37886981023), np.float64(54897.83141017855), np.float64(54910.634041331556), np.float64(54895.12951402091), np.float64(54869.58662450287), np.float64(54842.74368006321), np.float64(54817.03322204174), np.float64(54820.95411830967), np.float64(54793.9536621768), np.float64(54780.322053560674), np.float64(54730.934100455466), np.float64(54712.00058911887), np.float64(54753.502378940626), np.float64(54701.53531573931), np.float64(54677.234308564664), np.float64(54746.69480934503), np.float64(54660.60404328108), np.float64(54698.70809694432), np.float64(54518.152312417034), np.float64(54522.82910438826)]","[np.float64(55053.15462572456), np.float64(55053.1690917778), np.float64(54925.34263909006), np.float64(54980.01446842194), np.float64(54973.59267659762), np.float64(54931.63625023248), np.float64(54928.221143005234), np.float64(54907.1435001576), np.float64(54878.538420986544), np.float64(54849.895842112426), np.float64(54848.43719860011), np.float64(54847.92266215654), np.float64(54847.02837888577), np.float64(54807.303626084606), np.float64(54781.74758470917), np.float64(54685.05461220146), np.float64(54749.820996221), np.float64(54762.51619293466), np.float64(54702.65640108422), np.float64(54684.47402043182), np.float64(54697.708906768596), np.float64(54596.68466050989), np.float64(54596.99234758959), np.float64(54593.73176346196), np.float64(54622.02849847317), np.float64(54649.31663433788), np.float64(54489.344150907156), np.float64(54481.05448731285), np.float64(54486.074903959285)]","[np.float64(55053.1690917778), np.float64(55056.06683244229), np.float64(54985.60055830479), np.float64(54980.01446842194), np.float64(54986.47225000143), np.float64(54947.84764114618), np.float64(54954.083024799824), np.float64(54920.16676161051), np.float64(54889.370379457476), np.float64(54862.036682786944), np.float64(54897.82227330208), np.float64(54853.03194916487), np.float64(54869.573229522706), np.float64(54821.58550057888), np.float64(54788.54775426865), np.float64(54756.75940267563), np.float64(54771.82335297823), np.float64(54773.05420380354), np.float64(54710.420663564204), np.float64(54705.87792515516), np.float64(54711.9950914979), np.float64(54607.93372407675), np.float64(54677.234308564664), np.float64(54622.02849847317), np.float64(54660.60404328108), np.float64(54660.51364180804), np.float64(54518.152312417034), np.float64(54494.810059702395), np.float64(54497.61353558302)]"
179,"[np.float64(55121.287631933694), np.float64(55085.00174266815), np.float64(55075.15815549136), np.float64(55048.710058436394), np.float64(55042.073534343246), np.float64(55035.883737757205), np.float64(55029.74158867121), np.float64(55002.61277625084), np.float64(55016.5586844039), np.float64(54975.51796096563), np.float64(54980.11594471931), np.float64(54958.621642344), np.float64(54960.44808691979), np.float64(54890.996060647965), np.float64(54853.7910897398), np.float64(54844.508197739124), np.float64(54840.00975862741), np.float64(54835.192725150584), np.float64(54832.36375141859), np.float64(54816.04383877039), np.float64(54772.20273010016), np.float64(54784.896281664376), np.float64(54697.448180959225), np.float64(54695.46102265358), np.float64(54700.97989092827), np.float64(54659.23591614485), np.float64(54596.00562316179), np.float64(54591.99846840859), np.float64(54581.397414758205)]","[np.float64(55121.287631933694), np.float64(55085.010281646486), np.float64(55091.052412992176), np.float64(55048.710058436394), np.float64(55050.82685171907), np.float64(55046.12816059963), np.float64(55047.85012326167), np.float64(55016.5586844039), np.float64(55022.97068213401), np.float64(54988.26782883127), np.float64(54986.39519421136), np.float64(54960.44808691979), np.float64(54961.468166471146), np.float64(54905.96593987677), np.float64(54883.35531224716), np.float64(54844.515972725414), np.float64(54865.46327001459), np.float64(54839.30103057059), np.float64(54847.34812897512), np.float64(54840.06637476997), np.float64(54784.9242298478), np.float64(54790.73803466511), np.float64(54730.09368874393), np.float64(54700.98881913336), np.float64(54719.15593744557), np.float64(54659.250778268164), np.float64(54627.254588340875), np.float64(54592.00411367464), np.float64(54627.075780170264)]","[np.float64(55066.33515858524), np.float64(55075.146845515446), np.float64(55046.27586416055), np.float64(55033.0187078518), np.float64(55009.397782122476), np.float64(55029.74158867121), np.float64(54984.000478876995), np.float64(54996.51282052544), np.float64(54968.376997112275), np.float64(54970.75529737671), np.float64(54936.8003741115), np.float64(54948.79864916976), np.float64(54867.44230977348), np.float64(54847.11410042428), np.float64(54821.800019467606), np.float64(54823.548815632676), np.float64(54834.184962967905), np.float64(54787.08533940819), np.float64(54810.02357081648), np.float64(54742.91903721516), np.float64(54759.15587023377), np.float64(54646.6009900865), np.float64(54688.47425934757), np.float64(54676.907679615724), np.float64(54652.164940431096), np.float64(54582.17968913707), np.float64(54578.85785095745), np.float64(54554.90466346875), np.float64(54564.068941726415)]","[np.float64(55085.00174266815), np.float64(55075.15815549136), np.float64(55048.710058436394), np.float64(55042.073534343246), np.float64(55035.883737757205), np.float64(55029.74158867121), np.float64(55002.61277625084), np.float64(55016.5586844039), np.float64(54975.51796096563), np.float64(54980.11594471931), np.float64(54958.621642344), np.float64(54960.44808691979), np.float64(54890.996060647965), np.float64(54853.7910897398), np.float64(54844.508197739124), np.float64(54840.00975862741), np.float64(54835.192725150584), np.float64(54832.36375141859), np.float64(54816.04383877039), np.float64(54772.20273010016), np.float64(54784.896281664376), np.float64(54697.448180959225), np.float64(54695.46102265358), np.float64(54700.97989092827), np.float64(54659.23591614485), np.float64(54596.00562316179), np.float64(54591.99846840859), np.float64(54581.397414758205), np.float64(54594.8028457284)]"
180,"[np.float64(55097.41842362404), np.float64(55087.84771496773), np.float64(55078.72952878475), np.float64(55006.07301496983), np.float64(55004.71828064442), np.float64(55033.811844167714), np.float64(54958.18186879635), np.float64(54997.50174482107), np.float64(54936.528913123606), np.float64(54914.76508043051), np.float64(54889.862565255164), np.float64(54937.03474928618), np.float64(54871.67100729466), np.float64(54869.383669738774), np.float64(54827.7619043541), np.float64(54825.04110332489), np.float64(54852.67317636729), np.float64(54848.347427248955), np.float64(54807.55691757441), np.float64(54784.16315404892), np.float64(54742.38157637358), np.float64(54726.08175294161), np.float64(54690.17279403448), np.float64(54703.45408395052), np.float64(54680.43016804695), np.float64(54673.6185071969), np.float64(54654.287530100344), np.float64(54634.98333862543), np.float64(54616.074235069755)]","[np.float64(55097.41842362404), np.float64(55108.488081790754), np.float64(55091.29944791643), np.float64(55022.01241265851), np.float64(55033.811844167714), np.float64(55036.04037717199), np.float64(55036.45464605122), np.float64(55004.558808759095), np.float64(54951.61129627023), np.float64(54919.03658158026), np.float64(54959.148652066855), np.float64(54937.256669590315), np.float64(54871.700541110025), np.float64(54893.64108499714), np.float64(54850.21771423406), np.float64(54852.6788516582), np.float64(54887.95396057621), np.float64(54848.347427248955), np.float64(54818.753316682436), np.float64(54787.94502838993), np.float64(54745.485047816444), np.float64(54763.72688849102), np.float64(54703.45408395052), np.float64(54734.698598941206), np.float64(54680.43016804695), np.float64(54695.96983016182), np.float64(54654.287530100344), np.float64(54656.540451464534), np.float64(54628.827219186336)]","[np.float64(55082.10905970696), np.float64(55068.11081509956), np.float64(54997.22514370248), np.float64(54961.64380519863), np.float64(55001.42515496778), np.float64(54955.00650579116), np.float64(54935.46852113433), np.float64(54936.528913123606), np.float64(54909.65535703802), np.float64(54876.360267636424), np.float64(54886.69335110396), np.float64(54848.55038919286), np.float64(54844.72433304173), np.float64(54810.19310653483), np.float64(54824.36674484596), np.float64(54815.278200802015), np.float64(54848.334060042165), np.float64(54718.04920466348), np.float64(54775.0183466229), np.float64(54737.95269265311), np.float64(54715.12441715493), np.float64(54656.00867460185), np.float64(54670.867655914604), np.float64(54668.33320921927), np.float64(54654.07927236235), np.float64(54638.94462221354), np.float64(54615.67712466664), np.float64(54601.377613316276), np.float64(54557.29842540814)]","[np.float64(55087.84771496773), np.float64(55078.72952878475), np.float64(55006.07301496983), np.float64(55004.71828064442), np.float64(55033.811844167714), np.float64(54958.18186879635), np.float64(54997.50174482107), np.float64(54936.528913123606), np.float64(54914.76508043051), np.float64(54889.862565255164), np.float64(54937.03474928618), np.float64(54871.67100729466), np.float64(54869.383669738774), np.float64(54827.7619043541), np.float64(54825.04110332489), np.float64(54852.67317636729), np.float64(54848.347427248955), np.float64(54807.55691757441), np.float64(54784.16315404892), np.float64(54742.38157637358), np.float64(54726.08175294161), np.float64(54690.17279403448), np.float64(54703.45408395052), np.float64(54680.43016804695), np.float64(54673.6185071969), np.float64(54654.287530100344), np.float64(54634.98333862543), np.float64(54616.074235069755), np.float64(54571.565546290876)]"
181,"[np.float64(55072.16949824572), np.float64(55084.96130668164), np.float64(55079.137880737784), np.float64(55001.29899302006), np.float64(54974.94284276247), np.float64(55003.07405556202), np.float64(54956.78450927496), np.float64(55024.02556276799), np.float64(54908.75273858786), np.float64(54936.2654353261), np.float64(54958.90559568882), np.float64(54896.339405834675), np.float64(54922.810038869386), np.float64(54878.61749769211), np.float64(54896.50385409832), np.float64(54830.010480024815), np.float64(54774.733456237314), np.float64(54770.018542943), np.float64(54711.67830001116), np.float64(54651.8014895916), np.float64(54642.78503726006), np.float64(54617.73468605757), np.float64(54562.258315432075), np.float64(54506.89513981342), np.float64(54501.23255637646), np.float64(54501.007325356004), np.float64(54444.56551335812), np.float64(54344.45064671039), np.float64(54291.52006913423)]","[np.float64(55084.96130668164), np.float64(55090.88732224916), np.float64(55091.49889108972), np.float64(55001.29899302006), np.float64(55082.594077772985), np.float64(55003.07405556202), np.float64(55073.34580813461), np.float64(55024.02556276799), np.float64(54964.507550604394), np.float64(54958.90559568882), np.float64(54963.905666380444), np.float64(54936.83149368882), np.float64(54922.82497624529), np.float64(54896.513108755054), np.float64(55026.33249698806), np.float64(54848.60596142431), np.float64(54774.733456237314), np.float64(54799.25119664028), np.float64(54716.65636429811), np.float64(54655.1280111868), np.float64(54686.545958104514), np.float64(54643.17462648319), np.float64(54562.258315432075), np.float64(54510.428796765846), np.float64(54550.09531497273), np.float64(54506.793023605904), np.float64(54444.56551335812), np.float64(54394.22971321732), np.float64(54356.80883281548)]","[np.float64(55051.89988853597), np.float64(55074.607006828504), np.float64(55001.29899302006), np.float64(54962.39369516532), np.float64(54968.6641736312), np.float64(54942.30381511835), np.float64(54950.65709914402), np.float64(54889.029952377416), np.float64(54886.13335516523), np.float64(54901.702366096724), np.float64(54896.339405834675), np.float64(54863.242942005934), np.float64(54875.99886726474), np.float64(54870.318630183065), np.float64(54823.930290113996), np.float64(54761.43862101658), np.float64(54767.03178038822), np.float64(54640.176783353694), np.float64(54649.05568943121), np.float64(54629.61202630237), np.float64(54617.71799175789), np.float64(54448.78101885565), np.float64(54506.89513981342), np.float64(54446.68648236311), np.float64(54487.76572620619), np.float64(54413.42335715232), np.float64(54344.442066534044), np.float64(54273.61977715059), np.float64(54262.767457610484)]","[np.float64(55084.96130668164), np.float64(55079.137880737784), np.float64(55001.29899302006), np.float64(54974.94284276247), np.float64(55003.07405556202), np.float64(54956.78450927496), np.float64(55024.02556276799), np.float64(54908.75273858786), np.float64(54936.2654353261), np.float64(54958.90559568882), np.float64(54896.339405834675), np.float64(54922.810038869386), np.float64(54878.61749769211), np.float64(54896.50385409832), np.float64(54830.010480024815), np.float64(54774.733456237314), np.float64(54770.018542943), np.float64(54711.67830001116), np.float64(54651.8014895916), np.float64(54642.78503726006), np.float64(54617.73468605757), np.float64(54562.258315432075), np.float64(54506.89513981342), np.float64(54501.23255637646), np.float64(54501.007325356004), np.float64(54444.56551335812), np.float64(54344.45064671039), np.float64(54291.52006913423), np.float64(54347.356757881644)]"
182,"[np.float64(55052.43403250694), np.float64(55043.420413269996), np.float64(55071.48427568436), np.float64(55047.92529123306), np.float64(54978.22408141375), np.float64(54971.366060833934), np.float64(54886.107169589995), np.float64(54944.07022460938), np.float64(54888.45026759863), np.float64(54899.33269905329), np.float64(54758.53935874462), np.float64(54815.00821391821), np.float64(54811.770888233186), np.float64(54905.49686901092), np.float64(54824.79127589226), np.float64(54782.48815125704), np.float64(54793.28340066433), np.float64(54803.51988655091), np.float64(54679.703479282856), np.float64(54738.43327272177), np.float64(54634.84374432802), np.float64(54602.53822419405), np.float64(54613.9398846221), np.float64(54600.9103537941), np.float64(54674.18757287979), np.float64(54677.38343236208), np.float64(54624.76475274563), np.float64(54600.92323149681), np.float64(54615.735680265425)]","[np.float64(55061.98465007015), np.float64(55077.389729959614), np.float64(55071.48427568436), np.float64(55050.28732061299), np.float64(54981.32207336475), np.float64(54971.366060833934), np.float64(54988.418210565265), np.float64(54944.08675672792), np.float64(54906.82685124834), np.float64(54899.340514299205), np.float64(54815.01617236048), np.float64(54829.251183056185), np.float64(54943.17554370143), np.float64(54908.22923252015), np.float64(54846.60151285733), np.float64(54803.59659714873), np.float64(54808.90275356835), np.float64(54806.94741324494), np.float64(54746.11112463077), np.float64(54738.43327272177), np.float64(54641.846582649225), np.float64(54638.869296309684), np.float64(54613.9398846221), np.float64(54675.2005672741), np.float64(54724.01840601571), np.float64(54677.38343236208), np.float64(54630.6487416534), np.float64(54634.0903088406), np.float64(54615.735680265425)]","[np.float64(55040.34493394142), np.float64(55043.04471795235), np.float64(55042.424517130166), np.float64(54978.22408141375), np.float64(54971.366060833934), np.float64(54815.44191381026), np.float64(54886.099411625735), np.float64(54882.6941289136), np.float64(54881.07332478048), np.float64(54758.52742741495), np.float64(54758.53935874462), np.float64(54809.97091375952), np.float64(54801.807179281095), np.float64(54824.77577965907), np.float64(54770.265569258554), np.float64(54782.47650596163), np.float64(54772.10324798403), np.float64(54679.703479282856), np.float64(54657.17847270899), np.float64(54634.07680735293), np.float64(54571.921424946864), np.float64(54602.53822419405), np.float64(54584.760759877056), np.float64(54590.06202863078), np.float64(54661.935350610765), np.float64(54624.75409127202), np.float64(54569.969911269494), np.float64(54600.91771866284), np.float64(54534.89303910692)]","[np.float64(55043.420413269996), np.float64(55071.48427568436), np.float64(55047.92529123306), np.float64(54978.22408141375), np.float64(54971.366060833934), np.float64(54886.107169589995), np.float64(54944.07022460938), np.float64(54888.45026759863), np.float64(54899.33269905329), np.float64(54758.53935874462), np.float64(54815.00821391821), np.float64(54811.770888233186), np.float64(54905.49686901092), np.float64(54824.79127589226), np.float64(54782.48815125704), np.float64(54793.28340066433), np.float64(54803.51988655091), np.float64(54679.703479282856), np.float64(54738.43327272177), np.float64(54634.84374432802), np.float64(54602.53822419405), np.float64(54613.9398846221), np.float64(54600.9103537941), np.float64(54674.18757287979), np.float64(54677.38343236208), np.float64(54624.76475274563), np.float64(54600.92323149681), np.float64(54615.735680265425), np.float64(54548.13778563023)]"
183,"[np.float64(55083.0900477004), np.float64(55118.04129185677), np.float64(55083.44135143042), np.float64(55016.1490446806), np.float64(55044.7129482913), np.float64(55030.08890031338), np.float64(54972.017028706076), np.float64(54914.98181216717), np.float64(54933.91576968908), np.float64(54976.208334608076), np.float64(54923.499639849666), np.float64(54933.22990324259), np.float64(54893.95187975169), np.float64(54862.15567276001), np.float64(54911.82007859707), np.float64(54855.099206781386), np.float64(54886.99302675963), np.float64(54804.16274147034), np.float64(54728.22962497711), np.float64(54737.901552376745), np.float64(54695.024339754586), np.float64(54635.09588974714), np.float64(54658.43646836042), np.float64(54645.10431151867), np.float64(54638.41614783764), np.float64(54561.65306340456), np.float64(54478.79805292607), np.float64(54423.412856435774), np.float64(54411.829620399476)]","[np.float64(55118.04129185677), np.float64(55153.15134840308), np.float64(55083.44135143042), np.float64(55080.687636323295), np.float64(55044.7129482913), np.float64(55030.08890031338), np.float64(55006.113424901196), np.float64(54944.11232464791), np.float64(54980.92567457626), np.float64(55038.432666402645), np.float64(54933.22990324259), np.float64(54933.22990324259), np.float64(54896.941075610215), np.float64(54911.82007859707), np.float64(54930.83648602738), np.float64(54887.007968643906), np.float64(54912.31218438851), np.float64(54804.16274147034), np.float64(54740.77944680926), np.float64(54772.63876456607), np.float64(54695.024339754586), np.float64(54693.05520679877), np.float64(54658.43646836042), np.float64(54673.42467749234), np.float64(54638.41614783764), np.float64(54561.65306340456), np.float64(54478.79805292607), np.float64(54598.907889836126), np.float64(54430.49734365939)]","[np.float64(55063.26232409825), np.float64(55076.53731650688), np.float64(55007.36810999356), np.float64(55000.06233658626), np.float64(55030.08337364011), np.float64(54971.34330107455), np.float64(54906.897253968404), np.float64(54914.97384999495), np.float64(54925.80434141149), np.float64(54923.499639849666), np.float64(54919.449512057094), np.float64(54864.423878285284), np.float64(54862.15019824321), np.float64(54848.81464789464), np.float64(54844.2173262792), np.float64(54843.703929069066), np.float64(54799.41523561854), np.float64(54697.07520354027), np.float64(54646.37677287684), np.float64(54695.024339754586), np.float64(54611.29692916432), np.float64(54630.21480650644), np.float64(54635.49902397162), np.float64(54620.14572678538), np.float64(54538.66571155498), np.float64(54463.53331304906), np.float64(54338.1064500136), np.float64(54411.829620399476), np.float64(54394.75215790439)]","[np.float64(55118.04129185677), np.float64(55083.44135143042), np.float64(55016.1490446806), np.float64(55044.7129482913), np.float64(55030.08890031338), np.float64(54972.017028706076), np.float64(54914.98181216717), np.float64(54933.91576968908), np.float64(54976.208334608076), np.float64(54923.499639849666), np.float64(54933.22990324259), np.float64(54893.95187975169), np.float64(54862.15567276001), np.float64(54911.82007859707), np.float64(54855.099206781386), np.float64(54886.99302675963), np.float64(54804.16274147034), np.float64(54728.22962497711), np.float64(54737.901552376745), np.float64(54695.024339754586), np.float64(54635.09588974714), np.float64(54658.43646836042), np.float64(54645.10431151867), np.float64(54638.41614783764), np.float64(54561.65306340456), np.float64(54478.79805292607), np.float64(54423.412856435774), np.float64(54411.829620399476), np.float64(54430.48838141441)]"
184,"[np.float64(55149.09136475325), np.float64(55110.096264390944), np.float64(55130.65294123173), np.float64(55088.78109086037), np.float64(55090.78743694306), np.float64(55037.30298937321), np.float64(55042.9462562561), np.float64(55057.75793236256), np.float64(54978.85560395479), np.float64(54933.42190979004), np.float64(54991.91398083687), np.float64(55029.01374091387), np.float64(55006.126071105005), np.float64(54928.85933971882), np.float64(54877.50743971825), np.float64(54858.965994575025), np.float64(54820.63139158487), np.float64(54874.52985729695), np.float64(54799.138248202806), np.float64(54788.16464261294), np.float64(54804.57135097742), np.float64(54772.78248427629), np.float64(54775.263502480986), np.float64(54775.620601177216), np.float64(54685.63404771328), np.float64(54748.8997543788), np.float64(54727.014098618034), np.float64(54684.31524217844), np.float64(54675.87893035412)]","[np.float64(55193.98533874807), np.float64(55133.62310087178), np.float64(55163.53191552736), np.float64(55090.78743694306), np.float64(55153.800995494756), np.float64(55042.96117799954), np.float64(55084.25199042461), np.float64(55060.351808948224), np.float64(55011.6214792947), np.float64(54991.91398083687), np.float64(55032.59104419203), np.float64(55083.05811560628), np.float64(55006.126071105005), np.float64(54954.413684777675), np.float64(54904.18131611406), np.float64(54859.18566436313), np.float64(54874.52985729695), np.float64(54875.98048533496), np.float64(54830.71813039801), np.float64(54811.62096592565), np.float64(54821.79285642761), np.float64(54775.276952744454), np.float64(54862.478126653885), np.float64(54775.620601177216), np.float64(54794.77852507403), np.float64(54748.907215291525), np.float64(54787.9208349334), np.float64(54684.31524217844), np.float64(54724.26558525769)]","[np.float64(55103.11592852514), np.float64(55110.096264390944), np.float64(55046.57831770236), np.float64(55088.78109086037), np.float64(55025.40330516658), np.float64(55037.30298937321), np.float64(55021.715075355925), np.float64(54978.85560395479), np.float64(54926.605046668265), np.float64(54919.65141715093), np.float64(54984.29890898223), np.float64(54990.04031593365), np.float64(54928.85933971882), np.float64(54866.0494192102), np.float64(54858.965994575025), np.float64(54701.98718654733), np.float64(54820.616485121274), np.float64(54767.36870247283), np.float64(54777.79210928932), np.float64(54759.14523224444), np.float64(54766.59116538961), np.float64(54764.94486152971), np.float64(54775.25045080619), np.float64(54670.50570330582), np.float64(54667.32978339519), np.float64(54722.160848766696), np.float64(54669.26147118358), np.float64(54658.87351923547), np.float64(54654.6539734916)]","[np.float64(55110.096264390944), np.float64(55130.65294123173), np.float64(55088.78109086037), np.float64(55090.78743694306), np.float64(55037.30298937321), np.float64(55042.9462562561), np.float64(55057.75793236256), np.float64(54978.85560395479), np.float64(54933.42190979004), np.float64(54991.91398083687), np.float64(55029.01374091387), np.float64(55006.126071105005), np.float64(54928.85933971882), np.float64(54877.50743971825), np.float64(54858.965994575025), np.float64(54820.63139158487), np.float64(54874.52985729695), np.float64(54799.138248202806), np.float64(54788.16464261294), np.float64(54804.57135097742), np.float64(54772.78248427629), np.float64(54775.263502480986), np.float64(54775.620601177216), np.float64(54685.63404771328), np.float64(54748.8997543788), np.float64(54727.014098618034), np.float64(54684.31524217844), np.float64(54675.87893035412), np.float64(54690.27156601429)]"
185,"[np.float64(55015.74404093027), np.float64(55009.26333703995), np.float64(55073.98036080122), np.float64(55053.881743845945), np.float64(54967.89629261494), np.float64(54941.12689687729), np.float64(54908.398859317305), np.float64(54907.144571073055), np.float64(55028.93853513002), np.float64(54970.20745392084), np.float64(54901.389396953586), np.float64(54841.153556182384), np.float64(54846.823093578816), np.float64(54945.646712975504), np.float64(54753.73855117321), np.float64(54849.382665770056), np.float64(54851.78950840712), np.float64(54789.23645380974), np.float64(54650.83321512461), np.float64(54745.214027085305), np.float64(54627.68116607905), np.float64(54505.432619116305), np.float64(54494.02786803961), np.float64(54423.649033503534), np.float64(54598.513298211095), np.float64(54553.44095238447), np.float64(54503.51950760126), np.float64(54481.68587775946), np.float64(54426.54561517477)]","[np.float64(55015.74404093027), np.float64(55073.98036080122), np.float64(55099.495803522324), np.float64(55053.881743845945), np.float64(54986.23441998483), np.float64(54962.73157925002), np.float64(54908.398859317305), np.float64(55028.9505758608), np.float64(55037.85759540389), np.float64(54970.34097551437), np.float64(54916.2204919638), np.float64(54848.18202266863), np.float64(54955.70365500452), np.float64(54951.89270427166), np.float64(54904.94137653429), np.float64(54861.304506165885), np.float64(54851.78950840712), np.float64(54806.63270594192), np.float64(54781.02287376331), np.float64(54745.214027085305), np.float64(54718.06368286098), np.float64(54520.21316341601), np.float64(54497.25764835587), np.float64(54610.156659036926), np.float64(54598.513298211095), np.float64(54560.13862638886), np.float64(54503.51950760126), np.float64(54566.354521268215), np.float64(54426.554572805726)]","[np.float64(54959.81827748824), np.float64(55008.91069954558), np.float64(55053.881743845945), np.float64(54965.61095756349), np.float64(54941.111081681986), np.float64(54872.91985190904), np.float64(54891.11838615213), np.float64(54894.96831276503), np.float64(54950.29778122782), np.float64(54883.51458023024), np.float64(54841.153556182384), np.float64(54841.153556182384), np.float64(54821.223045992294), np.float64(54753.73855117321), np.float64(54712.31500771496), np.float64(54848.5145911332), np.float64(54777.64772682531), np.float64(54645.37026855135), np.float64(54644.15008549881), np.float64(54590.22514124524), np.float64(54493.225674673085), np.float64(54470.36321058232), np.float64(54423.643522795355), np.float64(54408.085862913715), np.float64(54408.89605045809), np.float64(54502.56888187008), np.float64(54479.26907897653), np.float64(54409.81088151508), np.float64(54342.669082801745)]","[np.float64(55009.26333703995), np.float64(55073.98036080122), np.float64(55053.881743845945), np.float64(54967.89629261494), np.float64(54941.12689687729), np.float64(54908.398859317305), np.float64(54907.144571073055), np.float64(55028.93853513002), np.float64(54970.20745392084), np.float64(54901.389396953586), np.float64(54841.153556182384), np.float64(54846.823093578816), np.float64(54945.646712975504), np.float64(54753.73855117321), np.float64(54849.382665770056), np.float64(54851.78950840712), np.float64(54789.23645380974), np.float64(54650.83321512461), np.float64(54745.214027085305), np.float64(54627.68116607905), np.float64(54505.432619116305), np.float64(54494.02786803961), np.float64(54423.649033503534), np.float64(54598.513298211095), np.float64(54553.44095238447), np.float64(54503.51950760126), np.float64(54481.68587775946), np.float64(54426.54561517477), np.float64(54355.88836470604)]"
186,"[np.float64(54996.73178697586), np.float64(55027.31581581116), np.float64(55039.738034179216), np.float64(55001.997737169266), np.float64(54912.2118183136), np.float64(54873.234360404014), np.float64(54910.19581395388), np.float64(54862.67232619286), np.float64(54941.341696958545), np.float64(54847.193327531815), np.float64(54903.95257490158), np.float64(54849.48929314852), np.float64(54804.449270355704), np.float64(54813.57994791031), np.float64(54666.5602383399), np.float64(54748.61206650019), np.float64(54727.07758569241), np.float64(54677.558697896005), np.float64(54667.745244543556), np.float64(54758.12907513619), np.float64(54721.17972662688), np.float64(54613.55703052044), np.float64(54774.51466406822), np.float64(54556.433859272), np.float64(54759.16521509647), np.float64(54757.81614696026), np.float64(54653.82419035673), np.float64(54647.681526162625), np.float64(54570.065809032916)]","[np.float64(55027.31581581116), np.float64(55044.442670530305), np.float64(55042.2491890141), np.float64(55001.997737169266), np.float64(54915.45385838135), np.float64(54910.19581395388), np.float64(54916.462006632624), np.float64(54941.35009071875), np.float64(54944.38952637316), np.float64(54903.95257490158), np.float64(54929.26675298519), np.float64(54849.48929314852), np.float64(54835.92300562603), np.float64(54813.57994791031), np.float64(54761.1845417863), np.float64(54748.6256593583), np.float64(54748.83267691651), np.float64(54680.92714909895), np.float64(54809.96615403663), np.float64(54758.12907513619), np.float64(54770.73243212948), np.float64(54778.87685810142), np.float64(54774.51466406822), np.float64(54768.854360238074), np.float64(54759.16521509647), np.float64(54757.82483178466), np.float64(54686.056417778615), np.float64(54647.69421676114), np.float64(54589.73194671138)]","[np.float64(54983.09008268698), np.float64(55027.31028556535), np.float64(55001.997737169266), np.float64(54889.55990986914), np.float64(54870.60046901274), np.float64(54855.18843800753), np.float64(54854.70011672663), np.float64(54862.67232619286), np.float64(54835.5315862346), np.float64(54837.17548142034), np.float64(54849.48929314852), np.float64(54804.449270355704), np.float64(54804.449270355704), np.float64(54666.5547825975), np.float64(54645.57031744564), np.float64(54723.24501771894), np.float64(54677.558697896005), np.float64(54653.42378902224), np.float64(54661.44334786533), np.float64(54697.2395750988), np.float64(54596.430851057004), np.float64(54613.47872922026), np.float64(54542.67439059754), np.float64(54548.941754769134), np.float64(54731.86553805712), np.float64(54653.82419035673), np.float64(54647.681526162625), np.float64(54564.97532150855), np.float64(54489.38370337542)]","[np.float64(55027.31581581116), np.float64(55039.738034179216), np.float64(55001.997737169266), np.float64(54912.2118183136), np.float64(54873.234360404014), np.float64(54910.19581395388), np.float64(54862.67232619286), np.float64(54941.341696958545), np.float64(54847.193327531815), np.float64(54903.95257490158), np.float64(54849.48929314852), np.float64(54804.449270355704), np.float64(54813.57994791031), np.float64(54666.5602383399), np.float64(54748.61206650019), np.float64(54727.07758569241), np.float64(54677.558697896005), np.float64(54667.745244543556), np.float64(54758.12907513619), np.float64(54721.17972662688), np.float64(54613.55703052044), np.float64(54774.51466406822), np.float64(54556.433859272), np.float64(54759.16521509647), np.float64(54757.81614696026), np.float64(54653.82419035673), np.float64(54647.681526162625), np.float64(54570.065809032916), np.float64(54531.03606765032)]"
187,"[np.float64(55049.87239988327), np.float64(55059.58141506672), np.float64(55031.7394354701), np.float64(54975.66438044548), np.float64(54987.49898923874), np.float64(54994.37697025776), np.float64(54971.53501629353), np.float64(54944.47703123808), np.float64(54913.16901795626), np.float64(54881.82185645819), np.float64(54886.54295104981), np.float64(54867.125307013994), np.float64(54832.61126086474), np.float64(54859.84232224464), np.float64(54847.607989559176), np.float64(54820.30313894272), np.float64(54842.826627318864), np.float64(54774.273979804515), np.float64(54764.917813675405), np.float64(54701.380773813726), np.float64(54712.88545586348), np.float64(54651.3704728818), np.float64(54690.26847536564), np.float64(54659.172300293445), np.float64(54617.77112995624), np.float64(54561.089148802756), np.float64(54483.57941516638), np.float64(54389.15391757727), np.float64(54335.89573124409)]","[np.float64(55059.58141506672), np.float64(55059.588922482486), np.float64(55031.7394354701), np.float64(55001.06499230207), np.float64(54994.37697025776), np.float64(55000.503698067354), np.float64(54971.54401812961), np.float64(54956.61799793155), np.float64(54918.2476503695), np.float64(54887.32246210648), np.float64(54886.54846373259), np.float64(54877.51492926381), np.float64(54891.35523056553), np.float64(54859.84232224464), np.float64(54865.66105406601), np.float64(54856.016422217675), np.float64(54882.73358033777), np.float64(54788.48504635296), np.float64(54764.917813675405), np.float64(54719.62315952276), np.float64(54712.88545586348), np.float64(54739.84268286328), np.float64(54690.28136694161), np.float64(54701.96684676033), np.float64(54620.16470335225), np.float64(54561.089148802756), np.float64(54483.58769166985), np.float64(54424.143825930725), np.float64(54365.03097084723)]","[np.float64(55048.79951663269), np.float64(55016.51978529446), np.float64(54975.658859253774), np.float64(54964.007009087174), np.float64(54987.49898923874), np.float64(54952.122784758576), np.float64(54924.76186433719), np.float64(54886.07639290718), np.float64(54870.59696207441), np.float64(54881.82185645819), np.float64(54867.11040609717), np.float64(54821.9368660002), np.float64(54832.61126086474), np.float64(54827.89059940868), np.float64(54819.63695471461), np.float64(54798.51597589758), np.float64(54769.058027011175), np.float64(54759.13213202545), np.float64(54682.49065414739), np.float64(54694.993475864925), np.float64(54650.47799858808), np.float64(54616.66439413175), np.float64(54640.085681368844), np.float64(54602.51573522229), np.float64(54557.435459951914), np.float64(54459.08111924825), np.float64(54367.01540013343), np.float64(54335.886863161104), np.float64(54315.76693324358)]","[np.float64(55059.58141506672), np.float64(55031.7394354701), np.float64(54975.66438044548), np.float64(54987.49898923874), np.float64(54994.37697025776), np.float64(54971.53501629353), np.float64(54944.47703123808), np.float64(54913.16901795626), np.float64(54881.82185645819), np.float64(54886.54295104981), np.float64(54867.125307013994), np.float64(54832.61126086474), np.float64(54859.84232224464), np.float64(54847.607989559176), np.float64(54820.30313894272), np.float64(54842.826627318864), np.float64(54774.273979804515), np.float64(54764.917813675405), np.float64(54701.380773813726), np.float64(54712.88545586348), np.float64(54651.3704728818), np.float64(54690.26847536564), np.float64(54659.172300293445), np.float64(54617.77112995624), np.float64(54561.089148802756), np.float64(54483.57941516638), np.float64(54389.15391757727), np.float64(54335.89573124409), np.float64(54357.05572845697)]"
188,"[np.float64(55003.001682872775), np.float64(55024.5767284441), np.float64(55018.586278696064), np.float64(54977.993184204104), np.float64(54939.63926465988), np.float64(54942.433854925635), np.float64(54898.43718360663), np.float64(54866.01602170229), np.float64(54847.21740883589), np.float64(54801.19880941391), np.float64(54782.5235649395), np.float64(54798.482515580654), np.float64(54802.95494173288), np.float64(54773.430361499784), np.float64(54711.027847247125), np.float64(54712.40666287661), np.float64(54685.21912813187), np.float64(54669.83362159252), np.float64(54616.07475017786), np.float64(54614.93365694046), np.float64(54649.61910531283), np.float64(54545.23450755358), np.float64(54548.45612244129), np.float64(54449.05867261171), np.float64(54550.841845645904), np.float64(54565.297453272346), np.float64(54496.76772806883), np.float64(54411.530600142476), np.float64(54407.546110146046)]","[np.float64(55024.5767284441), np.float64(55052.71084032842), np.float64(55018.586278696064), np.float64(54988.69401877908), np.float64(54942.446046003424), np.float64(54942.442544900194), np.float64(54912.85450404164), np.float64(54866.032343353865), np.float64(54876.27298248797), np.float64(54801.19880941391), np.float64(54798.4956978673), np.float64(54811.33402699136), np.float64(54812.507596716765), np.float64(54773.438793125744), np.float64(54725.75227083272), np.float64(54719.09424207114), np.float64(54711.946560363474), np.float64(54669.84232345584), np.float64(54628.52390905027), np.float64(54649.64163791843), np.float64(54652.842154271115), np.float64(54581.961467582565), np.float64(54548.45612244129), np.float64(54574.930998980235), np.float64(54565.297453272346), np.float64(54567.98589167391), np.float64(54496.76772806883), np.float64(54436.05283101226), np.float64(54413.98521547603)]","[np.float64(54995.67055243983), np.float64(55007.742158890025), np.float64(54964.965725311704), np.float64(54936.417293091574), np.float64(54939.63926465988), np.float64(54891.46731001784), np.float64(54836.371801543355), np.float64(54847.20822850353), np.float64(54793.53018247153), np.float64(54773.60758590602), np.float64(54782.51597782042), np.float64(54787.12463609854), np.float64(54773.41303816501), np.float64(54699.7221821202), np.float64(54709.293225226014), np.float64(54663.84981435317), np.float64(54669.82513162293), np.float64(54603.408962484355), np.float64(54600.68935134229), np.float64(54605.23869177015), np.float64(54537.611221552426), np.float64(54541.161989743916), np.float64(54433.95510986365), np.float64(54428.30275898223), np.float64(54541.45131427074), np.float64(54486.68862214386), np.float64(54384.39444192498), np.float64(54400.45213819224), np.float64(54363.12624594939)]","[np.float64(55024.5767284441), np.float64(55018.586278696064), np.float64(54977.993184204104), np.float64(54939.63926465988), np.float64(54942.433854925635), np.float64(54898.43718360663), np.float64(54866.01602170229), np.float64(54847.21740883589), np.float64(54801.19880941391), np.float64(54782.5235649395), np.float64(54798.482515580654), np.float64(54802.95494173288), np.float64(54773.430361499784), np.float64(54711.027847247125), np.float64(54712.40666287661), np.float64(54685.21912813187), np.float64(54669.83362159252), np.float64(54616.07475017786), np.float64(54614.93365694046), np.float64(54649.61910531283), np.float64(54545.23450755358), np.float64(54548.45612244129), np.float64(54449.05867261171), np.float64(54550.841845645904), np.float64(54565.297453272346), np.float64(54496.76772806883), np.float64(54411.530600142476), np.float64(54407.546110146046), np.float64(54377.458130419254)]"
189,"[np.float64(55088.95571250916), np.float64(55067.86074769497), np.float64(55016.85049314737), np.float64(55038.769759712224), np.float64(54999.72250465393), np.float64(55016.56860023499), np.float64(54972.26093239546), np.float64(54917.00502804041), np.float64(54938.913091003895), np.float64(54942.00361087799), np.float64(54908.394867229465), np.float64(54892.21132945299), np.float64(54898.17216048479), np.float64(54874.111331958775), np.float64(54836.76187322617), np.float64(54828.73056515217), np.float64(54829.706308686735), np.float64(54766.65141001463), np.float64(54755.36487624884), np.float64(54731.80215726376), np.float64(54731.22588006735), np.float64(54709.14731631994), np.float64(54654.691889965536), np.float64(54646.34726738453), np.float64(54663.259039249424), np.float64(54656.75927635908), np.float64(54669.998713741305), np.float64(54600.17851394892), np.float64(54560.658003315926)]","[np.float64(55110.69525872516), np.float64(55067.86074769497), np.float64(55050.04097928386), np.float64(55038.769759712224), np.float64(55028.336110903714), np.float64(55016.56860023499), np.float64(54976.75970125355), np.float64(54938.913091003895), np.float64(54979.341716505456), np.float64(54942.00361087799), np.float64(54923.506465163235), np.float64(54898.17216048479), np.float64(54915.35923872737), np.float64(54874.12798106576), np.float64(54844.84123168787), np.float64(54834.65094303175), np.float64(54836.18686286671), np.float64(54791.425866359), np.float64(54755.37774205405), np.float64(54731.81135383446), np.float64(54731.22588006735), np.float64(54712.63987302769), np.float64(54677.704706633136), np.float64(54681.458230434604), np.float64(54663.259039249424), np.float64(54688.188157463825), np.float64(54669.998713741305), np.float64(54614.00533363019), np.float64(54560.67098233211)]","[np.float64(55067.86074769497), np.float64(54984.836767632725), np.float64(55016.85049314737), np.float64(54999.72250465393), np.float64(54987.11795585308), np.float64(54972.26093239546), np.float64(54916.99594396524), np.float64(54917.00502804041), np.float64(54908.93886941543), np.float64(54908.394867229465), np.float64(54892.203298654196), np.float64(54891.15110255786), np.float64(54874.111331958775), np.float64(54827.56111366601), np.float64(54825.08589425432), np.float64(54811.16057257356), np.float64(54766.63951120378), np.float64(54739.58143224615), np.float64(54731.793324372054), np.float64(54699.744976065034), np.float64(54709.14731631994), np.float64(54618.33391492562), np.float64(54646.34726738453), np.float64(54604.5604076199), np.float64(54656.75927635908), np.float64(54635.49866199166), np.float64(54600.17851394892), np.float64(54540.7526146765), np.float64(54552.47065615802)]","[np.float64(55067.86074769497), np.float64(55016.85049314737), np.float64(55038.769759712224), np.float64(54999.72250465393), np.float64(55016.56860023499), np.float64(54972.26093239546), np.float64(54917.00502804041), np.float64(54938.913091003895), np.float64(54942.00361087799), np.float64(54908.394867229465), np.float64(54892.21132945299), np.float64(54898.17216048479), np.float64(54874.111331958775), np.float64(54836.76187322617), np.float64(54828.73056515217), np.float64(54829.706308686735), np.float64(54766.65141001463), np.float64(54755.36487624884), np.float64(54731.80215726376), np.float64(54731.22588006735), np.float64(54709.14731631994), np.float64(54654.691889965536), np.float64(54646.34726738453), np.float64(54663.259039249424), np.float64(54656.75927635908), np.float64(54669.998713741305), np.float64(54600.17851394892), np.float64(54560.658003315926), np.float64(54553.128410539626)]"
190,"[np.float64(55081.309061415195), np.float64(55135.92326984406), np.float64(55019.61082872391), np.float64(55035.82205356121), np.float64(55074.32999042988), np.float64(54939.147336416245), np.float64(55022.60193273306), np.float64(54939.88497122765), np.float64(54895.13688595533), np.float64(54955.8225448823), np.float64(54941.48644233704), np.float64(54961.03286339998), np.float64(54891.36732481718), np.float64(54797.70483111381), np.float64(54820.80408157826), np.float64(54847.29519016028), np.float64(54829.72407991648), np.float64(54866.86015511513), np.float64(54814.147854599956), np.float64(54842.76339779854), np.float64(54755.73137566805), np.float64(54684.30184936762), np.float64(54730.77168349266), np.float64(54665.79208337307), np.float64(54686.49350559235), np.float64(54649.751359319685), np.float64(54646.54918976307), np.float64(54617.09620955706), np.float64(54573.441054914)]","[np.float64(55135.92326984406), np.float64(55142.98714573612), np.float64(55038.7878703324), np.float64(55074.32999042988), np.float64(55074.33889736609), np.float64(55056.512802020625), np.float64(55022.60193273306), np.float64(54962.00378360221), np.float64(54955.8225448823), np.float64(54955.8225448823), np.float64(54972.74540874521), np.float64(54961.03286339998), np.float64(54902.87434477573), np.float64(54820.80408157826), np.float64(54870.595410546266), np.float64(54850.23984009431), np.float64(54879.71096832796), np.float64(54866.86015511513), np.float64(54846.58722402678), np.float64(54852.286360372455), np.float64(54755.74063904891), np.float64(54744.38146997947), np.float64(54742.699734921254), np.float64(54689.936293979066), np.float64(54686.49350559235), np.float64(54649.751359319685), np.float64(54654.97250376135), np.float64(54617.106031924835), np.float64(54585.28171803092)]","[np.float64(55070.083294937984), np.float64(55019.61082872391), np.float64(54989.7097451581), np.float64(55030.81301161261), np.float64(54936.15912788587), np.float64(54939.138341794176), np.float64(54925.07079478014), np.float64(54895.13688595533), np.float64(54893.22230950687), np.float64(54931.79409258072), np.float64(54941.48644233704), np.float64(54870.31938533619), np.float64(54797.70483111381), np.float64(54773.404617359505), np.float64(54820.80408157826), np.float64(54809.1404532065), np.float64(54825.627523461386), np.float64(54804.772345122496), np.float64(54814.147854599956), np.float64(54742.247959791646), np.float64(54684.29257602295), np.float64(54680.55212327443), np.float64(54658.80193156377), np.float64(54646.8272436708), np.float64(54641.01101266543), np.float64(54643.01795982222), np.float64(54617.09620955706), np.float64(54563.32575609728), np.float64(54519.468954192904)]","[np.float64(55135.92326984406), np.float64(55019.61082872391), np.float64(55035.82205356121), np.float64(55074.32999042988), np.float64(54939.147336416245), np.float64(55022.60193273306), np.float64(54939.88497122765), np.float64(54895.13688595533), np.float64(54955.8225448823), np.float64(54941.48644233704), np.float64(54961.03286339998), np.float64(54891.36732481718), np.float64(54797.70483111381), np.float64(54820.80408157826), np.float64(54847.29519016028), np.float64(54829.72407991648), np.float64(54866.86015511513), np.float64(54814.147854599956), np.float64(54842.76339779854), np.float64(54755.73137566805), np.float64(54684.30184936762), np.float64(54730.77168349266), np.float64(54665.79208337307), np.float64(54686.49350559235), np.float64(54649.751359319685), np.float64(54646.54918976307), np.float64(54617.09620955706), np.float64(54573.441054914), np.float64(54533.42076063871)]"
191,"[np.float64(55008.24368053913), np.float64(54989.61041737557), np.float64(54986.07072323084), np.float64(54991.99330748558), np.float64(54987.10029556275), np.float64(54924.159750890736), np.float64(55004.418616502284), np.float64(54953.69862537384), np.float64(54954.4412824893), np.float64(54893.25390826464), np.float64(54926.37007978439), np.float64(54902.21524402857), np.float64(54875.84943549395), np.float64(54834.51935007572), np.float64(54804.35770988942), np.float64(54787.08974076748), np.float64(54781.32400693178), np.float64(54751.59904964447), np.float64(54746.926117661), np.float64(54744.01575684786), np.float64(54657.54430111647), np.float64(54656.420979108814), np.float64(54645.236565525534), np.float64(54638.31209599972), np.float64(54608.74360280037), np.float64(54629.19944722891), np.float64(54543.93128403902), np.float64(54489.81183694839), np.float64(54443.66574826956)]","[np.float64(55008.25510754363), np.float64(54995.31561980474), np.float64(55002.45633579296), np.float64(54991.99330748558), np.float64(54987.10029556275), np.float64(55011.16812258099), np.float64(55013.37930722675), np.float64(54963.13102255575), np.float64(54968.4344738215), np.float64(54926.37007978439), np.float64(54952.79686679796), np.float64(54902.21524402857), np.float64(54898.23356109136), np.float64(54834.51935007572), np.float64(54810.33265102134), np.float64(54787.10750928484), np.float64(54790.6833734376), np.float64(54751.61055197913), np.float64(54750.677880056646), np.float64(54746.05936240036), np.float64(54675.67868610296), np.float64(54681.25460414662), np.float64(54645.24514870537), np.float64(54665.42421450529), np.float64(54629.19944722891), np.float64(54683.92171543855), np.float64(54543.93128403902), np.float64(54498.22825080753), np.float64(54468.053994575755)]","[np.float64(54989.61041737557), np.float64(54975.73861399151), np.float64(54986.06519948221), np.float64(54961.74017162148), np.float64(54916.521964793086), np.float64(54905.97718636028), np.float64(54953.69862537384), np.float64(54953.690100956825), np.float64(54881.596231423406), np.float64(54865.60244204696), np.float64(54902.21524402857), np.float64(54867.885259426985), np.float64(54834.51935007572), np.float64(54781.621713874876), np.float64(54783.42991974517), np.float64(54769.080169224486), np.float64(54751.59018757086), np.float64(54744.777827227714), np.float64(54736.3512173802), np.float64(54639.008927692776), np.float64(54655.48036967507), np.float64(54632.97628866488), np.float64(54618.33650384455), np.float64(54585.423698085426), np.float64(54593.046746532746), np.float64(54543.93128403902), np.float64(54451.604567284994), np.float64(54440.48060717133), np.float64(54420.57134623388)]","[np.float64(54989.61041737557), np.float64(54986.07072323084), np.float64(54991.99330748558), np.float64(54987.10029556275), np.float64(54924.159750890736), np.float64(55004.418616502284), np.float64(54953.69862537384), np.float64(54954.4412824893), np.float64(54893.25390826464), np.float64(54926.37007978439), np.float64(54902.21524402857), np.float64(54875.84943549395), np.float64(54834.51935007572), np.float64(54804.35770988942), np.float64(54787.08974076748), np.float64(54781.32400693178), np.float64(54751.59904964447), np.float64(54746.926117661), np.float64(54744.01575684786), np.float64(54657.54430111647), np.float64(54656.420979108814), np.float64(54645.236565525534), np.float64(54638.31209599972), np.float64(54608.74360280037), np.float64(54629.19944722891), np.float64(54543.93128403902), np.float64(54489.81183694839), np.float64(54443.66574826956), np.float64(54450.979768302444)]"
192,"[np.float64(55063.20095096827), np.float64(55029.15681219101), np.float64(55039.03413894892), np.float64(55069.26596261501), np.float64(55037.31792750835), np.float64(55067.77034622193), np.float64(54972.727877895835), np.float64(55026.857112040525), np.float64(54943.582030899524), np.float64(54923.57651973486), np.float64(54860.68297867775), np.float64(54904.59761903048), np.float64(54846.94324254513), np.float64(54957.826701755526), np.float64(54924.007021336554), np.float64(54842.015203270916), np.float64(54763.79037080288), np.float64(54850.77873752117), np.float64(54785.00548458338), np.float64(54778.22447266579), np.float64(54758.31824858904), np.float64(54776.59634471178), np.float64(54736.593177781106), np.float64(54661.01741753817), np.float64(54773.03244048596), np.float64(54741.95738484621), np.float64(54576.76054034233), np.float64(54602.76783363342), np.float64(54562.36726079702)]","[np.float64(55063.20095096827), np.float64(55040.463714219426), np.float64(55069.31427099143), np.float64(55085.82531014422), np.float64(55067.77034622193), np.float64(55103.74715071552), np.float64(55026.857112040525), np.float64(55030.07848464947), np.float64(54956.121053101444), np.float64(54923.57651973486), np.float64(54909.253503761945), np.float64(54925.08006708492), np.float64(54967.51360388299), np.float64(54975.842985911935), np.float64(54924.007021336554), np.float64(54855.042114193406), np.float64(54850.77873752117), np.float64(54866.25313607313), np.float64(54785.021169998596), np.float64(54778.981948115616), np.float64(54789.267012057295), np.float64(54783.63711525971), np.float64(54736.604585545036), np.float64(54791.36422126062), np.float64(54773.03244048596), np.float64(54769.91655330195), np.float64(54624.68612587716), np.float64(54615.16965153314), np.float64(54562.38057941458)]","[np.float64(55029.15151887714), np.float64(55016.979220332265), np.float64(55034.30727299444), np.float64(55037.31792750835), np.float64(55037.3042497765), np.float64(54972.727877895835), np.float64(54962.37263911106), np.float64(54943.582030899524), np.float64(54911.04649557349), np.float64(54860.68297867775), np.float64(54853.60034163928), np.float64(54846.94324254513), np.float64(54819.79222446116), np.float64(54923.99505586094), np.float64(54826.76057023316), np.float64(54754.44246762216), np.float64(54754.55056884684), np.float64(54777.40344441332), np.float64(54752.13198456161), np.float64(54758.30408706073), np.float64(54739.87961207241), np.float64(54736.584740308695), np.float64(54637.98514314017), np.float64(54648.11398733747), np.float64(54737.51853690411), np.float64(54564.14115679909), np.float64(54567.234460318345), np.float64(54551.72690414016), np.float64(54445.07068464664)]","[np.float64(55029.15681219101), np.float64(55039.03413894892), np.float64(55069.26596261501), np.float64(55037.31792750835), np.float64(55067.77034622193), np.float64(54972.727877895835), np.float64(55026.857112040525), np.float64(54943.582030899524), np.float64(54923.57651973486), np.float64(54860.68297867775), np.float64(54904.59761903048), np.float64(54846.94324254513), np.float64(54957.826701755526), np.float64(54924.007021336554), np.float64(54842.015203270916), np.float64(54763.79037080288), np.float64(54850.77873752117), np.float64(54785.00548458338), np.float64(54778.22447266579), np.float64(54758.31824858904), np.float64(54776.59634471178), np.float64(54736.593177781106), np.float64(54661.01741753817), np.float64(54773.03244048596), np.float64(54741.95738484621), np.float64(54576.76054034233), np.float64(54602.76783363342), np.float64(54562.36726079702), np.float64(54481.14269625902)]"
193,"[np.float64(55059.62610069513), np.float64(55026.95137682438), np.float64(55091.04215790272), np.float64(55043.333359999655), np.float64(55020.2387455082), np.float64(54957.96938670159), np.float64(55029.209997103215), np.float64(54960.74581940651), np.float64(55050.12686328888), np.float64(54968.32202946663), np.float64(54901.55964018345), np.float64(54900.26543106079), np.float64(54952.605437190534), np.float64(54937.759892725946), np.float64(54897.367561619285), np.float64(54832.41629244566), np.float64(54885.94916017771), np.float64(54780.11376043082), np.float64(54680.00018155336), np.float64(54743.85697477341), np.float64(54765.83638020993), np.float64(54753.20245240927), np.float64(54702.74143188238), np.float64(54716.296115427016), np.float64(54710.933582463265), np.float64(54821.51428688288), np.float64(54655.62719751358), np.float64(54616.944252665045), np.float64(54634.18723904371)]","[np.float64(55059.62610069513), np.float64(55123.99790243943), np.float64(55094.89705531467), np.float64(55043.333359999655), np.float64(55020.2387455082), np.float64(55078.7759014057), np.float64(55047.565535555674), np.float64(55058.510702945576), np.float64(55050.12686328888), np.float64(54969.698762397136), np.float64(54917.367942593984), np.float64(54952.605437190534), np.float64(54960.913491852065), np.float64(54966.95774758724), np.float64(54897.379267045704), np.float64(54887.77590766511), np.float64(54919.3352171601), np.float64(54780.11376043082), np.float64(54756.86784331068), np.float64(54792.59536648168), np.float64(54769.165048067225), np.float64(54772.68238819732), np.float64(54716.296115427016), np.float64(54716.296115427016), np.float64(54882.4886119238), np.float64(54821.51428688288), np.float64(54664.250233826126), np.float64(54634.197929731876), np.float64(54651.61618110157)]","[np.float64(55017.12058472709), np.float64(55026.95137682438), np.float64(55043.333359999655), np.float64(55015.833369869746), np.float64(54944.103371470774), np.float64(54957.96938670159), np.float64(54960.73509215342), np.float64(54956.24351289264), np.float64(54968.32202946663), np.float64(54886.04079041215), np.float64(54900.26543106079), np.float64(54884.33286825096), np.float64(54916.26461856945), np.float64(54897.355586283615), np.float64(54806.99423122591), np.float64(54832.407768172394), np.float64(54780.11376043082), np.float64(54627.73223826276), np.float64(54658.134471445985), np.float64(54740.72063974155), np.float64(54717.66070529789), np.float64(54671.193499796005), np.float64(54685.896511962776), np.float64(54703.901721744114), np.float64(54696.50891026825), np.float64(54655.62719751358), np.float64(54606.41105488929), np.float64(54604.70631781462), np.float64(54568.7059489569)]","[np.float64(55026.95137682438), np.float64(55091.04215790272), np.float64(55043.333359999655), np.float64(55020.2387455082), np.float64(54957.96938670159), np.float64(55029.209997103215), np.float64(54960.74581940651), np.float64(55050.12686328888), np.float64(54968.32202946663), np.float64(54901.55964018345), np.float64(54900.26543106079), np.float64(54952.605437190534), np.float64(54937.759892725946), np.float64(54897.367561619285), np.float64(54832.41629244566), np.float64(54885.94916017771), np.float64(54780.11376043082), np.float64(54680.00018155336), np.float64(54743.85697477341), np.float64(54765.83638020993), np.float64(54753.20245240927), np.float64(54702.74143188238), np.float64(54716.296115427016), np.float64(54710.933582463265), np.float64(54821.51428688288), np.float64(54655.62719751358), np.float64(54616.944252665045), np.float64(54634.18723904371), np.float64(54625.74126894236)]"
194,"[np.float64(55108.91808336973), np.float64(55088.19901869774), np.float64(55051.69614014149), np.float64(55063.815861272815), np.float64(55026.62479828358), np.float64(55065.60998281479), np.float64(55052.00301579714), np.float64(55035.11223458767), np.float64(55010.1943949461), np.float64(54947.25320638895), np.float64(54923.870775241856), np.float64(54913.34698780775), np.float64(54924.70125828982), np.float64(54967.76957602024), np.float64(54884.53583230496), np.float64(54849.05454190493), np.float64(54831.6162007761), np.float64(54833.65383967638), np.float64(54828.59650826693), np.float64(54715.67914469004), np.float64(54744.92955863237), np.float64(54728.500829396246), np.float64(54729.26421961308), np.float64(54671.16002497196), np.float64(54617.748722753524), np.float64(54597.93714979172), np.float64(54478.42395566225), np.float64(54497.56666074514), np.float64(54382.493054625986)]","[np.float64(55108.91808336973), np.float64(55099.917870169294), np.float64(55083.00878334798), np.float64(55063.82432476204), np.float64(55065.60998281479), np.float64(55117.674593045354), np.float64(55052.00301579714), np.float64(55035.124482009465), np.float64(55015.64593821863), np.float64(54961.181449377014), np.float64(54923.88695854947), np.float64(54930.62537712018), np.float64(55003.76121337527), np.float64(54967.76957602024), np.float64(54884.53583230496), np.float64(54881.66536799105), np.float64(54833.65383967638), np.float64(54883.18610081921), np.float64(54828.59650826693), np.float64(54753.91031414756), np.float64(54771.637180649515), np.float64(54746.023220677256), np.float64(54794.279392794575), np.float64(54671.16002497196), np.float64(54620.7592838387), np.float64(54599.973128687096), np.float64(54497.56666074514), np.float64(54502.17034064341), np.float64(54400.43282296268)]","[np.float64(55088.19901869774), np.float64(55013.231926513334), np.float64(55051.69614014149), np.float64(54944.60259318872), np.float64(55026.61572615587), np.float64(55051.99452874196), np.float64(55034.96630551022), np.float64(55004.071878700124), np.float64(54934.064114843306), np.float64(54923.42928328382), np.float64(54900.07876171309), np.float64(54900.00896019634), np.float64(54924.70125828982), np.float64(54869.65135068061), np.float64(54832.171304536605), np.float64(54798.61862056558), np.float64(54831.60329497364), np.float64(54820.847170651796), np.float64(54691.233013606026), np.float64(54682.50811627834), np.float64(54728.492409337865), np.float64(54709.1766859674), np.float64(54651.22332884779), np.float64(54592.3698493395), np.float64(54592.73591614664), np.float64(54469.74772562602), np.float64(54461.479689167776), np.float64(54382.493054625986), np.float64(54312.407267755916)]","[np.float64(55088.19901869774), np.float64(55051.69614014149), np.float64(55063.815861272815), np.float64(55026.62479828358), np.float64(55065.60998281479), np.float64(55052.00301579714), np.float64(55035.11223458767), np.float64(55010.1943949461), np.float64(54947.25320638895), np.float64(54923.870775241856), np.float64(54913.34698780775), np.float64(54924.70125828982), np.float64(54967.76957602024), np.float64(54884.53583230496), np.float64(54849.05454190493), np.float64(54831.6162007761), np.float64(54833.65383967638), np.float64(54828.59650826693), np.float64(54715.67914469004), np.float64(54744.92955863237), np.float64(54728.500829396246), np.float64(54729.26421961308), np.float64(54671.16002497196), np.float64(54617.748722753524), np.float64(54597.93714979172), np.float64(54478.42395566225), np.float64(54497.56666074514), np.float64(54382.493054625986), np.float64(54357.46897393704)]"
195,"[np.float64(55126.792077181344), np.float64(55105.036614995006), np.float64(55079.69818958283), np.float64(55042.41569490433), np.float64(55006.4991381526), np.float64(54969.206212534904), np.float64(54982.861857268814), np.float64(54958.47985883713), np.float64(54954.74777181387), np.float64(54904.813964436056), np.float64(54891.1490477562), np.float64(54880.721199207306), np.float64(54855.54580551148), np.float64(54840.31946737767), np.float64(54786.05514613152), np.float64(54836.47482923269), np.float64(54812.02084444284), np.float64(54769.33885779381), np.float64(54741.91063878536), np.float64(54739.14978810072), np.float64(54753.512289936545), np.float64(54708.178397967815), np.float64(54711.8560123086), np.float64(54656.61350076437), np.float64(54663.42258607387), np.float64(54670.465272910595), np.float64(54614.38055960894), np.float64(54551.264749403), np.float64(54579.82916812182)]","[np.float64(55126.79958873274), np.float64(55116.97639927394), np.float64(55079.69818958283), np.float64(55057.288758290706), np.float64(55006.51439865673), np.float64(54982.861857268814), np.float64(54998.76757446708), np.float64(54958.48899471422), np.float64(54979.767287542796), np.float64(54904.813964436056), np.float64(54902.26354417299), np.float64(54880.72962605132), np.float64(54868.31077630906), np.float64(54840.31946737767), np.float64(54869.14962703422), np.float64(54836.47482923269), np.float64(54839.78297417341), np.float64(54769.33885779381), np.float64(54753.176061184364), np.float64(54754.15771776166), np.float64(54768.035323514334), np.float64(54742.44904878773), np.float64(54713.517832646845), np.float64(54676.19496529799), np.float64(54670.465272910595), np.float64(54670.47452965871), np.float64(54614.38055960894), np.float64(54609.84815225146), np.float64(54584.53790749503)]","[np.float64(55084.90424978207), np.float64(55070.331539006445), np.float64(55042.4069455372), np.float64(54968.16734340397), np.float64(54969.206212534904), np.float64(54927.210214937586), np.float64(54951.75254946801), np.float64(54946.0266827271), np.float64(54894.89037439715), np.float64(54880.04419028659), np.float64(54880.712478723806), np.float64(54836.86346280965), np.float64(54840.310990603444), np.float64(54772.73417921084), np.float64(54786.04604159603), np.float64(54792.751599491145), np.float64(54757.168956529844), np.float64(54739.12580170948), np.float64(54732.328534845714), np.float64(54723.57931165622), np.float64(54706.87219220843), np.float64(54680.914877913805), np.float64(54645.764177598074), np.float64(54641.18503498321), np.float64(54640.94006025921), np.float64(54614.36572887765), np.float64(54525.07391334114), np.float64(54551.25376393483), np.float64(54528.51995997759)]","[np.float64(55105.036614995006), np.float64(55079.69818958283), np.float64(55042.41569490433), np.float64(55006.4991381526), np.float64(54969.206212534904), np.float64(54982.861857268814), np.float64(54958.47985883713), np.float64(54954.74777181387), np.float64(54904.813964436056), np.float64(54891.1490477562), np.float64(54880.721199207306), np.float64(54855.54580551148), np.float64(54840.31946737767), np.float64(54786.05514613152), np.float64(54836.47482923269), np.float64(54812.02084444284), np.float64(54769.33885779381), np.float64(54741.91063878536), np.float64(54739.14978810072), np.float64(54753.512289936545), np.float64(54708.178397967815), np.float64(54711.8560123086), np.float64(54656.61350076437), np.float64(54663.42258607387), np.float64(54670.465272910595), np.float64(54614.38055960894), np.float64(54551.264749403), np.float64(54579.82916812182), np.float64(54542.92811099768)]"
196,"[np.float64(54984.50093127012), np.float64(55030.42861411095), np.float64(54979.583065381055), np.float64(54989.11848913193), np.float64(54980.7092204833), np.float64(54972.61674332142), np.float64(54960.05415799379), np.float64(54956.7794869709), np.float64(54940.98228027582), np.float64(54923.08613681555), np.float64(54918.998110089306), np.float64(54896.745954909326), np.float64(54892.46888350725), np.float64(54871.307598524094), np.float64(54903.00941195488), np.float64(54883.52995494604), np.float64(54819.08452193499), np.float64(54775.04471031189), np.float64(54786.94628315926), np.float64(54827.4975251174), np.float64(54735.415511868), np.float64(54692.704292833805), np.float64(54648.75926110268), np.float64(54689.39755633116), np.float64(54644.65204659939), np.float64(54601.49268351078), np.float64(54537.75166083813), np.float64(54539.083215298655), np.float64(54482.82503934145)]","[np.float64(55030.43791116566), np.float64(55038.83522396934), np.float64(54995.39746685712), np.float64(54989.11848913193), np.float64(54988.02816721219), np.float64(54983.293892381815), np.float64(54962.83704869981), np.float64(54969.212951574686), np.float64(54940.98228027582), np.float64(54941.16356156276), np.float64(54927.79647096622), np.float64(54896.745954909326), np.float64(54892.483786466364), np.float64(54925.261007024536), np.float64(54903.00941195488), np.float64(54886.845024029135), np.float64(54844.83453651215), np.float64(54786.95524294691), np.float64(54858.10375157374), np.float64(54833.06674388865), np.float64(54747.76271120206), np.float64(54692.704292833805), np.float64(54689.44770865059), np.float64(54692.63994532294), np.float64(54658.27183300981), np.float64(54605.96307540782), np.float64(54548.19032966632), np.float64(54545.3966877294), np.float64(54502.37923969528)]","[np.float64(54984.50093127012), np.float64(54978.84549258202), np.float64(54962.71752095553), np.float64(54980.7092204833), np.float64(54944.267873100034), np.float64(54960.04796114372), np.float64(54956.76287554562), np.float64(54936.394652628784), np.float64(54917.975772183134), np.float64(54886.01044024715), np.float64(54896.745954909326), np.float64(54892.460423842815), np.float64(54871.307598524094), np.float64(54871.2992720499), np.float64(54849.21993458186), np.float64(54812.05984008107), np.float64(54762.441394200236), np.float64(54771.72492419178), np.float64(54780.354502641545), np.float64(54726.61213106883), np.float64(54680.60705976974), np.float64(54648.75078887826), np.float64(54640.783369390505), np.float64(54623.93350723662), np.float64(54596.16595465043), np.float64(54536.740854804084), np.float64(54535.05948112332), np.float64(54422.71243595765), np.float64(54446.31628378335)]","[np.float64(55030.42861411095), np.float64(54979.583065381055), np.float64(54989.11848913193), np.float64(54980.7092204833), np.float64(54972.61674332142), np.float64(54960.05415799379), np.float64(54956.7794869709), np.float64(54940.98228027582), np.float64(54923.08613681555), np.float64(54918.998110089306), np.float64(54896.745954909326), np.float64(54892.46888350725), np.float64(54871.307598524094), np.float64(54903.00941195488), np.float64(54883.52995494604), np.float64(54819.08452193499), np.float64(54775.04471031189), np.float64(54786.94628315926), np.float64(54827.4975251174), np.float64(54735.415511868), np.float64(54692.704292833805), np.float64(54648.75926110268), np.float64(54689.39755633116), np.float64(54644.65204659939), np.float64(54601.49268351078), np.float64(54537.75166083813), np.float64(54539.083215298655), np.float64(54482.82503934145), np.float64(54446.333235609534)]"
197,"[np.float64(55127.24086512089), np.float64(55079.10478504181), np.float64(55090.90191972018), np.float64(55072.7864689827), np.float64(55019.14285300732), np.float64(54964.462324409484), np.float64(54949.785220296384), np.float64(54955.106029503346), np.float64(54980.016013746266), np.float64(54996.75355029345), np.float64(55007.5979925251), np.float64(54826.2539253664), np.float64(54888.07114803076), np.float64(54898.0682374239), np.float64(54898.0654043293), np.float64(54927.61548241377), np.float64(54906.439645626546), np.float64(54763.40275195122), np.float64(54718.104273664954), np.float64(54744.68732904434), np.float64(54737.36983203173), np.float64(54582.25893306971), np.float64(54688.68889635086), np.float64(54561.93830451965), np.float64(54540.870897989276), np.float64(54542.80075051785), np.float64(54486.486298999786), np.float64(54366.34570319414), np.float64(54481.56521368503)]","[np.float64(55127.24086512089), np.float64(55090.90191972018), np.float64(55112.9362124789), np.float64(55072.79809845222), np.float64(55037.96624716748), np.float64(54964.462324409484), np.float64(54967.77803108229), np.float64(54980.016013746266), np.float64(55015.7048808274), np.float64(55011.70999564706), np.float64(55007.609710203775), np.float64(54899.54089060822), np.float64(54898.0682374239), np.float64(54901.92248530079), np.float64(54950.13429992853), np.float64(55012.18777702947), np.float64(54906.439645626546), np.float64(54802.49075445701), np.float64(54744.68732904434), np.float64(54744.68732904434), np.float64(54771.43299931211), np.float64(54718.138666369974), np.float64(54688.68889635086), np.float64(54585.830542800744), np.float64(54543.625638644124), np.float64(54546.90360022452), np.float64(54486.486298999786), np.float64(54528.14656980803), np.float64(54528.588269095366)]","[np.float64(55079.10478504181), np.float64(54993.81710256387), np.float64(55072.7864689827), np.float64(54995.120565849684), np.float64(54958.97754065348), np.float64(54894.20076101618), np.float64(54948.84114855582), np.float64(54955.106029503346), np.float64(54932.48431819341), np.float64(54991.18687439748), np.float64(54824.969816880635), np.float64(54811.50701130531), np.float64(54888.07114803076), np.float64(54863.38382528145), np.float64(54869.06865682854), np.float64(54900.86373824013), np.float64(54722.42657265152), np.float64(54665.70169996299), np.float64(54718.104273664954), np.float64(54704.05642109563), np.float64(54575.4990919231), np.float64(54560.06805677675), np.float64(54561.92905154808), np.float64(54430.669551876264), np.float64(54534.28386057021), np.float64(54427.029470376416), np.float64(54366.34570319414), np.float64(54339.13663150288), np.float64(54446.9769057872)]","[np.float64(55079.10478504181), np.float64(55090.90191972018), np.float64(55072.7864689827), np.float64(55019.14285300732), np.float64(54964.462324409484), np.float64(54949.785220296384), np.float64(54955.106029503346), np.float64(54980.016013746266), np.float64(54996.75355029345), np.float64(55007.5979925251), np.float64(54826.2539253664), np.float64(54888.07114803076), np.float64(54898.0682374239), np.float64(54898.0654043293), np.float64(54927.61548241377), np.float64(54906.439645626546), np.float64(54763.40275195122), np.float64(54718.104273664954), np.float64(54744.68732904434), np.float64(54737.36983203173), np.float64(54582.25893306971), np.float64(54688.68889635086), np.float64(54561.93830451965), np.float64(54540.870897989276), np.float64(54542.80075051785), np.float64(54486.486298999786), np.float64(54366.34570319414), np.float64(54481.56521368503), np.float64(54521.09254950046)]"
198,"[np.float64(54990.6007127142), np.float64(54992.60268037796), np.float64(55012.450826015476), np.float64(55003.386211075784), np.float64(54977.35612425089), np.float64(54864.33097430229), np.float64(54989.497866253856), np.float64(54889.9704804039), np.float64(54947.863351943495), np.float64(54959.462685108185), np.float64(54994.69170131207), np.float64(54880.13281697035), np.float64(54942.04791017532), np.float64(54844.789060435294), np.float64(54834.54304504872), np.float64(54782.68556643963), np.float64(54812.26938410521), np.float64(54771.56979101181), np.float64(54729.36247648478), np.float64(54735.863012037276), np.float64(54694.0219393754), np.float64(54630.9698737979), np.float64(54642.74331350327), np.float64(54610.1179112339), np.float64(54553.314879674916), np.float64(54567.689872882365), np.float64(54424.263557476996), np.float64(54456.58826538801), np.float64(54345.95373217106)]","[np.float64(54992.60268037796), np.float64(55012.450826015476), np.float64(55012.457256974914), np.float64(55003.386211075784), np.float64(55015.54761727538), np.float64(54989.50966790716), np.float64(54992.28342357842), np.float64(54947.863351943495), np.float64(54959.46837029447), np.float64(54994.69170131207), np.float64(55012.09730181324), np.float64(54942.04791017532), np.float64(54984.36961631208), np.float64(54844.789060435294), np.float64(55012.1979127574), np.float64(54812.26938410521), np.float64(54812.27785018224), np.float64(54771.56979101181), np.float64(54740.19420465649), np.float64(54737.32010555796), np.float64(54707.945893761076), np.float64(54657.64625347715), np.float64(54642.75000419557), np.float64(54610.1179112339), np.float64(54593.6917485323), np.float64(54574.257531778414), np.float64(54456.58826538801), np.float64(54496.43460175572), np.float64(54436.10795332432)]","[np.float64(54941.56190396669), np.float64(54992.60268037796), np.float64(55003.386211075784), np.float64(54971.77483731495), np.float64(54864.3222277551), np.float64(54864.33097430229), np.float64(54875.18161948358), np.float64(54870.99280398306), np.float64(54947.849867807745), np.float64(54937.95529383287), np.float64(54880.13281697035), np.float64(54866.25828160473), np.float64(54782.172467386874), np.float64(54834.54304504872), np.float64(54782.68556643963), np.float64(54754.41632351812), np.float64(54762.26643240058), np.float64(54724.15589958732), np.float64(54703.01887067788), np.float64(54694.0219393754), np.float64(54630.95936733587), np.float64(54533.273322711706), np.float64(54610.1179112339), np.float64(54549.795846613444), np.float64(54476.6104138878), np.float64(54424.263557476996), np.float64(54405.59260653496), np.float64(54345.95373217106), np.float64(54329.362865804804)]","[np.float64(54992.60268037796), np.float64(55012.450826015476), np.float64(55003.386211075784), np.float64(54977.35612425089), np.float64(54864.33097430229), np.float64(54989.497866253856), np.float64(54889.9704804039), np.float64(54947.863351943495), np.float64(54959.462685108185), np.float64(54994.69170131207), np.float64(54880.13281697035), np.float64(54942.04791017532), np.float64(54844.789060435294), np.float64(54834.54304504872), np.float64(54782.68556643963), np.float64(54812.26938410521), np.float64(54771.56979101181), np.float64(54729.36247648478), np.float64(54735.863012037276), np.float64(54694.0219393754), np.float64(54630.9698737979), np.float64(54642.74331350327), np.float64(54610.1179112339), np.float64(54553.314879674916), np.float64(54567.689872882365), np.float64(54424.263557476996), np.float64(54456.58826538801), np.float64(54345.95373217106), np.float64(54436.10795332432)]"
199,"[np.float64(55025.392917242054), np.float64(55021.53295463086), np.float64(55039.98799038887), np.float64(54992.67505306721), np.float64(54988.24074491501), np.float64(55011.29157521725), np.float64(55012.90502259016), np.float64(55023.4911381054), np.float64(55073.71276213884), np.float64(54974.45439149857), np.float64(55026.56478818894), np.float64(54965.687122714524), np.float64(54906.35877365351), np.float64(54895.59211274624), np.float64(54924.15923578262), np.float64(54911.97499736071), np.float64(54902.47923693419), np.float64(54839.650341944696), np.float64(54850.37476398706), np.float64(54882.34275953293), np.float64(54849.19465131045), np.float64(54797.34489932299), np.float64(54725.41855125189), np.float64(54749.07811056137), np.float64(54698.355930223464), np.float64(54665.00152120352), np.float64(54691.02903248787), np.float64(54671.68685178995), np.float64(54636.0241145587)]","[np.float64(55025.40422036001), np.float64(55039.98799038887), np.float64(55042.23793376596), np.float64(54992.67505306721), np.float64(55011.297101806835), np.float64(55012.90502259016), np.float64(55045.587393459085), np.float64(55073.72353116937), np.float64(55090.19923883413), np.float64(55026.56478818894), np.float64(55058.268218007426), np.float64(54965.687122714524), np.float64(54960.29935025186), np.float64(54924.15923578262), np.float64(54924.16796686571), np.float64(54911.97499736071), np.float64(54915.17517200814), np.float64(54850.37476398706), np.float64(54907.9348402384), np.float64(54887.62263659017), np.float64(54877.67349549952), np.float64(54803.18170450218), np.float64(54749.07811056137), np.float64(54774.38931860579), np.float64(54698.355930223464), np.float64(54816.70959400785), np.float64(54691.02903248787), np.float64(54708.85530062796), np.float64(54649.62703209469)]","[np.float64(55021.53295463086), np.float64(55004.69811436628), np.float64(54992.67505306721), np.float64(54988.227906156564), np.float64(54968.2386067441), np.float64(54989.24194110313), np.float64(55012.90502259016), np.float64(55021.13806611597), np.float64(54970.464338603284), np.float64(54943.14920386998), np.float64(54965.687122714524), np.float64(54885.81722472543), np.float64(54887.28932507766), np.float64(54887.60668815654), np.float64(54904.84534559065), np.float64(54902.46993249441), np.float64(54839.64241256324), np.float64(54831.67507924741), np.float64(54843.06063809943), np.float64(54849.18177115459), np.float64(54792.80375745639), np.float64(54725.41855125189), np.float64(54703.45551752178), np.float64(54668.66502824919), np.float64(54659.52998913592), np.float64(54665.00152120352), np.float64(54582.150394893106), np.float64(54629.10159071498), np.float64(54533.236910238964)]","[np.float64(55021.53295463086), np.float64(55039.98799038887), np.float64(54992.67505306721), np.float64(54988.24074491501), np.float64(55011.29157521725), np.float64(55012.90502259016), np.float64(55023.4911381054), np.float64(55073.71276213884), np.float64(54974.45439149857), np.float64(55026.56478818894), np.float64(54965.687122714524), np.float64(54906.35877365351), np.float64(54895.59211274624), np.float64(54924.15923578262), np.float64(54911.97499736071), np.float64(54902.47923693419), np.float64(54839.650341944696), np.float64(54850.37476398706), np.float64(54882.34275953293), np.float64(54849.19465131045), np.float64(54797.34489932299), np.float64(54725.41855125189), np.float64(54749.07811056137), np.float64(54698.355930223464), np.float64(54665.00152120352), np.float64(54691.02903248787), np.float64(54671.68685178995), np.float64(54636.0241145587), np.float64(54546.14174170971)]"
200,"[np.float64(55117.079069910054), np.float64(55089.49013717175), np.float64(55128.35864971638), np.float64(55095.466679000856), np.float64(55053.86680571079), np.float64(55019.19114439249), np.float64(55038.52212148905), np.float64(55047.784924273496), np.float64(54962.00345585346), np.float64(54978.256790778636), np.float64(54965.58886584282), np.float64(54975.57809983731), np.float64(54933.99483878374), np.float64(54871.334899253845), np.float64(54915.330282802584), np.float64(54927.37029095412), np.float64(54914.388021295075), np.float64(54872.969337282186), np.float64(54831.22484739065), np.float64(54842.39689837933), np.float64(54824.052610864645), np.float64(54808.3528883791), np.float64(54802.41304800272), np.float64(54786.14013896942), np.float64(54785.991787834166), np.float64(54756.34383920908), np.float64(54706.258718824385), np.float64(54690.13699402094), np.float64(54688.1413364315)]","[np.float64(55151.23956581528), np.float64(55128.35864971638), np.float64(55162.264932511775), np.float64(55122.14912152966), np.float64(55069.33613006212), np.float64(55038.52212148905), np.float64(55073.36125335168), np.float64(55047.80118044321), np.float64(55001.0235162293), np.float64(54978.256790778636), np.float64(54975.58362603392), np.float64(54979.99675088838), np.float64(54936.28573897516), np.float64(54941.20992222741), np.float64(54935.490610598084), np.float64(54927.38360090952), np.float64(54917.68672033693), np.float64(54883.14885303581), np.float64(54850.58060590436), np.float64(54845.40208872725), np.float64(54829.33275857081), np.float64(54850.75139256415), np.float64(54807.46676279267), np.float64(54791.09850331879), np.float64(54791.145994302016), np.float64(54756.56081977525), np.float64(54716.55657942134), np.float64(54691.68372951494), np.float64(54697.72607567054)]","[np.float64(55072.9714346767), np.float64(55084.934498641866), np.float64(55095.466679000856), np.float64(55047.22094934954), np.float64(55018.119027831264), np.float64(54956.95850581719), np.float64(55038.51287119967), np.float64(54952.32978302085), np.float64(54958.91515403037), np.float64(54965.58886584282), np.float64(54961.01686834914), np.float64(54933.10864794653), np.float64(54871.31990534265), np.float64(54840.902716189456), np.float64(54915.330282802584), np.float64(54903.86951198092), np.float64(54871.604752020954), np.float64(54812.30011323771), np.float64(54828.81789363053), np.float64(54809.55513244034), np.float64(54807.39320461544), np.float64(54787.620050691396), np.float64(54776.94114821387), np.float64(54764.685959603084), np.float64(54752.221857908764), np.float64(54706.24756051766), np.float64(54667.43908377188), np.float64(54684.10867831175), np.float64(54659.71642250324)]","[np.float64(55089.49013717175), np.float64(55128.35864971638), np.float64(55095.466679000856), np.float64(55053.86680571079), np.float64(55019.19114439249), np.float64(55038.52212148905), np.float64(55047.784924273496), np.float64(54962.00345585346), np.float64(54978.256790778636), np.float64(54965.58886584282), np.float64(54975.57809983731), np.float64(54933.99483878374), np.float64(54871.334899253845), np.float64(54915.330282802584), np.float64(54927.37029095412), np.float64(54914.388021295075), np.float64(54872.969337282186), np.float64(54831.22484739065), np.float64(54842.39689837933), np.float64(54824.052610864645), np.float64(54808.3528883791), np.float64(54802.41304800272), np.float64(54786.14013896942), np.float64(54785.991787834166), np.float64(54756.34383920908), np.float64(54706.258718824385), np.float64(54690.13699402094), np.float64(54688.1413364315), np.float64(54686.55956820727)]"
201,"[np.float64(55094.94461693287), np.float64(55085.88386530399), np.float64(55007.33425717354), np.float64(55024.42477155209), np.float64(55028.099552798274), np.float64(55052.117241020205), np.float64(54972.540378544334), np.float64(54939.4347667408), np.float64(54918.02442698718), np.float64(54960.5910294199), np.float64(54838.1784205246), np.float64(54922.00672777415), np.float64(54918.61216533899), np.float64(54925.74370832444), np.float64(54867.62238633871), np.float64(54838.04990105152), np.float64(54855.15213413954), np.float64(54812.548057591914), np.float64(54848.25947253943), np.float64(54832.44191907406), np.float64(54717.43939787388), np.float64(54736.958131875996), np.float64(54643.66664478779), np.float64(54681.79301532507), np.float64(54671.935777783394), np.float64(54622.01523443937), np.float64(54572.79858632565), np.float64(54529.56028291941), np.float64(54534.91380149126)]","[np.float64(55094.95866540707), np.float64(55096.01321937993), np.float64(55037.387104349866), np.float64(55028.099552798274), np.float64(55054.69575633493), np.float64(55099.26073771122), np.float64(54987.27352832434), np.float64(54939.4347667408), np.float64(55006.67278668214), np.float64(54960.598822796404), np.float64(54943.45773126839), np.float64(54922.01224962444), np.float64(54954.718690094014), np.float64(54928.765407922), np.float64(54873.09087832071), np.float64(54887.99493511586), np.float64(54855.15213413954), np.float64(54890.71119582391), np.float64(54848.25947253943), np.float64(54834.86505004589), np.float64(54736.97486945732), np.float64(54749.50754963668), np.float64(54700.83355739084), np.float64(54696.30935456062), np.float64(54671.935777783394), np.float64(54675.2970556465), np.float64(54572.79858632565), np.float64(54562.99720189711), np.float64(54552.256866840515)]","[np.float64(55085.88386530399), np.float64(54976.96646537888), np.float64(55007.31854251387), np.float64(55021.04189056891), np.float64(55001.67070587794), np.float64(54972.53482777801), np.float64(54939.41965734855), np.float64(54918.02442698718), np.float64(54895.46825439639), np.float64(54838.1784205246), np.float64(54829.716860631), np.float64(54893.97672525322), np.float64(54912.16519380961), np.float64(54838.45991376406), np.float64(54831.10012207171), np.float64(54811.60859452112), np.float64(54803.17637604489), np.float64(54801.10634949284), np.float64(54816.190554446715), np.float64(54708.43897530097), np.float64(54706.850837951744), np.float64(54634.96808377355), np.float64(54624.27652182078), np.float64(54650.70745577587), np.float64(54622.01523443937), np.float64(54538.84111426027), np.float64(54529.551811068144), np.float64(54500.70343032673), np.float64(54529.96750997234)]","[np.float64(55085.88386530399), np.float64(55007.33425717354), np.float64(55024.42477155209), np.float64(55028.099552798274), np.float64(55052.117241020205), np.float64(54972.540378544334), np.float64(54939.4347667408), np.float64(54918.02442698718), np.float64(54960.5910294199), np.float64(54838.1784205246), np.float64(54922.00672777415), np.float64(54918.61216533899), np.float64(54925.74370832444), np.float64(54867.62238633871), np.float64(54838.04990105152), np.float64(54855.15213413954), np.float64(54812.548057591914), np.float64(54848.25947253943), np.float64(54832.44191907406), np.float64(54717.43939787388), np.float64(54736.958131875996), np.float64(54643.66664478779), np.float64(54681.79301532507), np.float64(54671.935777783394), np.float64(54622.01523443937), np.float64(54572.79858632565), np.float64(54529.56028291941), np.float64(54534.91380149126), np.float64(54549.13271694184)]"
202,"[np.float64(55033.36176845789), np.float64(55068.553825654984), np.float64(54992.03966721535), np.float64(54962.219801259045), np.float64(54916.26378747225), np.float64(54977.82062298775), np.float64(54904.004987151624), np.float64(54909.23372078419), np.float64(54831.35491218806), np.float64(54857.76295958758), np.float64(54805.5813492012), np.float64(54833.82073470354), np.float64(54896.223764064314), np.float64(54850.160865345), np.float64(54745.09220401764), np.float64(54794.816491172314), np.float64(54786.34540955067), np.float64(54805.082209444045), np.float64(54689.1808245945), np.float64(54724.98920864344), np.float64(54678.73481848479), np.float64(54696.69689578295), np.float64(54740.69176422358), np.float64(54618.27761000395), np.float64(54680.00520385742), np.float64(54703.261819849016), np.float64(54554.63587441921), np.float64(54664.530712392334), np.float64(54631.08422779798)]","[np.float64(55068.553825654984), np.float64(55082.23068527687), np.float64(54992.03966721535), np.float64(54962.219801259045), np.float64(54990.77149280788), np.float64(54977.82062298775), np.float64(54909.23372078419), np.float64(54919.68966267339), np.float64(54857.77988329254), np.float64(54857.76295958758), np.float64(54842.93510986575), np.float64(54912.105740477826), np.float64(54896.2313104559), np.float64(54862.03474532484), np.float64(54794.816491172314), np.float64(54802.09003968134), np.float64(54805.082209444045), np.float64(54813.73150420656), np.float64(54729.14101298123), np.float64(54724.9991726404), np.float64(54696.69689578295), np.float64(54767.92733663251), np.float64(54757.17205617919), np.float64(54688.06259114415), np.float64(54703.261819849016), np.float64(54728.68687301659), np.float64(54677.53808959441), np.float64(54677.86128885912), np.float64(54631.87712604206)]","[np.float64(54968.69176739682), np.float64(54992.03966721535), np.float64(54923.675605591074), np.float64(54916.25189611286), np.float64(54916.25854932705), np.float64(54904.004987151624), np.float64(54880.8705473296), np.float64(54831.35491218806), np.float64(54831.34622585277), np.float64(54805.5813492012), np.float64(54803.327147427175), np.float64(54833.82073470354), np.float64(54847.65188508712), np.float64(54737.98735879009), np.float64(54745.09220401764), np.float64(54736.21816371753), np.float64(54783.461003184515), np.float64(54683.43913261951), np.float64(54678.05160761798), np.float64(54678.595143275204), np.float64(54669.498780494476), np.float64(54696.69689578295), np.float64(54605.85147511539), np.float64(54614.913958353165), np.float64(54670.91407578246), np.float64(54543.59173140909), np.float64(54548.5360963688), np.float64(54616.525960527855), np.float64(54575.436595276515)]","[np.float64(55068.553825654984), np.float64(54992.03966721535), np.float64(54962.219801259045), np.float64(54916.26378747225), np.float64(54977.82062298775), np.float64(54904.004987151624), np.float64(54909.23372078419), np.float64(54831.35491218806), np.float64(54857.76295958758), np.float64(54805.5813492012), np.float64(54833.82073470354), np.float64(54896.223764064314), np.float64(54850.160865345), np.float64(54745.09220401764), np.float64(54794.816491172314), np.float64(54786.34540955067), np.float64(54805.082209444045), np.float64(54689.1808245945), np.float64(54724.98920864344), np.float64(54678.73481848479), np.float64(54696.69689578295), np.float64(54740.69176422358), np.float64(54618.27761000395), np.float64(54680.00520385742), np.float64(54703.261819849016), np.float64(54554.63587441921), np.float64(54664.530712392334), np.float64(54631.08422779798), np.float64(54578.38016901255)]"
203,"[np.float64(55119.08219656706), np.float64(55097.67056904316), np.float64(55061.452287716864), np.float64(55012.57110375881), np.float64(55021.73874032021), np.float64(55016.42707428217), np.float64(54992.74549410105), np.float64(55009.96671716213), np.float64(54976.8183513856), np.float64(54953.694375731946), np.float64(54917.39715408802), np.float64(54915.976228370666), np.float64(54852.990869293215), np.float64(54855.7253206873), np.float64(54877.39888068438), np.float64(54842.074054372315), np.float64(54825.710872642994), np.float64(54855.97424668074), np.float64(54809.78965367079), np.float64(54780.493395106794), np.float64(54725.55917576551), np.float64(54733.956596927645), np.float64(54672.00467349291), np.float64(54650.78209064484), np.float64(54634.25201388836), np.float64(54600.49350255728), np.float64(54576.94366127491), np.float64(54585.51068178177), np.float64(54590.79427442789)]","[np.float64(55124.99486544114), np.float64(55097.67911748352), np.float64(55064.76565869788), np.float64(55028.089429430685), np.float64(55031.9663756041), np.float64(55016.43636236738), np.float64(55013.09696317338), np.float64(55019.72237096745), np.float64(55018.33624172928), np.float64(54956.820176794696), np.float64(54941.30139652979), np.float64(54915.976228370666), np.float64(54872.85262983592), np.float64(54895.270338733455), np.float64(54877.39888068438), np.float64(54851.41587439576), np.float64(54892.661372804665), np.float64(54869.326065989364), np.float64(54863.53271547688), np.float64(54786.71066746829), np.float64(54736.52707774259), np.float64(54753.414695687046), np.float64(54672.01244678428), np.float64(54700.3697699789), np.float64(54640.50527584207), np.float64(54678.95406941453), np.float64(54585.51068178177), np.float64(54645.52645859417), np.float64(54603.61672925581)]","[np.float64(55092.08166893354), np.float64(55054.54829319435), np.float64(54998.44178022861), np.float64(54991.173630706064), np.float64(54999.15074815963), np.float64(54992.731554254366), np.float64(54990.801434369576), np.float64(54941.83293840038), np.float64(54932.22540785186), np.float64(54914.36852388072), np.float64(54906.82415472736), np.float64(54850.57438500035), np.float64(54803.466528601195), np.float64(54846.76680370072), np.float64(54833.63586555735), np.float64(54812.9368655634), np.float64(54792.044930172204), np.float64(54807.73656693262), np.float64(54754.13706746903), np.float64(54717.48680521112), np.float64(54689.94277516487), np.float64(54664.41699794078), np.float64(54629.07165202595), np.float64(54605.347146151835), np.float64(54589.78862227152), np.float64(54565.03315413233), np.float64(54560.97585409221), np.float64(54551.95589335533), np.float64(54578.35177679186)]","[np.float64(55097.67056904316), np.float64(55061.452287716864), np.float64(55012.57110375881), np.float64(55021.73874032021), np.float64(55016.42707428217), np.float64(54992.74549410105), np.float64(55009.96671716213), np.float64(54976.8183513856), np.float64(54953.694375731946), np.float64(54917.39715408802), np.float64(54915.976228370666), np.float64(54852.990869293215), np.float64(54855.7253206873), np.float64(54877.39888068438), np.float64(54842.074054372315), np.float64(54825.710872642994), np.float64(54855.97424668074), np.float64(54809.78965367079), np.float64(54780.493395106794), np.float64(54725.55917576551), np.float64(54733.956596927645), np.float64(54672.00467349291), np.float64(54650.78209064484), np.float64(54634.25201388836), np.float64(54600.49350255728), np.float64(54576.94366127491), np.float64(54585.51068178177), np.float64(54590.79427442789), np.float64(54593.71957337618)]"
204,"[np.float64(55115.18759293557), np.float64(55107.46303174019), np.float64(55093.34250193834), np.float64(55085.6152364254), np.float64(55079.513265771864), np.float64(55046.51312235356), np.float64(54995.00411437989), np.float64(54969.35353345394), np.float64(54961.97628390074), np.float64(54963.56989961147), np.float64(54897.24535222054), np.float64(54910.79861921787), np.float64(54906.909424221514), np.float64(54924.66378417492), np.float64(54861.31836452961), np.float64(54859.280468075274), np.float64(54831.42960286379), np.float64(54797.791884384154), np.float64(54775.915629346375), np.float64(54745.780903558734), np.float64(54696.64783173561), np.float64(54673.18967969656), np.float64(54646.692647371296), np.float64(54643.01812367916), np.float64(54606.92089275837), np.float64(54596.3355499053), np.float64(54562.604210526944), np.float64(54501.72538605928), np.float64(54505.087754237655)]","[np.float64(55121.870627246586), np.float64(55113.32522787811), np.float64(55096.06330520364), np.float64(55085.62555698814), np.float64(55095.54585316764), np.float64(55046.51312235356), np.float64(55007.821231806476), np.float64(54969.35353345394), np.float64(55001.800162019856), np.float64(54963.57841724771), np.float64(54923.59563144754), np.float64(54912.16369644102), np.float64(54942.109786286455), np.float64(54929.35492356862), np.float64(54874.13639412033), np.float64(54859.29233918103), np.float64(54831.43510847735), np.float64(54828.95884758793), np.float64(54775.915629346375), np.float64(54780.789820460945), np.float64(54696.64783173561), np.float64(54693.04531809241), np.float64(54652.037071974235), np.float64(54655.04579103635), np.float64(54606.92089275837), np.float64(54632.39243908956), np.float64(54566.086707106115), np.float64(54537.16038147421), np.float64(54506.100962832774)]","[np.float64(55107.46303174019), np.float64(55067.58504386585), np.float64(55082.20837031564), np.float64(55079.513265771864), np.float64(55020.734981953), np.float64(54995.00411437989), np.float64(54945.008303836585), np.float64(54961.97628390074), np.float64(54937.63112004726), np.float64(54897.24535222054), np.float64(54890.37387511964), np.float64(54897.739424229265), np.float64(54903.668259956), np.float64(54847.0341057817), np.float64(54859.280468075274), np.float64(54783.485418473865), np.float64(54797.77898053464), np.float64(54734.9136745489), np.float64(54737.07371485425), np.float64(54689.835338481214), np.float64(54670.19039422276), np.float64(54610.54345542873), np.float64(54643.00307757036), np.float64(54555.40012431674), np.float64(54596.3355499053), np.float64(54480.62890614348), np.float64(54501.72538605928), np.float64(54488.73277767082), np.float64(54497.99489756707)]","[np.float64(55107.46303174019), np.float64(55093.34250193834), np.float64(55085.6152364254), np.float64(55079.513265771864), np.float64(55046.51312235356), np.float64(54995.00411437989), np.float64(54969.35353345394), np.float64(54961.97628390074), np.float64(54963.56989961147), np.float64(54897.24535222054), np.float64(54910.79861921787), np.float64(54906.909424221514), np.float64(54924.66378417492), np.float64(54861.31836452961), np.float64(54859.280468075274), np.float64(54831.42960286379), np.float64(54797.791884384154), np.float64(54775.915629346375), np.float64(54745.780903558734), np.float64(54696.64783173561), np.float64(54673.18967969656), np.float64(54646.692647371296), np.float64(54643.01812367916), np.float64(54606.92089275837), np.float64(54596.3355499053), np.float64(54562.604210526944), np.float64(54501.72538605928), np.float64(54505.087754237655), np.float64(54506.07779202223)]"
205,"[np.float64(55068.2885449791), np.float64(55079.04503250122), np.float64(55054.14277487993), np.float64(55016.7537816), np.float64(54995.119369819164), np.float64(55008.94268224239), np.float64(55000.14566596508), np.float64(54969.96020202876), np.float64(54903.317317826746), np.float64(54913.86158080817), np.float64(54848.23822432995), np.float64(54958.22011557341), np.float64(54910.342877318864), np.float64(54885.19259514332), np.float64(54890.65686195851), np.float64(54836.72903508425), np.float64(54900.60887939215), np.float64(54882.42466172219), np.float64(54785.02608890772), np.float64(54841.19643893242), np.float64(54719.22823955774), np.float64(54719.52777492285), np.float64(54669.290053761004), np.float64(54699.19066291332), np.float64(54661.30137088299), np.float64(54647.16384251356), np.float64(54596.81434289217), np.float64(54578.38789563417), np.float64(54557.44617548228)]","[np.float64(55079.04503250122), np.float64(55087.92669454391), np.float64(55056.73078762944), np.float64(55016.7537816), np.float64(55030.41042913893), np.float64(55008.94268224239), np.float64(55018.78060037099), np.float64(54969.969107686156), np.float64(54915.40824198392), np.float64(54913.86158080817), np.float64(54958.230829688466), np.float64(54963.372049049925), np.float64(54910.342877318864), np.float64(54908.48984165164), np.float64(54890.65686195851), np.float64(54900.62177077535), np.float64(54900.60887939215), np.float64(54887.66305256617), np.float64(54844.62397531398), np.float64(54841.20711564469), np.float64(54719.52777492285), np.float64(54756.75638391834), np.float64(54699.19066291332), np.float64(54709.074399076904), np.float64(54664.88066896954), np.float64(54647.18113275601), np.float64(54604.20101797143), np.float64(54582.21601299672), np.float64(54563.99040383642)]","[np.float64(55042.5133873069), np.float64(55054.14277487993), np.float64(55014.159981344485), np.float64(54995.10308468102), np.float64(54995.119369819164), np.float64(55000.14566596508), np.float64(54948.69315975913), np.float64(54903.30328956687), np.float64(54903.30906595436), np.float64(54848.23822432995), np.float64(54848.232744791254), np.float64(54896.397389118545), np.float64(54885.19259514332), np.float64(54869.07105823311), np.float64(54836.72903508425), np.float64(54788.935893977716), np.float64(54882.42466172219), np.float64(54752.57452138887), np.float64(54772.41192839332), np.float64(54711.649006767584), np.float64(54705.93552186205), np.float64(54669.28166851036), np.float64(54662.20023189966), np.float64(54642.73281979871), np.float64(54647.15534977403), np.float64(54572.89843452082), np.float64(54578.363433914004), np.float64(54543.7330685445), np.float64(54543.94647032896)]","[np.float64(55079.04503250122), np.float64(55054.14277487993), np.float64(55016.7537816), np.float64(54995.119369819164), np.float64(55008.94268224239), np.float64(55000.14566596508), np.float64(54969.96020202876), np.float64(54903.317317826746), np.float64(54913.86158080817), np.float64(54848.23822432995), np.float64(54958.22011557341), np.float64(54910.342877318864), np.float64(54885.19259514332), np.float64(54890.65686195851), np.float64(54836.72903508425), np.float64(54900.60887939215), np.float64(54882.42466172219), np.float64(54785.02608890772), np.float64(54841.19643893242), np.float64(54719.22823955774), np.float64(54719.52777492285), np.float64(54669.290053761004), np.float64(54699.19066291332), np.float64(54661.30137088299), np.float64(54647.16384251356), np.float64(54596.81434289217), np.float64(54578.38789563417), np.float64(54557.44617548228), np.float64(54551.83819350481)]"
206,"[np.float64(55105.703036110404), np.float64(55066.97630707264), np.float64(55108.589186842444), np.float64(55028.834869623184), np.float64(55072.528142266274), np.float64(54976.33981595278), np.float64(54955.27871949673), np.float64(54956.15929680825), np.float64(54939.36303793669), np.float64(54912.17370031357), np.float64(54882.324473195076), np.float64(54943.46484380484), np.float64(54913.8489606595), np.float64(54907.22299628258), np.float64(54848.28754593134), np.float64(54819.45849042178), np.float64(54798.59532425642), np.float64(54863.74400861264), np.float64(54838.72404878855), np.float64(54787.37974663258), np.float64(54714.677645750045), np.float64(54688.912582046985), np.float64(54665.160432054996), np.float64(54646.82477260113), np.float64(54644.764082612994), np.float64(54622.044338047504), np.float64(54487.08743016243), np.float64(54454.794787731174), np.float64(54539.68988387346)]","[np.float64(55105.71488924585), np.float64(55113.36034709729), np.float64(55108.589186842444), np.float64(55072.54166893076), np.float64(55075.09914881081), np.float64(54976.33981595278), np.float64(54982.282061306185), np.float64(54956.16497157818), np.float64(54961.804138190324), np.float64(54912.17370031357), np.float64(54943.46484380484), np.float64(54943.476842480064), np.float64(54923.82518475399), np.float64(54907.22299628258), np.float64(54894.06646574809), np.float64(54819.45849042178), np.float64(54863.749681582995), np.float64(54863.74400861264), np.float64(54838.72404878855), np.float64(54794.52044676729), np.float64(54714.677645750045), np.float64(54696.97937033015), np.float64(54665.160432054996), np.float64(54651.407395965776), np.float64(54644.764082612994), np.float64(54643.497403867514), np.float64(54487.08743016243), np.float64(54656.26171378631), np.float64(54561.63297418833)]","[np.float64(55066.97630707264), np.float64(55048.25538054996), np.float64(55025.19197570041), np.float64(55028.834869623184), np.float64(54964.60338872881), np.float64(54955.27871949673), np.float64(54954.56175910998), np.float64(54939.35753226117), np.float64(54889.62576316066), np.float64(54882.324473195076), np.float64(54882.31593542364), np.float64(54905.740159836925), np.float64(54899.63742841836), np.float64(54847.87104606272), np.float64(54819.45849042178), np.float64(54781.015951691414), np.float64(54798.58652218725), np.float64(54831.626242843406), np.float64(54770.70031434582), np.float64(54714.677645750045), np.float64(54685.72596268821), np.float64(54660.64549538912), np.float64(54642.71798806646), np.float64(54615.81403036139), np.float64(54622.044338047504), np.float64(54444.41764541505), np.float64(54454.794787731174), np.float64(54454.785553729875), np.float64(54534.49803089765)]","[np.float64(55066.97630707264), np.float64(55108.589186842444), np.float64(55028.834869623184), np.float64(55072.528142266274), np.float64(54976.33981595278), np.float64(54955.27871949673), np.float64(54956.15929680825), np.float64(54939.36303793669), np.float64(54912.17370031357), np.float64(54882.324473195076), np.float64(54943.46484380484), np.float64(54913.8489606595), np.float64(54907.22299628258), np.float64(54848.28754593134), np.float64(54819.45849042178), np.float64(54798.59532425642), np.float64(54863.74400861264), np.float64(54838.72404878855), np.float64(54787.37974663258), np.float64(54714.677645750045), np.float64(54688.912582046985), np.float64(54665.160432054996), np.float64(54646.82477260113), np.float64(54644.764082612994), np.float64(54622.044338047504), np.float64(54487.08743016243), np.float64(54454.794787731174), np.float64(54539.68988387346), np.float64(54561.63297418833)]"
207,"[np.float64(55104.94466819763), np.float64(55063.35277908325), np.float64(55093.41963937759), np.float64(55001.244134006505), np.float64(54983.389971857076), np.float64(54960.977746832374), np.float64(54953.29748493433), np.float64(54965.488290984635), np.float64(54978.257820994855), np.float64(54915.762200951576), np.float64(54917.83293554783), np.float64(54926.90875408888), np.float64(54857.17444857359), np.float64(54871.02531928063), np.float64(54834.23140464306), np.float64(54779.36453568697), np.float64(54765.96592989922), np.float64(54773.20371393204), np.float64(54746.673199579716), np.float64(54751.63909929991), np.float64(54700.98877654314), np.float64(54762.704136579036), np.float64(54708.54670026541), np.float64(54693.88543572665), np.float64(54708.298804488186), np.float64(54693.89766954422), np.float64(54636.08206422091), np.float64(54665.564276812074), np.float64(54639.1787653923)]","[np.float64(55104.94466819763), np.float64(55103.67512762362), np.float64(55093.41963937759), np.float64(55049.43766589491), np.float64(54983.389971857076), np.float64(54960.983431115674), np.float64(54978.194633739724), np.float64(54978.257820994855), np.float64(54995.831087668885), np.float64(54917.83293554783), np.float64(54950.15071900252), np.float64(54926.90875408888), np.float64(54871.03376557477), np.float64(54877.758478434225), np.float64(54839.387043676936), np.float64(54779.36453568697), np.float64(54774.235932448144), np.float64(54773.20371393204), np.float64(54765.62711711075), np.float64(54751.66334137088), np.float64(54770.44453246888), np.float64(54778.259440107126), np.float64(54711.07697596464), np.float64(54708.30726635052), np.float64(54716.425291498), np.float64(54693.90680823654), np.float64(54671.796756653144), np.float64(54666.76800231483), np.float64(54650.70195062168)]","[np.float64(55055.181309201434), np.float64(55063.35277908325), np.float64(54993.36978522314), np.float64(54983.389971857076), np.float64(54957.483508869554), np.float64(54950.58551758805), np.float64(54950.62679386302), np.float64(54965.48260502057), np.float64(54905.56230796044), np.float64(54915.762200951576), np.float64(54897.6314512136), np.float64(54851.32924723416), np.float64(54852.79272875343), np.float64(54809.27647568049), np.float64(54779.358873602054), np.float64(54728.86300760367), np.float64(54765.96592989922), np.float64(54704.828435580304), np.float64(54746.66455383493), np.float64(54685.62760056438), np.float64(54700.97223841613), np.float64(54696.70980185437), np.float64(54690.42953952469), np.float64(54665.029731254726), np.float64(54693.03115674751), np.float64(54630.488773312485), np.float64(54609.467195607016), np.float64(54610.3513428218), np.float64(54606.845604928465)]","[np.float64(55063.35277908325), np.float64(55093.41963937759), np.float64(55001.244134006505), np.float64(54983.389971857076), np.float64(54960.977746832374), np.float64(54953.29748493433), np.float64(54965.488290984635), np.float64(54978.257820994855), np.float64(54915.762200951576), np.float64(54917.83293554783), np.float64(54926.90875408888), np.float64(54857.17444857359), np.float64(54871.02531928063), np.float64(54834.23140464306), np.float64(54779.36453568697), np.float64(54765.96592989922), np.float64(54773.20371393204), np.float64(54746.673199579716), np.float64(54751.63909929991), np.float64(54700.98877654314), np.float64(54762.704136579036), np.float64(54708.54670026541), np.float64(54693.88543572665), np.float64(54708.298804488186), np.float64(54693.89766954422), np.float64(54636.08206422091), np.float64(54665.564276812074), np.float64(54639.1787653923), np.float64(54611.71500392437)]"
208,"[np.float64(55073.07235398293), np.float64(55058.060043268204), np.float64(55068.78536674976), np.float64(55013.116345691684), np.float64(54991.92248012066), np.float64(54964.115270321374), np.float64(54961.09313104868), np.float64(54913.8332498622), np.float64(54902.96472632647), np.float64(54868.404320447444), np.float64(54869.870446901325), np.float64(54851.9365717721), np.float64(54877.28993531942), np.float64(54826.949836421016), np.float64(54763.40120662689), np.float64(54766.19734221697), np.float64(54728.59754094362), np.float64(54732.52897480488), np.float64(54658.0480768466), np.float64(54605.73717432499), np.float64(54579.78641414881), np.float64(54615.75963279248), np.float64(54581.11359019041), np.float64(54587.725389094354), np.float64(54531.773573684695), np.float64(54584.75102609873), np.float64(54567.78967507839), np.float64(54512.00977699995), np.float64(54469.70678114176)]","[np.float64(55073.08319578895), np.float64(55081.21674786957), np.float64(55090.982643302625), np.float64(55013.116345691684), np.float64(54998.01204340024), np.float64(54965.89894477868), np.float64(54972.806038233044), np.float64(54913.8332498622), np.float64(54928.83337903497), np.float64(54892.3319720717), np.float64(54872.44674967287), np.float64(54877.301673085), np.float64(54877.28993531942), np.float64(54831.99239010969), np.float64(54773.91513048109), np.float64(54795.051839142725), np.float64(54732.52897480488), np.float64(54774.88284354094), np.float64(54658.0480768466), np.float64(54619.599444173924), np.float64(54634.009767738826), np.float64(54621.973008394736), np.float64(54629.96853124936), np.float64(54587.725389094354), np.float64(54584.75102609873), np.float64(54586.202164586844), np.float64(54567.78967507839), np.float64(54512.814284888045), np.float64(54489.508687418376)]","[np.float64(55058.045975570196), np.float64(55052.57182752348), np.float64(55013.116345691684), np.float64(54982.762912265236), np.float64(54948.87560598842), np.float64(54961.081950566026), np.float64(54911.809235566034), np.float64(54902.96472632647), np.float64(54839.9743795943), np.float64(54867.5889364798), np.float64(54799.48451817292), np.float64(54851.9365717721), np.float64(54806.2408016551), np.float64(54759.044968605085), np.float64(54659.53910316707), np.float64(54721.01538364127), np.float64(54728.589043586486), np.float64(54619.63825846507), np.float64(54600.547200289875), np.float64(54545.162327959726), np.float64(54578.84950194392), np.float64(54535.55517899627), np.float64(54575.98482117358), np.float64(54496.628076498775), np.float64(54526.63712548916), np.float64(54543.9472540413), np.float64(54508.26765329084), np.float64(54467.82793360915), np.float64(54443.00118213344)]","[np.float64(55058.060043268204), np.float64(55068.78536674976), np.float64(55013.116345691684), np.float64(54991.92248012066), np.float64(54964.115270321374), np.float64(54961.09313104868), np.float64(54913.8332498622), np.float64(54902.96472632647), np.float64(54868.404320447444), np.float64(54869.870446901325), np.float64(54851.9365717721), np.float64(54877.28993531942), np.float64(54826.949836421016), np.float64(54763.40120662689), np.float64(54766.19734221697), np.float64(54728.59754094362), np.float64(54732.52897480488), np.float64(54658.0480768466), np.float64(54605.73717432499), np.float64(54579.78641414881), np.float64(54615.75963279248), np.float64(54581.11359019041), np.float64(54587.725389094354), np.float64(54531.773573684695), np.float64(54584.75102609873), np.float64(54567.78967507839), np.float64(54512.00977699995), np.float64(54469.70678114176), np.float64(54473.774589874745)]"
209,"[np.float64(55063.93266203642), np.float64(55035.85244493961), np.float64(55036.66090711594), np.float64(55018.6547880745), np.float64(55050.51023249865), np.float64(55014.267225983145), np.float64(54982.51132620096), np.float64(54941.36346027613), np.float64(54960.46985023737), np.float64(54935.55265448093), np.float64(54914.571786112785), np.float64(54840.39918035746), np.float64(54845.521930496696), np.float64(54830.517475180626), np.float64(54808.99780373096), np.float64(54838.980057518485), np.float64(54762.83909490347), np.float64(54765.50181749344), np.float64(54712.014665606024), np.float64(54689.77809244633), np.float64(54660.37662305117), np.float64(54589.60076894045), np.float64(54562.929501297476), np.float64(54529.31470512867), np.float64(54596.1556483984), np.float64(54596.59928525687), np.float64(54560.11237505198), np.float64(54543.344575903415), np.float64(54527.41215332985)]","[np.float64(55063.93266203642), np.float64(55036.66090711594), np.float64(55050.01108923098), np.float64(55050.51023249865), np.float64(55054.66274008466), np.float64(55015.688364517446), np.float64(54982.51132620096), np.float64(54965.2658706978), np.float64(54960.483273300226), np.float64(54962.681717589025), np.float64(54918.37959269399), np.float64(54845.521930496696), np.float64(54857.06651669507), np.float64(54843.44266032467), np.float64(54844.47298704969), np.float64(54857.68061606207), np.float64(54789.16711060543), np.float64(54784.43796829942), np.float64(54725.52992846153), np.float64(54690.545001909595), np.float64(54675.07960038534), np.float64(54592.7100890584), np.float64(54577.41385120496), np.float64(54607.1826370018), np.float64(54596.59928525687), np.float64(54596.59928525687), np.float64(54593.014768559726), np.float64(54548.9362289767), np.float64(54538.99452227566)]","[np.float64(55035.85244493961), np.float64(55031.30656347657), np.float64(55008.4416613408), np.float64(55018.6547880745), np.float64(54995.76574577016), np.float64(54982.51132620096), np.float64(54928.74871651745), np.float64(54941.36346027613), np.float64(54923.42526542455), np.float64(54906.28477610318), np.float64(54840.39918035746), np.float64(54840.39050605825), np.float64(54830.517475180626), np.float64(54797.376219457954), np.float64(54808.40283050048), np.float64(54739.79487949546), np.float64(54762.83909490347), np.float64(54654.1236688902), np.float64(54689.77809244633), np.float64(54632.217891074564), np.float64(54589.60076894045), np.float64(54555.034483952084), np.float64(54529.31470512867), np.float64(54503.099827020145), np.float64(54596.1556483984), np.float64(54529.68815067423), np.float64(54543.344575903415), np.float64(54527.38650112582), np.float64(54507.817228349864)]","[np.float64(55035.85244493961), np.float64(55036.66090711594), np.float64(55018.6547880745), np.float64(55050.51023249865), np.float64(55014.267225983145), np.float64(54982.51132620096), np.float64(54941.36346027613), np.float64(54960.46985023737), np.float64(54935.55265448093), np.float64(54914.571786112785), np.float64(54840.39918035746), np.float64(54845.521930496696), np.float64(54830.517475180626), np.float64(54808.99780373096), np.float64(54838.980057518485), np.float64(54762.83909490347), np.float64(54765.50181749344), np.float64(54712.014665606024), np.float64(54689.77809244633), np.float64(54660.37662305117), np.float64(54589.60076894045), np.float64(54562.929501297476), np.float64(54529.31470512867), np.float64(54596.1556483984), np.float64(54596.59928525687), np.float64(54560.11237505198), np.float64(54543.344575903415), np.float64(54527.41215332985), np.float64(54512.649026162624)]"
210,"[np.float64(55108.1859859705), np.float64(55166.98428878785), np.float64(55018.63663051367), np.float64(54958.27124005318), np.float64(54904.77970974684), np.float64(55022.07201526642), np.float64(54868.58267663002), np.float64(54858.309875621795), np.float64(54808.37439414263), np.float64(55013.5298487258), np.float64(54994.43105660916), np.float64(54979.48236174584), np.float64(54930.821515281204), np.float64(54932.045540924075), np.float64(54931.057821125985), np.float64(54873.36352376223), np.float64(54931.00965851784), np.float64(54927.513491008285), np.float64(54727.71915284157), np.float64(54769.987378902435), np.float64(54847.37310026169), np.float64(54771.90873214722), np.float64(54827.86235043526), np.float64(54690.41425096035), np.float64(54784.23089076519), np.float64(54616.09174874544), np.float64(54583.29623202324), np.float64(54509.96698701859), np.float64(54426.17010136366)]","[np.float64(55166.99335985978), np.float64(55166.98428878785), np.float64(55018.63663051367), np.float64(54997.3540753407), np.float64(55026.362414667725), np.float64(55022.07201526642), np.float64(54903.0606602336), np.float64(54859.20592342595), np.float64(55021.57983935527), np.float64(55018.22360033147), np.float64(54994.43105660916), np.float64(55006.28690631306), np.float64(55049.64908952019), np.float64(54932.045540924075), np.float64(55106.56014800193), np.float64(54932.692929941826), np.float64(54945.68001402398), np.float64(54927.513491008285), np.float64(54769.987378902435), np.float64(54861.91685525), np.float64(54847.37310026169), np.float64(54841.41896574883), np.float64(54837.40069945328), np.float64(54790.40906873597), np.float64(54926.69009342936), np.float64(54616.09174874544), np.float64(54662.57383640939), np.float64(54509.96698701859), np.float64(54430.35976346922)]","[np.float64(55108.1859859705), np.float64(55010.79295321887), np.float64(54958.27124005318), np.float64(54904.77433521471), np.float64(54904.77970974684), np.float64(54801.32525286762), np.float64(54858.309875621795), np.float64(54745.191579605904), np.float64(54772.77565826871), np.float64(54994.43105660916), np.float64(54979.48236174584), np.float64(54856.92618444794), np.float64(54930.821515281204), np.float64(54906.93712406319), np.float64(54865.26867455631), np.float64(54872.75368119187), np.float64(54882.73240556253), np.float64(54727.71915284157), np.float64(54685.90516709403), np.float64(54763.23717235994), np.float64(54764.82830161209), np.float64(54771.90873214722), np.float64(54676.81975633538), np.float64(54677.91273854824), np.float64(54616.09174874544), np.float64(54583.295653936344), np.float64(54456.71852543187), np.float64(54426.17010136366), np.float64(54281.55441169503)]","[np.float64(55166.98428878785), np.float64(55018.63663051367), np.float64(54958.27124005318), np.float64(54904.77970974684), np.float64(55022.07201526642), np.float64(54868.58267663002), np.float64(54858.309875621795), np.float64(54808.37439414263), np.float64(55013.5298487258), np.float64(54994.43105660916), np.float64(54979.48236174584), np.float64(54930.821515281204), np.float64(54932.045540924075), np.float64(54931.057821125985), np.float64(54873.36352376223), np.float64(54931.00965851784), np.float64(54927.513491008285), np.float64(54727.71915284157), np.float64(54769.987378902435), np.float64(54847.37310026169), np.float64(54771.90873214722), np.float64(54827.86235043526), np.float64(54690.41425096035), np.float64(54784.23089076519), np.float64(54616.09174874544), np.float64(54583.29623202324), np.float64(54509.96698701859), np.float64(54426.17010136366), np.float64(54362.50196648836)]"
211,"[np.float64(55017.05975581646), np.float64(54987.3393057251), np.float64(55008.22410643101), np.float64(54991.0027545929), np.float64(54944.982481069565), np.float64(54935.029948527816), np.float64(54903.53726898909), np.float64(54924.43842437744), np.float64(54879.814480159286), np.float64(54863.89351874113), np.float64(54847.88846592426), np.float64(54873.24659422159), np.float64(54840.86213376999), np.float64(54857.50888251305), np.float64(54807.55421325684), np.float64(54796.14894707203), np.float64(54759.14821652889), np.float64(54726.56917398929), np.float64(54706.51395489216), np.float64(54672.246903080944), np.float64(54635.333097031114), np.float64(54622.26441798687), np.float64(54628.474561343195), np.float64(54653.35891895771), np.float64(54582.84293688774), np.float64(54534.71059134245), np.float64(54526.6500508833), np.float64(54472.000557549), np.float64(54447.28734460354)]","[np.float64(55031.678674060386), np.float64(55008.22410643101), np.float64(55015.236662878124), np.float64(54991.01277864994), np.float64(54948.43037485648), np.float64(54940.40382915148), np.float64(54929.48760744024), np.float64(54927.47195506868), np.float64(54901.868015574546), np.float64(54863.89351874113), np.float64(54893.402174015195), np.float64(54873.24659422159), np.float64(54857.52378417771), np.float64(54863.4751663732), np.float64(54807.56913326953), np.float64(54814.478269844636), np.float64(54759.157439419156), np.float64(54769.162341393865), np.float64(54706.52031369502), np.float64(54676.36523744212), np.float64(54639.08984700854), np.float64(54655.36580894844), np.float64(54653.367579833495), np.float64(54666.71263089733), np.float64(54582.84293688774), np.float64(54601.43199788153), np.float64(54526.6500508833), np.float64(54533.26891396565), np.float64(54450.70374701058)]","[np.float64(54983.290463179954), np.float64(54984.68899946318), np.float64(54981.9559299469), np.float64(54944.975032840004), np.float64(54906.03118190369), np.float64(54897.41637190541), np.float64(54898.7740392456), np.float64(54876.033573899804), np.float64(54844.31748155961), np.float64(54843.536120278884), np.float64(54840.697945340464), np.float64(54840.86213376999), np.float64(54821.232929155994), np.float64(54803.89274518759), np.float64(54772.32291827027), np.float64(54751.442851444415), np.float64(54711.74620706), np.float64(54700.17412275425), np.float64(54661.708313790485), np.float64(54622.97421953568), np.float64(54603.34303257779), np.float64(54598.02971432814), np.float64(54623.015383974634), np.float64(54548.75364711451), np.float64(54528.02914445491), np.float64(54511.70644119093), np.float64(54469.03022023172), np.float64(54376.47012934653), np.float64(54432.70316167161)]","[np.float64(54987.3393057251), np.float64(55008.22410643101), np.float64(54991.0027545929), np.float64(54944.982481069565), np.float64(54935.029948527816), np.float64(54903.53726898909), np.float64(54924.43842437744), np.float64(54879.814480159286), np.float64(54863.89351874113), np.float64(54847.88846592426), np.float64(54873.24659422159), np.float64(54840.86213376999), np.float64(54857.50888251305), np.float64(54807.55421325684), np.float64(54796.14894707203), np.float64(54759.14821652889), np.float64(54726.56917398929), np.float64(54706.51395489216), np.float64(54672.246903080944), np.float64(54635.333097031114), np.float64(54622.26441798687), np.float64(54628.474561343195), np.float64(54653.35891895771), np.float64(54582.84293688774), np.float64(54534.71059134245), np.float64(54526.6500508833), np.float64(54472.000557549), np.float64(54447.28734460354), np.float64(54437.20165661573)]"
212,"[np.float64(55065.856204490665), np.float64(55045.60421409607), np.float64(55049.18073847055), np.float64(55071.55278506279), np.float64(55041.46583555222), np.float64(54952.034311075215), np.float64(55039.720906834606), np.float64(54920.66474237442), np.float64(54952.201721210484), np.float64(54977.413945136075), np.float64(54878.70867182732), np.float64(54830.230431187156), np.float64(54827.55058125257), np.float64(54795.46823170662), np.float64(54785.92894464493), np.float64(54793.99128798246), np.float64(54759.856361401085), np.float64(54750.99714581967), np.float64(54701.60355807066), np.float64(54662.061412897114), np.float64(54623.595843670366), np.float64(54598.33442692042), np.float64(54581.67995155573), np.float64(54535.52330316067), np.float64(54560.75381342411), np.float64(54600.5842903614), np.float64(54547.152383818626), np.float64(54435.76321722269), np.float64(54386.90804622412)]","[np.float64(55065.864715588876), np.float64(55049.18073847055), np.float64(55088.417439875), np.float64(55091.604132761706), np.float64(55041.47524737455), np.float64(55074.83552318092), np.float64(55039.720906834606), np.float64(54962.42392819476), np.float64(54980.72052034194), np.float64(54977.413945136075), np.float64(54888.15356121542), np.float64(54830.230431187156), np.float64(54886.32699727058), np.float64(54795.46823170662), np.float64(54794.002793905755), np.float64(54801.162340364404), np.float64(54790.75991864244), np.float64(54755.264491285954), np.float64(54724.22869145627), np.float64(54678.37312065539), np.float64(54628.88568356189), np.float64(54645.08591450072), np.float64(54592.76970415473), np.float64(54565.00393927669), np.float64(54610.86900864435), np.float64(54600.5842903614), np.float64(54581.64674720654), np.float64(54435.76321722269), np.float64(54401.07836245132)]","[np.float64(55040.83776980302), np.float64(55045.59435656952), np.float64(55049.164789115304), np.float64(55041.45085487027), np.float64(54950.74822020356), np.float64(54952.01930821585), np.float64(54886.29168043883), np.float64(54917.55417478029), np.float64(54949.1094261613), np.float64(54866.40980707045), np.float64(54829.475457242304), np.float64(54819.88907611021), np.float64(54795.46823170662), np.float64(54737.57091236199), np.float64(54785.920030731744), np.float64(54734.56808993739), np.float64(54750.99714581967), np.float64(54690.11618766931), np.float64(54662.052705948874), np.float64(54542.591591459786), np.float64(54598.33442692042), np.float64(54556.7679946257), np.float64(54530.452774257625), np.float64(54494.658634941356), np.float64(54560.74038995363), np.float64(54542.51046063765), np.float64(54412.58758217779), np.float64(54365.40431399201), np.float64(54359.5376498174)]","[np.float64(55045.60421409607), np.float64(55049.18073847055), np.float64(55071.55278506279), np.float64(55041.46583555222), np.float64(54952.034311075215), np.float64(55039.720906834606), np.float64(54920.66474237442), np.float64(54952.201721210484), np.float64(54977.413945136075), np.float64(54878.70867182732), np.float64(54830.230431187156), np.float64(54827.55058125257), np.float64(54795.46823170662), np.float64(54785.92894464493), np.float64(54793.99128798246), np.float64(54759.856361401085), np.float64(54750.99714581967), np.float64(54701.60355807066), np.float64(54662.061412897114), np.float64(54623.595843670366), np.float64(54598.33442692042), np.float64(54581.67995155573), np.float64(54535.52330316067), np.float64(54560.75381342411), np.float64(54600.5842903614), np.float64(54547.152383818626), np.float64(54435.76321722269), np.float64(54386.90804622412), np.float64(54386.60104179144)]"
213,"[np.float64(55120.72423244), np.float64(55121.55098095417), np.float64(55088.434294326304), np.float64(55026.9918128109), np.float64(54981.6082129097), np.float64(54996.34159258366), np.float64(54957.21848785639), np.float64(55078.50236610889), np.float64(54973.20074713945), np.float64(54944.10769872427), np.float64(54930.30653594971), np.float64(54938.25014686823), np.float64(54917.4611562705), np.float64(54941.43055310726), np.float64(54857.20187808037), np.float64(54768.46884019852), np.float64(54786.969205470086), np.float64(54799.273206527236), np.float64(54710.585755712986), np.float64(54662.62468361378), np.float64(54630.89556945324), np.float64(54620.5476914382), np.float64(54599.25544021845), np.float64(54584.096838800906), np.float64(54524.89894086838), np.float64(54528.48422208071), np.float64(54381.25846926689), np.float64(54319.41085522413), np.float64(54333.317486383916)]","[np.float64(55121.55098095417), np.float64(55135.141031090316), np.float64(55106.05204030086), np.float64(55026.9918128109), np.float64(55028.84653974324), np.float64(54996.34159258366), np.float64(55164.68474775166), np.float64(55078.51368989064), np.float64(55005.58231481688), np.float64(54944.119486279575), np.float64(54942.08318027292), np.float64(54984.04674577675), np.float64(54941.43055310726), np.float64(54945.83279700961), np.float64(54964.66218747146), np.float64(54808.92769176385), np.float64(54799.273206527236), np.float64(54813.57863815872), np.float64(54713.75020166202), np.float64(54668.45404503378), np.float64(54659.03074749885), np.float64(54643.47516224368), np.float64(54599.25544021845), np.float64(54588.3464119527), np.float64(54546.25156143637), np.float64(54549.82029963948), np.float64(54381.25846926689), np.float64(54349.03626477636), np.float64(54396.88553178886)]","[np.float64(55117.24551529057), np.float64(55079.91118968305), np.float64(55021.48109751737), np.float64(54973.39264209436), np.float64(54959.55390724838), np.float64(54938.691588854126), np.float64(54948.764584006625), np.float64(54964.595693898395), np.float64(54877.29832881779), np.float64(54916.35536669155), np.float64(54923.13228644407), np.float64(54898.581778006446), np.float64(54902.71290413256), np.float64(54844.72699924495), np.float64(54747.83527569779), np.float64(54737.94928741557), np.float64(54777.32594058805), np.float64(54661.3990566667), np.float64(54653.64786372357), np.float64(54605.66275130547), np.float64(54608.58939844689), np.float64(54571.85569687714), np.float64(54579.757796944876), np.float64(54487.25223497225), np.float64(54509.591978932054), np.float64(54351.892270966455), np.float64(54301.189794679376), np.float64(54272.71231838336), np.float64(54308.83319471003)]","[np.float64(55121.55098095417), np.float64(55088.434294326304), np.float64(55026.9918128109), np.float64(54981.6082129097), np.float64(54996.34159258366), np.float64(54957.21848785639), np.float64(55078.50236610889), np.float64(54973.20074713945), np.float64(54944.10769872427), np.float64(54930.30653594971), np.float64(54938.25014686823), np.float64(54917.4611562705), np.float64(54941.43055310726), np.float64(54857.20187808037), np.float64(54768.46884019852), np.float64(54786.969205470086), np.float64(54799.273206527236), np.float64(54710.585755712986), np.float64(54662.62468361378), np.float64(54630.89556945324), np.float64(54620.5476914382), np.float64(54599.25544021845), np.float64(54584.096838800906), np.float64(54524.89894086838), np.float64(54528.48422208071), np.float64(54381.25846926689), np.float64(54319.41085522413), np.float64(54333.317486383916), np.float64(54371.76451171875)]"
214,"[np.float64(55132.713244888786), np.float64(55105.015495562555), np.float64(55080.95453825951), np.float64(55027.261987013815), np.float64(55056.17732313156), np.float64(55036.05990473032), np.float64(54964.58015538931), np.float64(54937.873602840904), np.float64(54980.11092241526), np.float64(54987.045050218105), np.float64(54935.158854331974), np.float64(54941.66132153988), np.float64(54951.32191656113), np.float64(54918.83069995404), np.float64(54870.48303921938), np.float64(54850.45409063578), np.float64(54867.89977205515), np.float64(54838.10759315968), np.float64(54886.02848682642), np.float64(54851.34870464325), np.float64(54799.894169352054), np.float64(54776.4098755765), np.float64(54717.678408036234), np.float64(54707.15346160889), np.float64(54636.41675571442), np.float64(54608.17402200937), np.float64(54582.246055366995), np.float64(54595.61014891148), np.float64(54601.68572027445)]","[np.float64(55132.722595128565), np.float64(55105.015495562555), np.float64(55118.41764420887), np.float64(55056.17732313156), np.float64(55063.438644446585), np.float64(55061.04205770035), np.float64(54964.59308064347), np.float64(54980.119838467974), np.float64(55036.24990484433), np.float64(54989.43295701686), np.float64(54952.87903043076), np.float64(54951.32191656113), np.float64(54983.7750043321), np.float64(54927.836996025195), np.float64(54886.37888668204), np.float64(54876.59334694948), np.float64(54869.301450276296), np.float64(54901.777335253515), np.float64(54886.2750898), np.float64(54859.6360030062), np.float64(54800.88769752491), np.float64(54777.95251137618), np.float64(54762.34812612364), np.float64(54710.18178802616), np.float64(54636.42836615603), np.float64(54624.57078842824), np.float64(54600.1722461337), np.float64(54609.73267806537), np.float64(54641.80104547128)]","[np.float64(55105.015495562555), np.float64(55062.26423158864), np.float64(55027.261987013815), np.float64(55012.47580101164), np.float64(55011.76902649324), np.float64(54964.58015538931), np.float64(54928.0409558811), np.float64(54937.86438457544), np.float64(54952.42956601021), np.float64(54935.158854331974), np.float64(54913.33252979592), np.float64(54930.9522158968), np.float64(54911.701053556935), np.float64(54846.47850066277), np.float64(54843.76930094925), np.float64(54813.60075286197), np.float64(54831.96441357033), np.float64(54825.08185241859), np.float64(54839.03713298457), np.float64(54781.33473558985), np.float64(54771.42318795152), np.float64(54697.6331949695), np.float64(54689.363256789904), np.float64(54615.29631506138), np.float64(54608.17402200937), np.float64(54552.39319587866), np.float64(54582.23537967794), np.float64(54573.068550357326), np.float64(54587.18960216041)]","[np.float64(55105.015495562555), np.float64(55080.95453825951), np.float64(55027.261987013815), np.float64(55056.17732313156), np.float64(55036.05990473032), np.float64(54964.58015538931), np.float64(54937.873602840904), np.float64(54980.11092241526), np.float64(54987.045050218105), np.float64(54935.158854331974), np.float64(54941.66132153988), np.float64(54951.32191656113), np.float64(54918.83069995404), np.float64(54870.48303921938), np.float64(54850.45409063578), np.float64(54867.89977205515), np.float64(54838.10759315968), np.float64(54886.02848682642), np.float64(54851.34870464325), np.float64(54799.894169352054), np.float64(54776.4098755765), np.float64(54717.678408036234), np.float64(54707.15346160889), np.float64(54636.41675571442), np.float64(54608.17402200937), np.float64(54582.246055366995), np.float64(54595.61014891148), np.float64(54601.68572027445), np.float64(54627.45567750454)]"
215,"[np.float64(55103.952827534675), np.float64(55070.32811553479), np.float64(55093.191188931465), np.float64(55058.21225771427), np.float64(55041.866847214704), np.float64(55018.99063856125), np.float64(55008.253725147246), np.float64(54966.21317687035), np.float64(54971.57081630707), np.float64(54911.26595104933), np.float64(54918.244764480594), np.float64(55003.097106649875), np.float64(54992.190336337095), np.float64(54926.16043078423), np.float64(54866.09418935776), np.float64(54864.11475767374), np.float64(54813.74903214693), np.float64(54860.847040610315), np.float64(54824.676278007035), np.float64(54845.34331676007), np.float64(54780.65513905287), np.float64(54823.350776066785), np.float64(54721.12988991738), np.float64(54779.939525113106), np.float64(54677.34801867962), np.float64(54664.69245633841), np.float64(54634.4662988615), np.float64(54602.7254659915), np.float64(54615.42172187328)]","[np.float64(55105.341313498604), np.float64(55093.191188931465), np.float64(55129.5811781689), np.float64(55058.21225771427), np.float64(55052.46936290043), np.float64(55052.101524033744), np.float64(55025.088142800196), np.float64(54971.57081630707), np.float64(55000.519876571), np.float64(54921.70967586707), np.float64(55013.35664623436), np.float64(55003.097106649875), np.float64(54994.66027270288), np.float64(54938.56580157792), np.float64(54907.20739611487), np.float64(54864.11475767374), np.float64(54898.2871088734), np.float64(54860.847040610315), np.float64(54876.966186756756), np.float64(54873.02789250648), np.float64(54823.350776066785), np.float64(54823.350776066785), np.float64(54918.94603572435), np.float64(54779.939525113106), np.float64(54677.34801867962), np.float64(54664.69245633841), np.float64(54689.399773113466), np.float64(54615.42172187328), np.float64(54657.86013705772)]","[np.float64(55069.22185736628), np.float64(55069.2617389503), np.float64(55047.394333096374), np.float64(55021.439716374065), np.float64(55000.37250812855), np.float64(55008.253725147246), np.float64(54934.591443391495), np.float64(54966.19019440153), np.float64(54904.39529480216), np.float64(54911.24992815295), np.float64(54890.85747481499), np.float64(54965.651690714396), np.float64(54917.33492173125), np.float64(54849.96847301076), np.float64(54842.91827590759), np.float64(54792.33666917151), np.float64(54813.73802374934), np.float64(54810.948571814835), np.float64(54808.86521943304), np.float64(54751.23927867123), np.float64(54759.93368506413), np.float64(54698.182014980244), np.float64(54691.324177673276), np.float64(54677.33874398219), np.float64(54661.74684559254), np.float64(54633.91408381552), np.float64(54594.14838966727), np.float64(54578.796912966376), np.float64(54584.81924419137)]","[np.float64(55070.32811553479), np.float64(55093.191188931465), np.float64(55058.21225771427), np.float64(55041.866847214704), np.float64(55018.99063856125), np.float64(55008.253725147246), np.float64(54966.21317687035), np.float64(54971.57081630707), np.float64(54911.26595104933), np.float64(54918.244764480594), np.float64(55003.097106649875), np.float64(54992.190336337095), np.float64(54926.16043078423), np.float64(54866.09418935776), np.float64(54864.11475767374), np.float64(54813.74903214693), np.float64(54860.847040610315), np.float64(54824.676278007035), np.float64(54845.34331676007), np.float64(54780.65513905287), np.float64(54823.350776066785), np.float64(54721.12988991738), np.float64(54779.939525113106), np.float64(54677.34801867962), np.float64(54664.69245633841), np.float64(54634.4662988615), np.float64(54602.7254659915), np.float64(54615.42172187328), np.float64(54619.43660324812)]"
216,"[np.float64(54996.85863234758), np.float64(54998.62970280171), np.float64(54934.93632762909), np.float64(54970.9377484417), np.float64(54896.80338946343), np.float64(54907.88053178311), np.float64(54927.100631859306), np.float64(54909.20075386525), np.float64(54937.085616211894), np.float64(54904.71454857111), np.float64(54805.01163963318), np.float64(54780.91475353956), np.float64(54892.98373406172), np.float64(54779.53825589657), np.float64(54753.00542355776), np.float64(54750.59136940718), np.float64(54775.66399903536), np.float64(54698.12516179085), np.float64(54664.46941452742), np.float64(54624.54570302248), np.float64(54705.43776527643), np.float64(54627.820502822404), np.float64(54563.59643752098), np.float64(54577.42374203205), np.float64(54534.437712821964), np.float64(54608.980423753266), np.float64(54484.526055092814), np.float64(54554.86380975723), np.float64(54529.32037131787)]","[np.float64(55011.244575217715), np.float64(54998.635344279595), np.float64(54989.84542257139), np.float64(54970.9377484417), np.float64(54936.92596877814), np.float64(54927.100631859306), np.float64(54927.10990049491), np.float64(54937.085616211894), np.float64(54962.705572958286), np.float64(54911.44808582702), np.float64(54807.12975302076), np.float64(54892.98373406172), np.float64(54892.98373406172), np.float64(54810.946241605314), np.float64(54753.00542355776), np.float64(54811.719692651175), np.float64(54777.92302491277), np.float64(54698.12516179085), np.float64(54699.9539154434), np.float64(54705.448911912965), np.float64(54710.896086163455), np.float64(54627.820502822404), np.float64(54594.38189592372), np.float64(54609.06403401147), np.float64(54610.10403001216), np.float64(54670.74023757702), np.float64(54554.86380975723), np.float64(54555.42265220687), np.float64(54532.110494180255)]","[np.float64(54996.85863234758), np.float64(54922.18581481057), np.float64(54889.772270903224), np.float64(54896.80338946343), np.float64(54878.77804509581), np.float64(54907.88053178311), np.float64(54909.192239090145), np.float64(54909.20075386525), np.float64(54896.63171344213), np.float64(54760.27679258623), np.float64(54778.614391250856), np.float64(54777.93141144744), np.float64(54779.53825589657), np.float64(54749.635908574666), np.float64(54742.242695650995), np.float64(54735.97777152665), np.float64(54698.114361337364), np.float64(54664.46941452742), np.float64(54604.2899660226), np.float64(54624.529901386646), np.float64(54598.69797651945), np.float64(54563.59643752098), np.float64(54527.431758143386), np.float64(54533.978711137934), np.float64(54534.437712821964), np.float64(54484.51697525388), np.float64(54484.526055092814), np.float64(54510.20005521623), np.float64(54425.25841633588)]","[np.float64(54998.62970280171), np.float64(54934.93632762909), np.float64(54970.9377484417), np.float64(54896.80338946343), np.float64(54907.88053178311), np.float64(54927.100631859306), np.float64(54909.20075386525), np.float64(54937.085616211894), np.float64(54904.71454857111), np.float64(54805.01163963318), np.float64(54780.91475353956), np.float64(54892.98373406172), np.float64(54779.53825589657), np.float64(54753.00542355776), np.float64(54750.59136940718), np.float64(54775.66399903536), np.float64(54698.12516179085), np.float64(54664.46941452742), np.float64(54624.54570302248), np.float64(54705.43776527643), np.float64(54627.820502822404), np.float64(54563.59643752098), np.float64(54577.42374203205), np.float64(54534.437712821964), np.float64(54608.980423753266), np.float64(54484.526055092814), np.float64(54554.86380975723), np.float64(54529.32037131787), np.float64(54433.790868275166)]"
217,"[np.float64(55078.22588183165), np.float64(55059.35038908005), np.float64(55026.70979112149), np.float64(54979.35770558358), np.float64(54997.36150663853), np.float64(55004.78782023907), np.float64(54937.94700574637), np.float64(54969.41946729183), np.float64(54957.05867556572), np.float64(54933.0842564249), np.float64(54904.111228199006), np.float64(54938.20069648981), np.float64(54869.07473365068), np.float64(54866.79731192589), np.float64(54783.83567406893), np.float64(54806.73480503321), np.float64(54806.12208393812), np.float64(54861.827548894886), np.float64(54822.32751380921), np.float64(54804.13544074059), np.float64(54759.78707936049), np.float64(54736.5447576189), np.float64(54693.553190996645), np.float64(54668.17677636147), np.float64(54685.08313959122), np.float64(54669.36448688269), np.float64(54616.009202671055), np.float64(54607.877319738865), np.float64(54625.16241620541)]","[np.float64(55078.240038196185), np.float64(55076.70521793389), np.float64(55039.26320144327), np.float64(55004.287908009464), np.float64(55004.793415681466), np.float64(55004.78782023907), np.float64(55009.91566360726), np.float64(54969.42730958528), np.float64(54967.528583593485), np.float64(54933.09316093534), np.float64(54955.97669704036), np.float64(54938.20069648981), np.float64(54869.07473365068), np.float64(54889.2031437198), np.float64(54808.3515584397), np.float64(54806.73480503321), np.float64(54886.764455016026), np.float64(54861.827548894886), np.float64(54843.39579304188), np.float64(54804.16068819938), np.float64(54773.97328943129), np.float64(54750.77115830035), np.float64(54693.553190996645), np.float64(54692.181515196964), np.float64(54685.08313959122), np.float64(54690.74988495107), np.float64(54616.009202671055), np.float64(54638.65018798174), np.float64(54644.02053521052)]","[np.float64(55056.04842006358), np.float64(55010.94176923419), np.float64(54979.349163961386), np.float64(54963.2605222481), np.float64(54992.36528377255), np.float64(54915.621416608694), np.float64(54937.94700574637), np.float64(54957.04780848035), np.float64(54926.50466014427), np.float64(54903.992760839305), np.float64(54904.10322837849), np.float64(54859.83307426816), np.float64(54853.5859845161), np.float64(54771.6178028567), np.float64(54780.214977054), np.float64(54801.64303306581), np.float64(54800.90139894275), np.float64(54801.78725649143), np.float64(54802.26835583825), np.float64(54743.65038440434), np.float64(54735.59319380205), np.float64(54689.266647564174), np.float64(54658.437093622575), np.float64(54660.457373223806), np.float64(54652.101882326846), np.float64(54615.483902712025), np.float64(54586.59370893845), np.float64(54588.584662805755), np.float64(54581.17219406861)]","[np.float64(55059.35038908005), np.float64(55026.70979112149), np.float64(54979.35770558358), np.float64(54997.36150663853), np.float64(55004.78782023907), np.float64(54937.94700574637), np.float64(54969.41946729183), np.float64(54957.05867556572), np.float64(54933.0842564249), np.float64(54904.111228199006), np.float64(54938.20069648981), np.float64(54869.07473365068), np.float64(54866.79731192589), np.float64(54783.83567406893), np.float64(54806.73480503321), np.float64(54806.12208393812), np.float64(54861.827548894886), np.float64(54822.32751380921), np.float64(54804.13544074059), np.float64(54759.78707936049), np.float64(54736.5447576189), np.float64(54693.553190996645), np.float64(54668.17677636147), np.float64(54685.08313959122), np.float64(54669.36448688269), np.float64(54616.009202671055), np.float64(54607.877319738865), np.float64(54625.16241620541), np.float64(54584.642338287835)]"
218,"[np.float64(55113.04603097439), np.float64(55111.386867756846), np.float64(55099.31067326069), np.float64(55080.746177029614), np.float64(54996.21976951599), np.float64(55007.663411254885), np.float64(54963.80981121302), np.float64(55029.05997186661), np.float64(54974.95713701248), np.float64(54905.46171288252), np.float64(54905.79022307873), np.float64(54871.22878698349), np.float64(54843.463300940995), np.float64(54932.65259582997), np.float64(55009.88571641207), np.float64(54873.4588187623), np.float64(54794.51463782072), np.float64(54790.80637454749), np.float64(54804.58242580175), np.float64(54833.47805903435), np.float64(54687.91288598537), np.float64(54794.30176939488), np.float64(54731.97034006119), np.float64(54690.979453332424), np.float64(54624.010634474755), np.float64(54595.75656839133), np.float64(54575.04291235447), np.float64(54674.743632082944), np.float64(54589.74989273787)]","[np.float64(55131.09332768968), np.float64(55111.386867756846), np.float64(55142.77683965755), np.float64(55080.75183038401), np.float64(55007.663411254885), np.float64(55007.672012862415), np.float64(55030.8470327164), np.float64(55029.44511543782), np.float64(54974.95713701248), np.float64(54905.79022307873), np.float64(54912.059539987284), np.float64(54894.35342335378), np.float64(54943.23367914109), np.float64(55026.57602544159), np.float64(55009.88571641207), np.float64(54873.470754302754), np.float64(54794.51463782072), np.float64(54890.56641048457), np.float64(54833.47805903435), np.float64(54837.16595586249), np.float64(54794.30176939488), np.float64(54821.20800908418), np.float64(54731.97034006119), np.float64(54750.968642286505), np.float64(54624.010634474755), np.float64(54628.51300346785), np.float64(54674.752802716845), np.float64(54696.412627089056), np.float64(54589.74989273787)]","[np.float64(55110.230889200146), np.float64(55098.487051120384), np.float64(55080.746177029614), np.float64(54996.21976951599), np.float64(54996.210611356626), np.float64(54963.804289642656), np.float64(54929.10332374585), np.float64(54974.95713701248), np.float64(54901.79332502991), np.float64(54905.46171288252), np.float64(54864.78547824977), np.float64(54843.463300940995), np.float64(54843.463300940995), np.float64(54918.12925956429), np.float64(54873.4588187623), np.float64(54756.96880841862), np.float64(54788.82213984158), np.float64(54790.80637454749), np.float64(54793.655448105965), np.float64(54687.25531083029), np.float64(54674.854805875984), np.float64(54729.609629637824), np.float64(54684.33056900218), np.float64(54584.33002082352), np.float64(54582.02605366272), np.float64(54560.57094241933), np.float64(54567.69539837754), np.float64(54584.766123175184), np.float64(54544.685531751995)]","[np.float64(55111.386867756846), np.float64(55099.31067326069), np.float64(55080.746177029614), np.float64(54996.21976951599), np.float64(55007.663411254885), np.float64(54963.80981121302), np.float64(55029.05997186661), np.float64(54974.95713701248), np.float64(54905.46171288252), np.float64(54905.79022307873), np.float64(54871.22878698349), np.float64(54843.463300940995), np.float64(54932.65259582997), np.float64(55009.88571641207), np.float64(54873.4588187623), np.float64(54794.51463782072), np.float64(54790.80637454749), np.float64(54804.58242580175), np.float64(54833.47805903435), np.float64(54687.91288598537), np.float64(54794.30176939488), np.float64(54731.97034006119), np.float64(54690.979453332424), np.float64(54624.010634474755), np.float64(54595.75656839133), np.float64(54575.04291235447), np.float64(54674.743632082944), np.float64(54589.74989273787), np.float64(54556.75490040064)]"
219,"[np.float64(55108.13009674072), np.float64(55050.20825037003), np.float64(55025.67918857336), np.float64(55024.134508132935), np.float64(55010.188471202855), np.float64(55096.20753323794), np.float64(55063.47949567795), np.float64(54995.41375410319), np.float64(55051.78525384426), np.float64(55002.52250355482), np.float64(54978.11500727177), np.float64(55025.842349066734), np.float64(54912.226112563614), np.float64(54937.4938393879), np.float64(54865.65428703308), np.float64(54873.27299351215), np.float64(54829.169823591714), np.float64(54907.57700433016), np.float64(54865.29950632334), np.float64(54890.06023799181), np.float64(54666.26302096128), np.float64(54867.14629766941), np.float64(54765.93360686541), np.float64(54725.17039792061), np.float64(54823.26398035049), np.float64(54712.6040780592), np.float64(54568.36994436264), np.float64(54642.61930122614), np.float64(54518.083159153466)]","[np.float64(55108.13009674072), np.float64(55099.42625601819), np.float64(55025.67918857336), np.float64(55024.134508132935), np.float64(55105.3665951207), np.float64(55109.5382998864), np.float64(55063.49355500375), np.float64(55078.89544897395), np.float64(55051.78525384426), np.float64(55003.63832497592), np.float64(55031.14340444183), np.float64(55025.842349066734), np.float64(54943.53306717127), np.float64(54950.433608284795), np.float64(54873.27299351215), np.float64(54881.63516131806), np.float64(54914.23008138156), np.float64(54922.647063707635), np.float64(54914.30003048977), np.float64(54912.36620681812), np.float64(54870.07847054049), np.float64(54888.95112492005), np.float64(54765.93360686541), np.float64(54863.483126246654), np.float64(54826.35687916089), np.float64(54717.802913097534), np.float64(54647.32139575193), np.float64(54663.00323026325), np.float64(54544.85779797988)]","[np.float64(55023.824964022824), np.float64(55025.669348647985), np.float64(55024.125230615646), np.float64(54982.699712824775), np.float64(55003.908903797135), np.float64(55063.471008836284), np.float64(54991.05012255887), np.float64(54983.35316799638), np.float64(54988.86170100282), np.float64(54969.814940094286), np.float64(54978.11500727177), np.float64(54898.96218590341), np.float64(54912.226112563614), np.float64(54857.05916680332), np.float64(54861.09459910475), np.float64(54816.820162230695), np.float64(54816.84922613067), np.float64(54857.67684007437), np.float64(54852.997928327226), np.float64(54666.257539640304), np.float64(54643.88162676804), np.float64(54761.89503245712), np.float64(54707.717920409246), np.float64(54724.51899649474), np.float64(54670.499307809834), np.float64(54568.360798843605), np.float64(54540.83990028189), np.float64(54504.912454746314), np.float64(54428.38869005846)]","[np.float64(55050.20825037003), np.float64(55025.67918857336), np.float64(55024.134508132935), np.float64(55010.188471202855), np.float64(55096.20753323794), np.float64(55063.47949567795), np.float64(54995.41375410319), np.float64(55051.78525384426), np.float64(55002.52250355482), np.float64(54978.11500727177), np.float64(55025.842349066734), np.float64(54912.226112563614), np.float64(54937.4938393879), np.float64(54865.65428703308), np.float64(54873.27299351215), np.float64(54829.169823591714), np.float64(54907.57700433016), np.float64(54865.29950632334), np.float64(54890.06023799181), np.float64(54666.26302096128), np.float64(54867.14629766941), np.float64(54765.93360686541), np.float64(54725.17039792061), np.float64(54823.26398035049), np.float64(54712.6040780592), np.float64(54568.36994436264), np.float64(54642.61930122614), np.float64(54518.083159153466), np.float64(54448.58683358431)]"
220,"[np.float64(55081.52798236132), np.float64(55066.408400383), np.float64(55063.75739650249), np.float64(55036.59600349426), np.float64(54985.37210785866), np.float64(55006.544982774256), np.float64(54959.72139815569), np.float64(54969.3087190485), np.float64(54930.09083442927), np.float64(54948.38824710608), np.float64(54917.53932392597), np.float64(54917.22304754734), np.float64(54880.84006040335), np.float64(54873.563772039415), np.float64(54865.057534289364), np.float64(54825.08759183169), np.float64(54776.719713103776), np.float64(54828.82882202387), np.float64(54767.36045632601), np.float64(54716.538087461), np.float64(54689.94962344647), np.float64(54736.74796776772), np.float64(54667.56109339476), np.float64(54702.25079140902), np.float64(54651.62274707794), np.float64(54641.91102757693), np.float64(54633.211495509146), np.float64(54543.18991469383), np.float64(54502.753284289836)]","[np.float64(55089.201851462996), np.float64(55072.65258263029), np.float64(55086.837258040956), np.float64(55036.60396573347), np.float64(55020.491188971006), np.float64(55020.07974022131), np.float64(54993.168442330985), np.float64(54969.3087190485), np.float64(54956.90283234615), np.float64(54948.4038270749), np.float64(54939.13266263414), np.float64(54917.22304754734), np.float64(54880.84995255969), np.float64(54892.26676506613), np.float64(54868.52622444736), np.float64(54825.08759183169), np.float64(54853.7534465298), np.float64(54828.82882202387), np.float64(54786.98805763129), np.float64(54769.959205296276), np.float64(54736.74796776772), np.float64(54736.75975167148), np.float64(54741.95368192421), np.float64(54712.41094809776), np.float64(54664.49759463046), np.float64(54649.17903767295), np.float64(54665.55280693964), np.float64(54543.18991469383), np.float64(54533.71107722499)]","[np.float64(55066.408400383), np.float64(55054.141640428395), np.float64(55022.10834618372), np.float64(54984.40973327663), np.float64(54970.7216418682), np.float64(54959.72139815569), np.float64(54943.397329205145), np.float64(54919.55387713644), np.float64(54922.48072988841), np.float64(54913.96397484768), np.float64(54908.57918421114), np.float64(54850.862031384444), np.float64(54873.55630718494), np.float64(54850.406894580046), np.float64(54816.33575998005), np.float64(54761.21465239358), np.float64(54776.70599489703), np.float64(54754.27579166554), np.float64(54708.21835482811), np.float64(54665.3508391256), np.float64(54671.961116336264), np.float64(54630.787487914895), np.float64(54660.05894970278), np.float64(54640.74648956357), np.float64(54641.901844671745), np.float64(54624.05381027849), np.float64(54536.75393487587), np.float64(54436.17019442346), np.float64(54484.73494572811)]","[np.float64(55066.408400383), np.float64(55063.75739650249), np.float64(55036.59600349426), np.float64(54985.37210785866), np.float64(55006.544982774256), np.float64(54959.72139815569), np.float64(54969.3087190485), np.float64(54930.09083442927), np.float64(54948.38824710608), np.float64(54917.53932392597), np.float64(54917.22304754734), np.float64(54880.84006040335), np.float64(54873.563772039415), np.float64(54865.057534289364), np.float64(54825.08759183169), np.float64(54776.719713103776), np.float64(54828.82882202387), np.float64(54767.36045632601), np.float64(54716.538087461), np.float64(54689.94962344647), np.float64(54736.74796776772), np.float64(54667.56109339476), np.float64(54702.25079140902), np.float64(54651.62274707794), np.float64(54641.91102757693), np.float64(54633.211495509146), np.float64(54543.18991469383), np.float64(54502.753284289836), np.float64(54504.76310735226)]"
221,"[np.float64(55050.632441897396), np.float64(55042.03142425537), np.float64(55086.301489202975), np.float64(55047.589440746306), np.float64(55033.89220103264), np.float64(54985.580469088556), np.float64(54961.7045643735), np.float64(54882.30760340452), np.float64(54894.32507557631), np.float64(54920.88173166513), np.float64(54878.25228604317), np.float64(54860.37880733967), np.float64(54833.22810282469), np.float64(54812.469632382396), np.float64(54788.504742741585), np.float64(54801.885577299596), np.float64(54772.426287019254), np.float64(54747.495698451996), np.float64(54694.684883511065), np.float64(54690.92678352833), np.float64(54605.37325044632), np.float64(54573.44517577887), np.float64(54567.028602848055), np.float64(54584.289489233495), np.float64(54609.0807410574), np.float64(54603.39652307987), np.float64(54582.893159928324), np.float64(54531.37436490059), np.float64(54518.42480460644)]","[np.float64(55072.63479212976), np.float64(55092.10971301655), np.float64(55101.3723335437), np.float64(55083.63397295504), np.float64(55033.90004813856), np.float64(54985.580469088556), np.float64(54993.10978769738), np.float64(54897.35090370084), np.float64(54926.30575009675), np.float64(54954.10464191702), np.float64(54880.032934970644), np.float64(54881.87396078543), np.float64(54833.22810282469), np.float64(54847.62879101353), np.float64(54805.185697711204), np.float64(54803.72474996042), np.float64(54794.26493410434), np.float64(54762.5427582922), np.float64(54698.34752970499), np.float64(54699.68038746369), np.float64(54609.662880973985), np.float64(54608.053596247075), np.float64(54584.289489233495), np.float64(54636.02603452138), np.float64(54609.0807410574), np.float64(54618.587932823735), np.float64(54582.893159928324), np.float64(54562.816096723145), np.float64(54557.47459801991)]","[np.float64(55019.759466732125), np.float64(55036.25396998204), np.float64(55047.589440746306), np.float64(55006.81018307084), np.float64(54981.179688519056), np.float64(54948.93565952638), np.float64(54875.22343242616), np.float64(54882.29789816368), np.float64(54894.2993037539), np.float64(54874.14974970874), np.float64(54859.52830437364), np.float64(54833.2140865888), np.float64(54812.45668413845), np.float64(54756.723311954374), np.float64(54788.390964121485), np.float64(54767.88849581377), np.float64(54747.495698451996), np.float64(54655.46967922908), np.float64(54690.917121592705), np.float64(54578.663641875195), np.float64(54570.08120791653), np.float64(54551.44168083482), np.float64(54567.01464426495), np.float64(54572.05163515893), np.float64(54584.15884077917), np.float64(54575.85826000462), np.float64(54502.52496693204), np.float64(54518.41298737306), np.float64(54515.23701365078)]","[np.float64(55042.03142425537), np.float64(55086.301489202975), np.float64(55047.589440746306), np.float64(55033.89220103264), np.float64(54985.580469088556), np.float64(54961.7045643735), np.float64(54882.30760340452), np.float64(54894.32507557631), np.float64(54920.88173166513), np.float64(54878.25228604317), np.float64(54860.37880733967), np.float64(54833.22810282469), np.float64(54812.469632382396), np.float64(54788.504742741585), np.float64(54801.885577299596), np.float64(54772.426287019254), np.float64(54747.495698451996), np.float64(54694.684883511065), np.float64(54690.92678352833), np.float64(54605.37325044632), np.float64(54573.44517577887), np.float64(54567.028602848055), np.float64(54584.289489233495), np.float64(54609.0807410574), np.float64(54603.39652307987), np.float64(54582.893159928324), np.float64(54531.37436490059), np.float64(54518.42480460644), np.float64(54548.35091161013)]"
222,"[np.float64(55177.75803243161), np.float64(55127.04615425587), np.float64(55128.75309375048), np.float64(55102.52005433083), np.float64(55086.13253374338), np.float64(55069.04292080402), np.float64(55032.50424223423), np.float64(55040.845645389556), np.float64(55043.64899249315), np.float64(55010.165420114994), np.float64(54975.474305553435), np.float64(54985.72083604813), np.float64(54961.42460311652), np.float64(54955.54657571316), np.float64(54933.90958839178), np.float64(54915.617326796055), np.float64(54919.12753100157), np.float64(54911.433103630545), np.float64(54876.42197815657), np.float64(54858.33588858128), np.float64(54816.703434703355), np.float64(54798.09927514791), np.float64(54791.42051218986), np.float64(54806.65354672909), np.float64(54814.37166907311), np.float64(54817.5556810689), np.float64(54760.04875427962), np.float64(54785.758315083986), np.float64(54802.87973594904)]","[np.float64(55196.46923096122), np.float64(55152.84699367522), np.float64(55128.75309375048), np.float64(55102.52005433083), np.float64(55104.336485947), np.float64(55069.04292080402), np.float64(55078.418499929125), np.float64(55043.71532765481), np.float64(55067.062797342325), np.float64(55010.165420114994), np.float64(54990.862076579775), np.float64(54993.81709492209), np.float64(54961.42460311652), np.float64(54973.69939643475), np.float64(54984.44028808529), np.float64(54919.13631249924), np.float64(54919.12753100157), np.float64(54911.433103630545), np.float64(54891.503597460694), np.float64(54858.345235253386), np.float64(54832.79303473156), np.float64(54804.74604397563), np.float64(54847.16433804115), np.float64(54814.37166907311), np.float64(54839.08911719998), np.float64(54817.5556810689), np.float64(54800.67677536831), np.float64(54805.96006718366), np.float64(54814.98015446746)]","[np.float64(55125.24425598707), np.float64(55127.04615425587), np.float64(55083.68993027944), np.float64(55086.13253374338), np.float64(55069.0321656126), np.float64(55030.049675732254), np.float64(55027.348233911136), np.float64(55040.845645389556), np.float64(54990.33518951822), np.float64(54975.474305553435), np.float64(54957.6125798829), np.float64(54953.646580435576), np.float64(54955.5381240795), np.float64(54921.369273468066), np.float64(54915.617326796055), np.float64(54711.328845140866), np.float64(54904.04387818165), np.float64(54847.42994703399), np.float64(54852.85390419399), np.float64(54808.53620769966), np.float64(54794.18324509289), np.float64(54779.50436543218), np.float64(54791.410622441545), np.float64(54772.415820234106), np.float64(54801.44878618151), np.float64(54756.47013773477), np.float64(54751.728935655716), np.float64(54785.74237162794), np.float64(54778.45019664358)]","[np.float64(55127.04615425587), np.float64(55128.75309375048), np.float64(55102.52005433083), np.float64(55086.13253374338), np.float64(55069.04292080402), np.float64(55032.50424223423), np.float64(55040.845645389556), np.float64(55043.64899249315), np.float64(55010.165420114994), np.float64(54975.474305553435), np.float64(54985.72083604813), np.float64(54961.42460311652), np.float64(54955.54657571316), np.float64(54933.90958839178), np.float64(54915.617326796055), np.float64(54919.12753100157), np.float64(54911.433103630545), np.float64(54876.42197815657), np.float64(54858.33588858128), np.float64(54816.703434703355), np.float64(54798.09927514791), np.float64(54791.42051218986), np.float64(54806.65354672909), np.float64(54814.37166907311), np.float64(54817.5556810689), np.float64(54760.04875427962), np.float64(54785.758315083986), np.float64(54802.87973594904), np.float64(54794.28129384756)]"
223,"[np.float64(55038.62977908373), np.float64(55064.18236069202), np.float64(55042.91895552635), np.float64(54961.12210587978), np.float64(54918.857228021625), np.float64(54881.23360299826), np.float64(54902.14364400149), np.float64(54960.23071129799), np.float64(54929.84821851015), np.float64(54869.74308642149), np.float64(54876.4074263525), np.float64(54853.17489166498), np.float64(54811.36588448286), np.float64(54823.12850691796), np.float64(54781.613884019855), np.float64(54729.928709073065), np.float64(54709.89486696244), np.float64(54695.57151334286), np.float64(54652.19104009867), np.float64(54686.526472511294), np.float64(54644.636078248026), np.float64(54604.13209745884), np.float64(54610.06640042305), np.float64(54587.447488269805), np.float64(54556.35375996113), np.float64(54513.17430765629), np.float64(54436.09134108782), np.float64(54362.39842975855), np.float64(54320.416346251965)]","[np.float64(55064.18236069202), np.float64(55071.40785377835), np.float64(55049.13634400041), np.float64(54961.12210587978), np.float64(54938.94761362077), np.float64(54902.14364400149), np.float64(54999.419006890654), np.float64(54960.24250031672), np.float64(54941.43324456335), np.float64(54876.4074263525), np.float64(54897.94874422378), np.float64(54853.17489166498), np.float64(54834.061776088434), np.float64(54823.12850691796), np.float64(54842.123816047875), np.float64(54748.53266379461), np.float64(54709.90017054457), np.float64(54741.344784762085), np.float64(54686.526472511294), np.float64(54696.040245061995), np.float64(54648.212939773584), np.float64(54660.2628720663), np.float64(54610.06640042305), np.float64(54640.95973548466), np.float64(54560.53504610641), np.float64(54524.56247657027), np.float64(54436.09134108782), np.float64(54391.04256648032), np.float64(54331.771262315066)]","[np.float64(55038.61436169897), np.float64(55022.65120770796), np.float64(54953.009057644864), np.float64(54905.01532541699), np.float64(54873.433874965944), np.float64(54866.55596036076), np.float64(54887.710806382405), np.float64(54929.83895727045), np.float64(54853.412367016805), np.float64(54866.8386985487), np.float64(54853.17489166498), np.float64(54766.35646915793), np.float64(54811.36588448286), np.float64(54766.94065297784), np.float64(54729.916820685685), np.float64(54695.36606527441), np.float64(54683.10233185979), np.float64(54622.54309178946), np.float64(54642.45623981379), np.float64(54644.5445460386), np.float64(54599.65909834616), np.float64(54577.25490151335), np.float64(54575.959757160934), np.float64(54538.36851065872), np.float64(54513.05644147004), np.float64(54413.59972539845), np.float64(54362.38923301614), np.float64(54275.81566431244), np.float64(54284.3945587911)]","[np.float64(55064.18236069202), np.float64(55042.91895552635), np.float64(54961.12210587978), np.float64(54918.857228021625), np.float64(54881.23360299826), np.float64(54902.14364400149), np.float64(54960.23071129799), np.float64(54929.84821851015), np.float64(54869.74308642149), np.float64(54876.4074263525), np.float64(54853.17489166498), np.float64(54811.36588448286), np.float64(54823.12850691796), np.float64(54781.613884019855), np.float64(54729.928709073065), np.float64(54709.89486696244), np.float64(54695.57151334286), np.float64(54652.19104009867), np.float64(54686.526472511294), np.float64(54644.636078248026), np.float64(54604.13209745884), np.float64(54610.06640042305), np.float64(54587.447488269805), np.float64(54556.35375996113), np.float64(54513.17430765629), np.float64(54436.09134108782), np.float64(54362.39842975855), np.float64(54320.416346251965), np.float64(54300.789439547065)]"
224,"[np.float64(55110.8327402091), np.float64(55075.1835245657), np.float64(55093.367613458635), np.float64(55078.53198482514), np.float64(55094.81107515574), np.float64(55035.13863387823), np.float64(55043.982009885316), np.float64(55023.357596328264), np.float64(54997.028618023396), np.float64(54952.35445076466), np.float64(54957.10220220089), np.float64(54920.6617805028), np.float64(54921.64743986845), np.float64(54871.36709351063), np.float64(54823.978692851066), np.float64(54829.88659652472), np.float64(54782.50489227057), np.float64(54808.76291443348), np.float64(54754.18733911276), np.float64(54721.74982252598), np.float64(54688.12446664095), np.float64(54685.12731011152), np.float64(54617.65767739534), np.float64(54587.779990553856), np.float64(54580.37762948036), np.float64(54599.74414903641), np.float64(54558.17183403015), np.float64(54521.313273324966), np.float64(54521.26433805466)]","[np.float64(55110.8327402091), np.float64(55093.38255984311), np.float64(55114.957683614666), np.float64(55094.81107515574), np.float64(55101.80216109541), np.float64(55045.32804479757), np.float64(55053.46661083314), np.float64(55023.357596328264), np.float64(55010.14469502887), np.float64(54983.93387630486), np.float64(54960.720996466276), np.float64(54921.64743986845), np.float64(54921.661522026865), np.float64(54882.506674680335), np.float64(54848.52837148518), np.float64(54829.89540643507), np.float64(54827.24709488936), np.float64(54817.79915759722), np.float64(54754.19624184543), np.float64(54747.67212570957), np.float64(54688.13338844386), np.float64(54688.11269376086), np.float64(54703.74897021055), np.float64(54587.779990553856), np.float64(54610.84201110249), np.float64(54599.76545280304), np.float64(54625.67961850875), np.float64(54521.313273324966), np.float64(54571.945493920255)]","[np.float64(55049.52415200017), np.float64(55075.1835245657), np.float64(55078.53198482514), np.float64(55073.6120821363), np.float64(55005.793697076726), np.float64(55035.13863387823), np.float64(55010.283050367354), np.float64(54978.298430215196), np.float64(54942.3847530563), np.float64(54952.34542537882), np.float64(54843.655568914146), np.float64(54920.6617805028), np.float64(54775.57701395129), np.float64(54822.87199234511), np.float64(54776.24033464522), np.float64(54769.18892393406), np.float64(54782.49422270929), np.float64(54695.039974006), np.float64(54716.12184904829), np.float64(54642.45986829591), np.float64(54671.85657016758), np.float64(54491.67462143164), np.float64(54582.40055903008), np.float64(54551.60217617405), np.float64(54568.78736723518), np.float64(54529.01768930346), np.float64(54506.63988259694), np.float64(54516.07186559678), np.float64(54469.13582390023)]","[np.float64(55075.1835245657), np.float64(55093.367613458635), np.float64(55078.53198482514), np.float64(55094.81107515574), np.float64(55035.13863387823), np.float64(55043.982009885316), np.float64(55023.357596328264), np.float64(54997.028618023396), np.float64(54952.35445076466), np.float64(54957.10220220089), np.float64(54920.6617805028), np.float64(54921.64743986845), np.float64(54871.36709351063), np.float64(54823.978692851066), np.float64(54829.88659652472), np.float64(54782.50489227057), np.float64(54808.76291443348), np.float64(54754.18733911276), np.float64(54721.74982252598), np.float64(54688.12446664095), np.float64(54685.12731011152), np.float64(54617.65767739534), np.float64(54587.779990553856), np.float64(54580.37762948036), np.float64(54599.74414903641), np.float64(54558.17183403015), np.float64(54521.313273324966), np.float64(54521.26433805466), np.float64(54540.84140805006)]"
225,"[np.float64(55110.08235647202), np.float64(55086.8574196291), np.float64(55067.382469816206), np.float64(55084.30634672165), np.float64(55104.286360034945), np.float64(55066.65784148455), np.float64(55001.867801148896), np.float64(55005.14981246233), np.float64(54909.65108712912), np.float64(54926.452754635815), np.float64(54913.66802893639), np.float64(54972.99418878794), np.float64(54927.29920603514), np.float64(54929.090365705495), np.float64(54916.29842849255), np.float64(54922.66361938954), np.float64(54855.34195147753), np.float64(54823.39636313439), np.float64(54845.19496562481), np.float64(54876.14536510229), np.float64(54763.499205944536), np.float64(54793.24000280619), np.float64(54753.277143085004), np.float64(54744.05451873303), np.float64(54764.866174087525), np.float64(54707.00214860201), np.float64(54682.78678764343), np.float64(54617.15441677332), np.float64(54646.27953066826)]","[np.float64(55132.12507085777), np.float64(55086.8574196291), np.float64(55103.0396059489), np.float64(55104.286360034945), np.float64(55123.33414137997), np.float64(55066.65784148455), np.float64(55045.47267636755), np.float64(55005.14981246233), np.float64(55011.08358274214), np.float64(54926.452754635815), np.float64(54998.826269468904), np.float64(54972.99418878794), np.float64(54968.05368725793), np.float64(54929.090365705495), np.float64(54956.71359911358), np.float64(54922.67738630637), np.float64(54855.34195147753), np.float64(54906.75447906838), np.float64(54876.14536510229), np.float64(54876.14536510229), np.float64(54807.64228181855), np.float64(54799.366003514304), np.float64(54753.277143085004), np.float64(54795.57121058848), np.float64(54764.866174087525), np.float64(54719.13124180246), np.float64(54682.78678764343), np.float64(54706.82235391218), np.float64(54667.70107402325)]","[np.float64(55086.8574196291), np.float64(55012.86998528602), np.float64(55067.382469816206), np.float64(55062.20025262666), np.float64(55058.41856627387), np.float64(55001.867801148896), np.float64(54989.496743011034), np.float64(54909.65108712912), np.float64(54886.487988128116), np.float64(54913.66802893639), np.float64(54913.66802893639), np.float64(54875.963808428736), np.float64(54927.29920603514), np.float64(54901.46813750927), np.float64(54916.29842849255), np.float64(54832.63915113466), np.float64(54823.39636313439), np.float64(54783.501857816904), np.float64(54845.19496562481), np.float64(54741.11429605531), np.float64(54763.499205944536), np.float64(54745.653927257285), np.float64(54744.04608008968), np.float64(54685.3714452285), np.float64(54707.00214860201), np.float64(54658.87623604769), np.float64(54617.15441677332), np.float64(54610.5177252937), np.float64(54625.78804100161)]","[np.float64(55086.8574196291), np.float64(55067.382469816206), np.float64(55084.30634672165), np.float64(55104.286360034945), np.float64(55066.65784148455), np.float64(55001.867801148896), np.float64(55005.14981246233), np.float64(54909.65108712912), np.float64(54926.452754635815), np.float64(54913.66802893639), np.float64(54972.99418878794), np.float64(54927.29920603514), np.float64(54929.090365705495), np.float64(54916.29842849255), np.float64(54922.66361938954), np.float64(54855.34195147753), np.float64(54823.39636313439), np.float64(54845.19496562481), np.float64(54876.14536510229), np.float64(54763.499205944536), np.float64(54793.24000280619), np.float64(54753.277143085004), np.float64(54744.05451873303), np.float64(54764.866174087525), np.float64(54707.00214860201), np.float64(54682.78678764343), np.float64(54617.15441677332), np.float64(54646.27953066826), np.float64(54667.70107402325)]"
226,"[np.float64(55049.914638748174), np.float64(54984.97289907456), np.float64(55143.94118510724), np.float64(54972.76509445668), np.float64(54921.96384502411), np.float64(54901.265899784565), np.float64(54851.94017752886), np.float64(54803.22047996283), np.float64(54883.053737499715), np.float64(54852.33140213728), np.float64(54872.19925065994), np.float64(54829.25816463232), np.float64(54735.63855367899), np.float64(54758.93727975845), np.float64(54749.08609473705), np.float64(54745.32902497053), np.float64(54722.37632276297), np.float64(54707.64217042684), np.float64(54678.8583156538), np.float64(54688.98817416191), np.float64(54694.58417987585), np.float64(54617.90235374689), np.float64(54566.73756676674), np.float64(54554.81113995314), np.float64(54615.76838963032), np.float64(54599.39580717802), np.float64(54584.20346617937), np.float64(54470.93338232517), np.float64(54481.786066286564)]","[np.float64(55089.00058777367), np.float64(55143.94118510724), np.float64(55201.75957872682), np.float64(54990.693592200245), np.float64(54954.50056924409), np.float64(54901.265899784565), np.float64(54858.2964302057), np.float64(54896.3017373877), np.float64(54886.5808681679), np.float64(54933.47118943), np.float64(54872.19925065994), np.float64(54943.144955893054), np.float64(54764.292572205144), np.float64(54792.65214723128), np.float64(54749.08609473705), np.float64(54771.64711119394), np.float64(54743.18286110733), np.float64(54757.22103866229), np.float64(54710.88997607668), np.float64(54709.29922453822), np.float64(54698.44103373499), np.float64(54661.386924050516), np.float64(54566.74677938421), np.float64(54620.70124949388), np.float64(54647.19407609271), np.float64(54599.40447912877), np.float64(54593.93530523195), np.float64(54481.79153643574), np.float64(54522.7515430043)]","[np.float64(54984.96419918095), np.float64(54979.154726950925), np.float64(54972.76509445668), np.float64(54916.821999144886), np.float64(54895.69122327054), np.float64(54835.67737831619), np.float64(54800.46824601506), np.float64(54797.7334430727), np.float64(54852.323392282444), np.float64(54841.92050145683), np.float64(54810.82477261737), np.float64(54735.62988535202), np.float64(54732.22325569315), np.float64(54729.53594573409), np.float64(54721.88514940813), np.float64(54719.67051719683), np.float64(54706.98414370865), np.float64(54666.070057815145), np.float64(54675.695668546905), np.float64(54618.767565726965), np.float64(54613.07326551564), np.float64(54563.10349791591), np.float64(54553.90875293602), np.float64(54533.03833702617), np.float64(54599.38714986781), np.float64(54569.17553024612), np.float64(54437.57966962046), np.float64(54445.17872370008), np.float64(54480.89183921445)]","[np.float64(54984.97289907456), np.float64(55143.94118510724), np.float64(54972.76509445668), np.float64(54921.96384502411), np.float64(54901.265899784565), np.float64(54851.94017752886), np.float64(54803.22047996283), np.float64(54883.053737499715), np.float64(54852.33140213728), np.float64(54872.19925065994), np.float64(54829.25816463232), np.float64(54735.63855367899), np.float64(54758.93727975845), np.float64(54749.08609473705), np.float64(54745.32902497053), np.float64(54722.37632276297), np.float64(54707.64217042684), np.float64(54678.8583156538), np.float64(54688.98817416191), np.float64(54694.58417987585), np.float64(54617.90235374689), np.float64(54566.73756676674), np.float64(54554.81113995314), np.float64(54615.76838963032), np.float64(54599.39580717802), np.float64(54584.20346617937), np.float64(54470.93338232517), np.float64(54481.786066286564), np.float64(54490.56634155035)]"
227,"[np.float64(55035.722380142215), np.float64(55058.03686340332), np.float64(54993.323187844755), np.float64(54947.979122490884), np.float64(54936.14708923817), np.float64(54958.92594245911), np.float64(54942.74678310156), np.float64(54902.631837711335), np.float64(54916.18755147219), np.float64(54932.336705782414), np.float64(54948.44812842369), np.float64(54905.79743459225), np.float64(54852.39218489409), np.float64(54834.787978954315), np.float64(54794.619848651884), np.float64(54787.18889907837), np.float64(54739.69760557413), np.float64(54757.15139994621), np.float64(54692.27572288752), np.float64(54707.46922287941), np.float64(54663.670868182184), np.float64(54654.501557519434), np.float64(54653.8283112216), np.float64(54628.89076869488), np.float64(54725.01895613671), np.float64(54669.9654892683), np.float64(54587.07957230329), np.float64(54605.35869864225), np.float64(54537.82532129765)]","[np.float64(55068.59898488169), np.float64(55076.424523785434), np.float64(54993.323187844755), np.float64(54964.613558001314), np.float64(54958.92594245911), np.float64(54958.92594245911), np.float64(54961.04011590613), np.float64(54916.19754274872), np.float64(54932.34861563294), np.float64(54948.44812842369), np.float64(54965.2434810283), np.float64(54905.79743459225), np.float64(54852.39218489409), np.float64(54848.54649260326), np.float64(54794.619848651884), np.float64(54794.04953204467), np.float64(54757.16431406424), np.float64(54757.159835570674), np.float64(54707.47763072393), np.float64(54707.482628835), np.float64(54716.67623746952), np.float64(54656.46891767854), np.float64(54653.83395982918), np.float64(54725.027375960824), np.float64(54725.46821651097), np.float64(54684.45499334981), np.float64(54605.35869864225), np.float64(54628.01800983748), np.float64(54551.177091629375)]","[np.float64(55035.722380142215), np.float64(54984.018433771475), np.float64(54947.979122490884), np.float64(54936.14708923817), np.float64(54927.368903064176), np.float64(54942.74678310156), np.float64(54902.631837711335), np.float64(54902.631837711335), np.float64(54902.42997723076), np.float64(54932.336705782414), np.float64(54905.78252508734), np.float64(54848.35027488551), np.float64(54802.82065111834), np.float64(54791.21590770513), np.float64(54787.1779021565), np.float64(54724.514072326376), np.float64(54739.6856973024), np.float64(54663.25022495942), np.float64(54688.73472485906), np.float64(54663.665199755145), np.float64(54654.48857551721), np.float64(54638.07273458439), np.float64(54628.865448778226), np.float64(54609.70250544238), np.float64(54665.8289406182), np.float64(54587.07957230329), np.float64(54573.786645131986), np.float64(54534.1278397556), np.float64(54487.94470120997)]","[np.float64(55058.03686340332), np.float64(54993.323187844755), np.float64(54947.979122490884), np.float64(54936.14708923817), np.float64(54958.92594245911), np.float64(54942.74678310156), np.float64(54902.631837711335), np.float64(54916.18755147219), np.float64(54932.336705782414), np.float64(54948.44812842369), np.float64(54905.79743459225), np.float64(54852.39218489409), np.float64(54834.787978954315), np.float64(54794.619848651884), np.float64(54787.18889907837), np.float64(54739.69760557413), np.float64(54757.15139994621), np.float64(54692.27572288752), np.float64(54707.46922287941), np.float64(54663.670868182184), np.float64(54654.501557519434), np.float64(54653.8283112216), np.float64(54628.89076869488), np.float64(54725.01895613671), np.float64(54669.9654892683), np.float64(54587.07957230329), np.float64(54605.35869864225), np.float64(54537.82532129765), np.float64(54501.63086372137)]"
228,"[np.float64(55101.5359402895), np.float64(55055.31966813088), np.float64(55079.23665271759), np.float64(55069.75505776406), np.float64(55027.53731229782), np.float64(54910.86867392063), np.float64(54915.92098302603), np.float64(54867.20489121676), np.float64(54874.74272572279), np.float64(54835.25466690063), np.float64(54792.395611839296), np.float64(54824.871890311246), np.float64(54843.86457015753), np.float64(54889.994690485), np.float64(54799.593990101814), np.float64(54736.91434768677), np.float64(54744.79073699713), np.float64(54757.26923092604), np.float64(54735.549697530274), np.float64(54658.2882460022), np.float64(54611.67984779597), np.float64(54571.03910580397), np.float64(54582.71776561737), np.float64(54537.48032764196), np.float64(54539.96173217773), np.float64(54521.293184108734), np.float64(54361.000426352024), np.float64(54304.95421738148), np.float64(54355.685669665334)]","[np.float64(55108.836235367875), np.float64(55079.244982920456), np.float64(55092.14619763943), np.float64(55069.75505776406), np.float64(55043.36759441685), np.float64(54915.92098302603), np.float64(54936.6410536725), np.float64(54874.74272572279), np.float64(54915.84489236382), np.float64(54835.25466690063), np.float64(54837.15551268241), np.float64(54843.86457015753), np.float64(54913.720444891165), np.float64(54889.994690485), np.float64(54806.53015777174), np.float64(54744.79073699713), np.float64(54757.26923092604), np.float64(54820.69254868262), np.float64(54735.549697530274), np.float64(54679.76158288091), np.float64(54611.685494192396), np.float64(54597.41955788278), np.float64(54582.71776561737), np.float64(54543.20298058279), np.float64(54539.96173217773), np.float64(54558.1941071009), np.float64(54361.000426352024), np.float64(54405.51575397408), np.float64(54374.48415375471)]","[np.float64(55055.31966813088), np.float64(54980.97181948023), np.float64(55069.75505776406), np.float64(55027.53731229782), np.float64(54896.45948893633), np.float64(54910.86867392063), np.float64(54827.302785435335), np.float64(54867.20489121676), np.float64(54819.32583315872), np.float64(54792.395611839296), np.float64(54782.251905373065), np.float64(54824.86322334684), np.float64(54841.903462261136), np.float64(54799.32547256169), np.float64(54736.905656174495), np.float64(54679.49337696185), np.float64(54744.79073699713), np.float64(54699.527810096115), np.float64(54658.27984017493), np.float64(54587.70697988252), np.float64(54571.03910580397), np.float64(54489.30866016254), np.float64(54537.48032764196), np.float64(54409.667302219896), np.float64(54521.293184108734), np.float64(54274.78113935001), np.float64(54304.95421738148), np.float64(54284.31376964002), np.float64(54340.48999293409)]","[np.float64(55055.31966813088), np.float64(55079.23665271759), np.float64(55069.75505776406), np.float64(55027.53731229782), np.float64(54910.86867392063), np.float64(54915.92098302603), np.float64(54867.20489121676), np.float64(54874.74272572279), np.float64(54835.25466690063), np.float64(54792.395611839296), np.float64(54824.871890311246), np.float64(54843.86457015753), np.float64(54889.994690485), np.float64(54799.593990101814), np.float64(54736.91434768677), np.float64(54744.79073699713), np.float64(54757.26923092604), np.float64(54735.549697530274), np.float64(54658.2882460022), np.float64(54611.67984779597), np.float64(54571.03910580397), np.float64(54582.71776561737), np.float64(54537.48032764196), np.float64(54539.96173217773), np.float64(54521.293184108734), np.float64(54361.000426352024), np.float64(54304.95421738148), np.float64(54355.685669665334), np.float64(54374.48415375471)]"
229,"[np.float64(55069.528152642255), np.float64(55020.05098860264), np.float64(55033.79639092446), np.float64(55025.35479924202), np.float64(54999.959454383854), np.float64(55045.38039962292), np.float64(54936.08282950163), np.float64(54985.14108187199), np.float64(54900.24134975672), np.float64(54917.43308287859), np.float64(54841.736529784204), np.float64(54862.86330252409), np.float64(54823.14898246527), np.float64(54866.977084655766), np.float64(54889.72490261316), np.float64(54902.06637778521), np.float64(54779.24606082201), np.float64(54794.49532126665), np.float64(54712.02136201144), np.float64(54775.817372474674), np.float64(54648.34305375099), np.float64(54719.522108733654), np.float64(54632.9957939887), np.float64(54646.6495070672), np.float64(54764.85226616859), np.float64(54731.31113045931), np.float64(54676.882360949516), np.float64(54669.69879204512), np.float64(54703.380681045055)]","[np.float64(55069.541674670065), np.float64(55046.58477138982), np.float64(55033.79639092446), np.float64(55034.68891067724), np.float64(55045.38039962292), np.float64(55055.14657280459), np.float64(54994.70019399993), np.float64(54985.14108187199), np.float64(54923.24674568182), np.float64(54917.43308287859), np.float64(54882.137360142384), np.float64(54862.86330252409), np.float64(54866.977084655766), np.float64(54907.320903729735), np.float64(54902.06637778521), np.float64(54916.50732093296), np.float64(54794.49532126665), np.float64(54807.85075884603), np.float64(54775.817372474674), np.float64(54779.23370109484), np.float64(54719.53841072546), np.float64(54731.77153401226), np.float64(54646.6495070672), np.float64(54764.86073274614), np.float64(54767.627430458), np.float64(54731.81586657633), np.float64(54686.41007698426), np.float64(54722.89445189133), np.float64(54703.38935557771)]","[np.float64(55018.02922064556), np.float64(55020.05098860264), np.float64(55003.10960981009), np.float64(54999.959454383854), np.float64(54999.949300077824), np.float64(54936.08282950163), np.float64(54927.08272803536), np.float64(54900.24134975672), np.float64(54894.32667842451), np.float64(54841.736529784204), np.float64(54835.21108026379), np.float64(54821.08278660887), np.float64(54823.14898246527), np.float64(54850.031337281434), np.float64(54889.72490261316), np.float64(54741.2717538257), np.float64(54779.240039297256), np.float64(54672.425546472376), np.float64(54705.73737576513), np.float64(54648.34305375099), np.float64(54637.30914700661), np.float64(54629.71222141113), np.float64(54631.827955754445), np.float64(54606.742427433346), np.float64(54731.296361375265), np.float64(54673.14998251525), np.float64(54669.689682204946), np.float64(54653.6854528421), np.float64(54652.95171029316)]","[np.float64(55020.05098860264), np.float64(55033.79639092446), np.float64(55025.35479924202), np.float64(54999.959454383854), np.float64(55045.38039962292), np.float64(54936.08282950163), np.float64(54985.14108187199), np.float64(54900.24134975672), np.float64(54917.43308287859), np.float64(54841.736529784204), np.float64(54862.86330252409), np.float64(54823.14898246527), np.float64(54866.977084655766), np.float64(54889.72490261316), np.float64(54902.06637778521), np.float64(54779.24606082201), np.float64(54794.49532126665), np.float64(54712.02136201144), np.float64(54775.817372474674), np.float64(54648.34305375099), np.float64(54719.522108733654), np.float64(54632.9957939887), np.float64(54646.6495070672), np.float64(54764.85226616859), np.float64(54731.31113045931), np.float64(54676.882360949516), np.float64(54669.69879204512), np.float64(54703.380681045055), np.float64(54661.03055279493)]"
230,"[np.float64(55000.43052074909), np.float64(54987.386695671084), np.float64(54875.297883486746), np.float64(54944.88847383976), np.float64(54918.19853352785), np.float64(54925.072522459035), np.float64(54972.665034706595), np.float64(54945.900661273), np.float64(54969.49235508919), np.float64(55045.74187673807), np.float64(54815.35140469551), np.float64(54804.534520747664), np.float64(54891.81006023646), np.float64(54874.880903472906), np.float64(54898.53325126886), np.float64(54735.049785110954), np.float64(54779.36453568697), np.float64(54767.03786987305), np.float64(54769.800780990125), np.float64(54690.433825068474), np.float64(54645.66474914074), np.float64(54760.53038036108), np.float64(54711.554287734034), np.float64(54667.197684624196), np.float64(54642.95837113857), np.float64(54650.700574786664), np.float64(54617.29040531397), np.float64(54692.157505576615), np.float64(54551.03732917309)]","[np.float64(55000.43618210258), np.float64(55011.0535270352), np.float64(54944.88847383976), np.float64(54944.88847383976), np.float64(54925.072522459035), np.float64(54972.665034706595), np.float64(54972.665034706595), np.float64(54981.32458485248), np.float64(55045.74187673807), np.float64(55046.88691841508), np.float64(54815.35888432943), np.float64(54957.08477887655), np.float64(54891.81006023646), np.float64(54904.80634644071), np.float64(54898.53325126886), np.float64(54796.68035444718), np.float64(54797.26457586522), np.float64(54772.291087339334), np.float64(54782.68511033403), np.float64(54690.433825068474), np.float64(54760.53932254556), np.float64(54776.06617002363), np.float64(54711.554287734034), np.float64(54676.019233816405), np.float64(54650.700574786664), np.float64(54686.46031011124), np.float64(54692.17146216986), np.float64(54697.14104363931), np.float64(54551.03732917309)]","[np.float64(54985.725030898306), np.float64(54875.297883486746), np.float64(54854.676398112664), np.float64(54918.19853352785), np.float64(54918.19853352785), np.float64(54925.072522459035), np.float64(54938.224863826836), np.float64(54945.900661273), np.float64(54969.49235508919), np.float64(54688.36276654798), np.float64(54804.534520747664), np.float64(54804.534520747664), np.float64(54874.880903472906), np.float64(54874.87162584249), np.float64(54734.77823314852), np.float64(54711.24238184457), np.float64(54767.03786987305), np.float64(54767.02601719661), np.float64(54687.98967217025), np.float64(54616.553180654366), np.float64(54638.16146763047), np.float64(54711.554287734034), np.float64(54660.615973224216), np.float64(54617.51627950982), np.float64(54642.94994768497), np.float64(54605.09681200713), np.float64(54617.29040531397), np.float64(54546.88202176798), np.float64(54471.83524162871)]","[np.float64(54987.386695671084), np.float64(54875.297883486746), np.float64(54944.88847383976), np.float64(54918.19853352785), np.float64(54925.072522459035), np.float64(54972.665034706595), np.float64(54945.900661273), np.float64(54969.49235508919), np.float64(55045.74187673807), np.float64(54815.35140469551), np.float64(54804.534520747664), np.float64(54891.81006023646), np.float64(54874.880903472906), np.float64(54898.53325126886), np.float64(54735.049785110954), np.float64(54779.36453568697), np.float64(54767.03786987305), np.float64(54769.800780990125), np.float64(54690.433825068474), np.float64(54645.66474914074), np.float64(54760.53038036108), np.float64(54711.554287734034), np.float64(54667.197684624196), np.float64(54642.95837113857), np.float64(54650.700574786664), np.float64(54617.29040531397), np.float64(54692.157505576615), np.float64(54551.03732917309), np.float64(54476.44903117418)]"
231,"[np.float64(55185.884377951625), np.float64(55084.9620793438), np.float64(55189.009796400074), np.float64(55153.55670816899), np.float64(55185.23624317408), np.float64(55111.99881618977), np.float64(55099.74104608536), np.float64(54997.32235842228), np.float64(55023.786552605634), np.float64(54902.2519454813), np.float64(55080.66942592144), np.float64(55064.22292545557), np.float64(55007.83146527529), np.float64(54966.989187235835), np.float64(54953.68677788735), np.float64(54970.53879721165), np.float64(54934.68482609511), np.float64(54928.76121162415), np.float64(54897.30948318005), np.float64(55016.95287088394), np.float64(54916.31645727635), np.float64(54842.39213362932), np.float64(54903.033493258954), np.float64(54853.572040016654), np.float64(54759.778451299666), np.float64(54735.62142633438), np.float64(54676.81320768595), np.float64(54756.447118384836), np.float64(54671.37443872214)]","[np.float64(55185.89622954341), np.float64(55189.017622220024), np.float64(55206.39241840704), np.float64(55185.23624317408), np.float64(55185.25321166502), np.float64(55157.147679968606), np.float64(55108.77975970452), np.float64(55053.23288121505), np.float64(55028.21318251304), np.float64(55095.563415073026), np.float64(55081.668492339675), np.float64(55077.67764852358), np.float64(55040.60486015261), np.float64(55006.84888730961), np.float64(55044.948022233926), np.float64(54979.693132720764), np.float64(54942.61668704943), np.float64(54969.07277362799), np.float64(55028.740320739766), np.float64(55028.39021604387), np.float64(54928.46209978782), np.float64(54946.98901671122), np.float64(54906.1280040963), np.float64(54854.3252843457), np.float64(54793.18973565077), np.float64(54735.62142633438), np.float64(54762.30328925968), np.float64(54756.45826019912), np.float64(54695.394444908066)]","[np.float64(55068.67857763455), np.float64(55084.95653663952), np.float64(55153.5474083392), np.float64(55123.9744183647), np.float64(55086.022760158725), np.float64(55099.74104608536), np.float64(54939.196902192336), np.float64(54997.32235842228), np.float64(54894.76202829126), np.float64(54902.2519454813), np.float64(54999.30951002457), np.float64(55007.64294611238), np.float64(54907.33630829225), np.float64(54917.51663059161), np.float64(54948.06249114186), np.float64(54886.309363040964), np.float64(54916.03152642267), np.float64(54871.43330222623), np.float64(54857.98572978738), np.float64(54916.30898089882), np.float64(54778.06908669828), np.float64(54842.39213362932), np.float64(54830.310246376364), np.float64(54759.778451299666), np.float64(54699.1861692204), np.float64(54674.776338872165), np.float64(54617.680655803124), np.float64(54671.37443872214), np.float64(54625.38686919962)]","[np.float64(55084.9620793438), np.float64(55189.009796400074), np.float64(55153.55670816899), np.float64(55185.23624317408), np.float64(55111.99881618977), np.float64(55099.74104608536), np.float64(54997.32235842228), np.float64(55023.786552605634), np.float64(54902.2519454813), np.float64(55080.66942592144), np.float64(55064.22292545557), np.float64(55007.83146527529), np.float64(54966.989187235835), np.float64(54953.68677788735), np.float64(54970.53879721165), np.float64(54934.68482609511), np.float64(54928.76121162415), np.float64(54897.30948318005), np.float64(55016.95287088394), np.float64(54916.31645727635), np.float64(54842.39213362932), np.float64(54903.033493258954), np.float64(54853.572040016654), np.float64(54759.778451299666), np.float64(54735.62142633438), np.float64(54676.81320768595), np.float64(54756.447118384836), np.float64(54671.37443872214), np.float64(54655.44420535803)]"
232,"[np.float64(55093.59490491152), np.float64(55105.794339022636), np.float64(55086.39562520981), np.float64(54962.42120852947), np.float64(54963.03470228672), np.float64(55062.662662994866), np.float64(54925.09634620905), np.float64(54964.88419795036), np.float64(54960.94555257559), np.float64(54979.4389638877), np.float64(54840.81088051319), np.float64(54992.44209542513), np.float64(54912.75886312485), np.float64(54972.11013449669), np.float64(54897.5878991127), np.float64(54908.23016141176), np.float64(54818.3944058466), np.float64(54888.35574526072), np.float64(54721.72728654623), np.float64(54838.487227835656), np.float64(54724.689673278335), np.float64(54763.24834829569), np.float64(54775.35261618376), np.float64(54617.952448010445), np.float64(54734.10108475208), np.float64(54614.07072208166), np.float64(54385.82580408812), np.float64(54532.08946373224), np.float64(54535.32666064024)]","[np.float64(55105.794339022636), np.float64(55128.50776946568), np.float64(55089.6080779443), np.float64(54963.03470228672), np.float64(55072.44753201288), np.float64(55062.67139685773), np.float64(54964.88419795036), np.float64(55044.15556533028), np.float64(54979.4389638877), np.float64(54991.34893722178), np.float64(54992.45371549476), np.float64(54994.07394425614), np.float64(54972.119455466025), np.float64(54998.701736649986), np.float64(54908.23016141176), np.float64(54924.275952727745), np.float64(54888.35574526072), np.float64(54924.114899667074), np.float64(54843.982378155204), np.float64(54848.14113735387), np.float64(54765.36254480023), np.float64(54806.06709754388), np.float64(54775.35261618376), np.float64(54751.788966624285), np.float64(54734.11174250228), np.float64(54618.63774666701), np.float64(54567.219259415775), np.float64(54550.96557511477), np.float64(54556.756179317366)]","[np.float64(55054.48203772566), np.float64(55086.39562520981), np.float64(54962.42120852947), np.float64(54960.391216813616), np.float64(54954.586553566885), np.float64(54924.1485562596), np.float64(54921.65762190166), np.float64(54948.81302986271), np.float64(54952.58064987482), np.float64(54840.81088051319), np.float64(54840.798879686954), np.float64(54912.75886312485), np.float64(54912.75886312485), np.float64(54877.254841093774), np.float64(54897.58219543108), np.float64(54798.21494854147), np.float64(54803.524224891706), np.float64(54711.92721465946), np.float64(54712.24966902464), np.float64(54712.599329578894), np.float64(54712.975791921395), np.float64(54763.24834829569), np.float64(54612.91676254433), np.float64(54608.79784756326), np.float64(54576.624493627576), np.float64(54381.204538631115), np.float64(54367.624572113185), np.float64(54516.721554668766), np.float64(54368.791619003896)]","[np.float64(55105.794339022636), np.float64(55086.39562520981), np.float64(54962.42120852947), np.float64(54963.03470228672), np.float64(55062.662662994866), np.float64(54925.09634620905), np.float64(54964.88419795036), np.float64(54960.94555257559), np.float64(54979.4389638877), np.float64(54840.81088051319), np.float64(54992.44209542513), np.float64(54912.75886312485), np.float64(54972.11013449669), np.float64(54897.5878991127), np.float64(54908.23016141176), np.float64(54818.3944058466), np.float64(54888.35574526072), np.float64(54721.72728654623), np.float64(54838.487227835656), np.float64(54724.689673278335), np.float64(54763.24834829569), np.float64(54775.35261618376), np.float64(54617.952448010445), np.float64(54734.10108475208), np.float64(54614.07072208166), np.float64(54385.82580408812), np.float64(54532.08946373224), np.float64(54535.32666064024), np.float64(54385.29215208769)]"
233,"[np.float64(55136.9160119462), np.float64(55131.6216020298), np.float64(55105.62538356304), np.float64(55020.357735481266), np.float64(55032.63585235596), np.float64(55017.851090648175), np.float64(54977.90986546755), np.float64(55031.53686920643), np.float64(54989.42523601055), np.float64(54956.18569609881), np.float64(54966.68037992478), np.float64(54937.12489320517), np.float64(54880.556750943666), np.float64(54888.31440783501), np.float64(54850.67185258865), np.float64(54831.8535368371), np.float64(54798.1590276885), np.float64(54805.6112254715), np.float64(54729.94107166767), np.float64(54707.83263164997), np.float64(54669.00519897699), np.float64(54648.20822420359), np.float64(54618.491766200066), np.float64(54607.31224614382), np.float64(54658.82988217831), np.float64(54667.55104878664), np.float64(54588.806343460084), np.float64(54528.607719249725), np.float64(54522.14285493374)]","[np.float64(55143.48594521538), np.float64(55134.393226927205), np.float64(55113.93947297984), np.float64(55045.8199028928), np.float64(55086.56762720423), np.float64(55017.851090648175), np.float64(55094.9639772642), np.float64(55031.54867069659), np.float64(54998.11893121762), np.float64(54982.525937053906), np.float64(54966.694056791115), np.float64(54937.12489320517), np.float64(54888.322917856574), np.float64(54913.243731213006), np.float64(54850.67185258865), np.float64(54850.95988209641), np.float64(54809.22773962943), np.float64(54807.377855112216), np.float64(54747.16544253552), np.float64(54716.930787327525), np.float64(54689.02188781201), np.float64(54692.98198355604), np.float64(54618.491766200066), np.float64(54668.94950301131), np.float64(54718.23169006432), np.float64(54677.30459938012), np.float64(54588.806343460084), np.float64(54549.42106838257), np.float64(54549.885270183746)]","[np.float64(55129.22224000155), np.float64(55087.07774766284), np.float64(55020.357735481266), np.float64(55011.8640092283), np.float64(55011.76957220862), np.float64(54926.58237541831), np.float64(54977.90986546755), np.float64(54969.2020514266), np.float64(54944.29804737363), np.float64(54956.18569609881), np.float64(54934.74193508895), np.float64(54850.36807974686), np.float64(54879.802492299044), np.float64(54827.9102374002), np.float64(54831.84065906095), np.float64(54764.42259714292), np.float64(54791.29316806339), np.float64(54661.17172374354), np.float64(54707.819760062426), np.float64(54656.92925265708), np.float64(54643.021093828065), np.float64(54602.08570538311), np.float64(54604.08938616777), np.float64(54578.88984136541), np.float64(54656.07887834876), np.float64(54581.959013222884), np.float64(54495.77086222003), np.float64(54513.984605200996), np.float64(54494.05170311251)]","[np.float64(55131.6216020298), np.float64(55105.62538356304), np.float64(55020.357735481266), np.float64(55032.63585235596), np.float64(55017.851090648175), np.float64(54977.90986546755), np.float64(55031.53686920643), np.float64(54989.42523601055), np.float64(54956.18569609881), np.float64(54966.68037992478), np.float64(54937.12489320517), np.float64(54880.556750943666), np.float64(54888.31440783501), np.float64(54850.67185258865), np.float64(54831.8535368371), np.float64(54798.1590276885), np.float64(54805.6112254715), np.float64(54729.94107166767), np.float64(54707.83263164997), np.float64(54669.00519897699), np.float64(54648.20822420359), np.float64(54618.491766200066), np.float64(54607.31224614382), np.float64(54658.82988217831), np.float64(54667.55104878664), np.float64(54588.806343460084), np.float64(54528.607719249725), np.float64(54522.14285493374), np.float64(54512.32128862858)]"
234,"[np.float64(55075.56354557276), np.float64(55085.01590814114), np.float64(55097.016252968315), np.float64(55007.682727808955), np.float64(54986.26247222424), np.float64(55016.37826778889), np.float64(54978.814395306115), np.float64(54973.99311218739), np.float64(54941.77103956699), np.float64(54950.60089398623), np.float64(54942.461284432415), np.float64(54954.2779932189), np.float64(54896.09215394258), np.float64(54881.97703277588), np.float64(54905.8413475585), np.float64(54909.74251881838), np.float64(54855.89788190365), np.float64(54835.71813542128), np.float64(54797.25642950535), np.float64(54819.47973863125), np.float64(54744.362295827865), np.float64(54776.048656015395), np.float64(54689.60462979078), np.float64(54687.165335342885), np.float64(54670.76158885002), np.float64(54652.704345328806), np.float64(54693.074398009776), np.float64(54623.372930636404), np.float64(54633.41573587418)]","[np.float64(55087.683180058564), np.float64(55097.02772475591), np.float64(55109.172478430126), np.float64(55007.6914693776), np.float64(55021.92941006785), np.float64(55016.37826778889), np.float64(54995.29949167479), np.float64(54975.36354550647), np.float64(54958.66731118276), np.float64(54950.61211522451), np.float64(54969.767276184626), np.float64(54954.2779932189), np.float64(54910.75900710409), np.float64(54913.5651878507), np.float64(54935.823945902404), np.float64(54909.74251881838), np.float64(54865.21438382758), np.float64(54835.71813542128), np.float64(54846.428537310625), np.float64(54825.05565860985), np.float64(54791.75446438961), np.float64(54782.5174422045), np.float64(54689.60462979078), np.float64(54694.6450102957), np.float64(54670.76158885002), np.float64(54719.54630781273), np.float64(54699.192025117845), np.float64(54651.70907950076), np.float64(54641.96191579645)]","[np.float64(55075.55525173117), np.float64(55071.9168826166), np.float64(55007.682727808955), np.float64(54984.48308138459), np.float64(54983.269509465914), np.float64(54949.60612072049), np.float64(54973.99311218739), np.float64(54930.32894361393), np.float64(54941.330568458776), np.float64(54927.595286866504), np.float64(54942.461284432415), np.float64(54870.80830171275), np.float64(54881.928416744486), np.float64(54864.52096342435), np.float64(54903.04403397647), np.float64(54855.89788190365), np.float64(54834.59965813333), np.float64(54767.48956741012), np.float64(54793.21945763688), np.float64(54744.015232363134), np.float64(54743.78513138085), np.float64(54678.07315968975), np.float64(54680.89687295854), np.float64(54651.12728497086), np.float64(54645.892116288596), np.float64(54652.704345328806), np.float64(54611.372816598254), np.float64(54599.15901314947), np.float64(54617.18761126053)]","[np.float64(55085.01590814114), np.float64(55097.016252968315), np.float64(55007.682727808955), np.float64(54986.26247222424), np.float64(55016.37826778889), np.float64(54978.814395306115), np.float64(54973.99311218739), np.float64(54941.77103956699), np.float64(54950.60089398623), np.float64(54942.461284432415), np.float64(54954.2779932189), np.float64(54896.09215394258), np.float64(54881.97703277588), np.float64(54905.8413475585), np.float64(54909.74251881838), np.float64(54855.89788190365), np.float64(54835.71813542128), np.float64(54797.25642950535), np.float64(54819.47973863125), np.float64(54744.362295827865), np.float64(54776.048656015395), np.float64(54689.60462979078), np.float64(54687.165335342885), np.float64(54670.76158885002), np.float64(54652.704345328806), np.float64(54693.074398009776), np.float64(54623.372930636404), np.float64(54633.41573587418), np.float64(54624.73989877939)]"
235,"[np.float64(55058.49917293072), np.float64(55079.33787146091), np.float64(55046.10489917755), np.float64(55021.8682900095), np.float64(55048.911723260884), np.float64(54986.423314731124), np.float64(54965.72137740374), np.float64(54986.92657535315), np.float64(54888.945672822), np.float64(54910.248612535004), np.float64(54877.4198713398), np.float64(54912.941082618236), np.float64(54886.406318624024), np.float64(54856.77485345841), np.float64(54834.605373129845), np.float64(54817.37037092686), np.float64(54783.80605535269), np.float64(54749.47757689953), np.float64(54725.6929750967), np.float64(54777.431850063804), np.float64(54677.855915274624), np.float64(54623.141518318655), np.float64(54609.68019811869), np.float64(54621.606367378234), np.float64(54612.12863573551), np.float64(54574.9585634017), np.float64(54512.7499873519), np.float64(54516.56680965901), np.float64(54478.714219081405)]","[np.float64(55079.33787146091), np.float64(55082.65491272478), np.float64(55059.39617564597), np.float64(55070.68645654395), np.float64(55051.19974882757), np.float64(54986.423314731124), np.float64(55013.06796783243), np.float64(54986.93530144375), np.float64(54914.36192370473), np.float64(54910.256127767854), np.float64(54930.745935855855), np.float64(54926.85785334189), np.float64(54886.406318624024), np.float64(54876.30912098366), np.float64(54854.73261979929), np.float64(54817.37037092686), np.float64(54799.80912741758), np.float64(54754.95865232265), np.float64(54778.06325608482), np.float64(54777.431850063804), np.float64(54677.855915274624), np.float64(54643.719315555565), np.float64(54621.606367378234), np.float64(54631.54013551593), np.float64(54612.12863573551), np.float64(54581.173072069985), np.float64(54521.21050419679), np.float64(54526.67983130418), np.float64(54487.741831434294)]","[np.float64(55035.19631767141), np.float64(55046.10489917755), np.float64(55006.27945552244), np.float64(55021.85751483449), np.float64(54983.65918252473), np.float64(54955.742196492625), np.float64(54933.56367090544), np.float64(54882.50556708339), np.float64(54888.93234677204), np.float64(54877.40794096397), np.float64(54877.4043987823), np.float64(54886.406318624024), np.float64(54853.06105257948), np.float64(54823.593507251266), np.float64(54814.406871784544), np.float64(54765.86779328995), np.float64(54748.50578317526), np.float64(54720.0939767767), np.float64(54723.41399903819), np.float64(54626.8496784141), np.float64(54619.03302165524), np.float64(54563.868344670234), np.float64(54602.350534952275), np.float64(54599.38083532503), np.float64(54560.40070610044), np.float64(54496.84669714513), np.float64(54506.107824792074), np.float64(54431.425260521435), np.float64(54475.04370497726)]","[np.float64(55079.33787146091), np.float64(55046.10489917755), np.float64(55021.8682900095), np.float64(55048.911723260884), np.float64(54986.423314731124), np.float64(54965.72137740374), np.float64(54986.92657535315), np.float64(54888.945672822), np.float64(54910.248612535004), np.float64(54877.4198713398), np.float64(54912.941082618236), np.float64(54886.406318624024), np.float64(54856.77485345841), np.float64(54834.605373129845), np.float64(54817.37037092686), np.float64(54783.80605535269), np.float64(54749.47757689953), np.float64(54725.6929750967), np.float64(54777.431850063804), np.float64(54677.855915274624), np.float64(54623.141518318655), np.float64(54609.68019811869), np.float64(54621.606367378234), np.float64(54612.12863573551), np.float64(54574.9585634017), np.float64(54512.7499873519), np.float64(54516.56680965901), np.float64(54478.714219081405), np.float64(54475.05231553793)]"
236,"[np.float64(55022.63193778038), np.float64(55006.13997902394), np.float64(54986.88343504906), np.float64(54983.658085627554), np.float64(54989.33354676724), np.float64(54997.27059005738), np.float64(54940.51584988356), np.float64(54966.944630384445), np.float64(54970.05858767748), np.float64(54976.55049516916), np.float64(54897.878677639965), np.float64(54860.81729311705), np.float64(54824.988562297825), np.float64(54870.76931055069), np.float64(54924.90163534403), np.float64(54875.38764107466), np.float64(54846.545450308324), np.float64(54771.679637815956), np.float64(54816.767436885835), np.float64(54775.600125629906), np.float64(54727.43751748324), np.float64(54691.38716140032), np.float64(54654.94532315493), np.float64(54674.93679762364), np.float64(54626.18310292244), np.float64(54576.42662151098), np.float64(54566.65630846262), np.float64(54539.12352250815), np.float64(54482.38964421272)]","[np.float64(55022.63193778038), np.float64(55044.556189419905), np.float64(54992.16941180922), np.float64(54989.35042303868), np.float64(54997.28054350616), np.float64(54997.2763615637), np.float64(54998.62901753543), np.float64(54970.08465601705), np.float64(54985.89234243854), np.float64(54976.55049516916), np.float64(54936.915466858765), np.float64(54860.81729311705), np.float64(54885.87117655693), np.float64(54939.314293624404), np.float64(54928.778133385495), np.float64(54882.91336527289), np.float64(54846.558660005176), np.float64(54842.81457129132), np.float64(54821.29671921225), np.float64(54786.14699055555), np.float64(54743.800865042365), np.float64(54716.212477693065), np.float64(54674.93679762364), np.float64(54699.80848771007), np.float64(54636.30985273574), np.float64(54612.02771666419), np.float64(54566.65630846262), np.float64(54586.2712807387), np.float64(54487.08509762403)]","[np.float64(55006.13997902394), np.float64(54972.765071223555), np.float64(54983.658085627554), np.float64(54966.75996370534), np.float64(54967.4934958573), np.float64(54940.51584988356), np.float64(54939.41913642237), np.float64(54964.6318110915), np.float64(54952.06062159862), np.float64(54892.32962251704), np.float64(54860.81729311705), np.float64(54767.56615832712), np.float64(54824.31891982437), np.float64(54850.28171864745), np.float64(54875.38764107466), np.float64(54833.20656179527), np.float64(54765.36060632021), np.float64(54759.60122887629), np.float64(54767.64579664351), np.float64(54727.42361724717), np.float64(54671.58013505762), np.float64(54645.17880316481), np.float64(54646.42223002605), np.float64(54589.46581968547), np.float64(54576.42662151098), np.float64(54543.3679819257), np.float64(54539.11788369821), np.float64(54466.49591335224), np.float64(54447.008088333285)]","[np.float64(55006.13997902394), np.float64(54986.88343504906), np.float64(54983.658085627554), np.float64(54989.33354676724), np.float64(54997.27059005738), np.float64(54940.51584988356), np.float64(54966.944630384445), np.float64(54970.05858767748), np.float64(54976.55049516916), np.float64(54897.878677639965), np.float64(54860.81729311705), np.float64(54824.988562297825), np.float64(54870.76931055069), np.float64(54924.90163534403), np.float64(54875.38764107466), np.float64(54846.545450308324), np.float64(54771.679637815956), np.float64(54816.767436885835), np.float64(54775.600125629906), np.float64(54727.43751748324), np.float64(54691.38716140032), np.float64(54654.94532315493), np.float64(54674.93679762364), np.float64(54626.18310292244), np.float64(54576.42662151098), np.float64(54566.65630846262), np.float64(54539.12352250815), np.float64(54482.38964421272), np.float64(54460.6152518034)]"
237,"[np.float64(54991.27176980257), np.float64(54958.09919394493), np.float64(55014.35093105078), np.float64(55001.83419034481), np.float64(55011.09763701439), np.float64(54939.4694077611), np.float64(54969.22681685925), np.float64(54894.98583050251), np.float64(54895.0256226039), np.float64(54891.3740212226), np.float64(54837.014791307454), np.float64(54855.8401897955), np.float64(54854.54482167959), np.float64(54824.57338516235), np.float64(54792.28460604191), np.float64(54731.769061567786), np.float64(54788.65554064036), np.float64(54728.137935733794), np.float64(54671.43818335056), np.float64(54662.96568518162), np.float64(54598.86537460327), np.float64(54542.06916822672), np.float64(54560.81317963362), np.float64(54597.37799993992), np.float64(54586.64443472862), np.float64(54633.96703032732), np.float64(54557.14560990095), np.float64(54485.88220596552), np.float64(54399.40740203142)]","[np.float64(54991.27176980257), np.float64(55033.21908933462), np.float64(55023.0164260337), np.float64(55011.09763701439), np.float64(55011.09763701439), np.float64(54987.10297808233), np.float64(54979.923275454545), np.float64(54910.34780080692), np.float64(54918.119615109084), np.float64(54891.38417853947), np.float64(54872.66671244085), np.float64(54855.8401897955), np.float64(54854.87550637782), np.float64(54824.58228074151), np.float64(54794.075664033626), np.float64(54806.35609044766), np.float64(54802.15097525131), np.float64(54740.11299383339), np.float64(54682.526966583835), np.float64(54673.119334332405), np.float64(54604.68316908596), np.float64(54611.93746370467), np.float64(54597.37799993992), np.float64(54652.63317286648), np.float64(54633.96703032732), np.float64(54718.28769247939), np.float64(54557.14560990095), np.float64(54529.7410499686), np.float64(54427.49575318999)]","[np.float64(54958.09919394493), np.float64(54928.79090958577), np.float64(54991.66342156945), np.float64(54956.85315404739), np.float64(54935.5854810528), np.float64(54928.6060845532), np.float64(54894.98033757499), np.float64(54894.98583050251), np.float64(54882.16551680701), np.float64(54814.95549416841), np.float64(54834.93684758745), np.float64(54841.33854968114), np.float64(54812.885695611854), np.float64(54772.29524209576), np.float64(54711.913683031846), np.float64(54731.75417495043), np.float64(54728.12438157579), np.float64(54659.0141859331), np.float64(54634.07970792522), np.float64(54588.29149766989), np.float64(54533.533095733546), np.float64(54522.58644358636), np.float64(54535.47006962586), np.float64(54569.375662845676), np.float64(54563.99401724218), np.float64(54557.136219693646), np.float64(54421.4838190998), np.float64(54382.53925154846), np.float64(54381.20112184551)]","[np.float64(54958.09919394493), np.float64(55014.35093105078), np.float64(55001.83419034481), np.float64(55011.09763701439), np.float64(54939.4694077611), np.float64(54969.22681685925), np.float64(54894.98583050251), np.float64(54895.0256226039), np.float64(54891.3740212226), np.float64(54837.014791307454), np.float64(54855.8401897955), np.float64(54854.54482167959), np.float64(54824.57338516235), np.float64(54792.28460604191), np.float64(54731.769061567786), np.float64(54788.65554064036), np.float64(54728.137935733794), np.float64(54671.43818335056), np.float64(54662.96568518162), np.float64(54598.86537460327), np.float64(54542.06916822672), np.float64(54560.81317963362), np.float64(54597.37799993992), np.float64(54586.64443472862), np.float64(54633.96703032732), np.float64(54557.14560990095), np.float64(54485.88220596552), np.float64(54399.40740203142), np.float64(54418.23241418839)]"
238,"[np.float64(55197.24753404856), np.float64(55117.08808430195), np.float64(55120.11073868275), np.float64(55102.10874050618), np.float64(55090.57495484829), np.float64(55049.44936734915), np.float64(55037.28792246104), np.float64(55079.658011150364), np.float64(55001.6110197568), np.float64(55013.235979549885), np.float64(55071.6563217926), np.float64(55019.98737275124), np.float64(54958.4692991209), np.float64(54935.31158388615), np.float64(54945.01519043446), np.float64(54974.22143385649), np.float64(54840.44991850615), np.float64(54953.94252906323), np.float64(54793.18321213722), np.float64(54775.3414125824), np.float64(54749.00869974375), np.float64(54743.53825163126), np.float64(54721.79399304628), np.float64(54697.69569040537), np.float64(54820.30545692921), np.float64(54784.93375577927), np.float64(54675.57385757685), np.float64(54707.15848391294), np.float64(54663.56514224291)]","[np.float64(55199.8604217292), np.float64(55129.672785746196), np.float64(55142.04275974985), np.float64(55102.119965947044), np.float64(55090.57495484829), np.float64(55074.88595707643), np.float64(55079.658011150364), np.float64(55085.92530422269), np.float64(55015.51372038473), np.float64(55071.6563217926), np.float64(55086.274207919545), np.float64(55019.98737275124), np.float64(54958.4692991209), np.float64(54998.66621094238), np.float64(54974.22143385649), np.float64(54996.59668059571), np.float64(54953.94252906323), np.float64(54956.083135158246), np.float64(54793.40917144333), np.float64(54781.81353542528), np.float64(54810.54464927835), np.float64(54743.547141719384), np.float64(54743.54992622797), np.float64(54820.30545692921), np.float64(54820.38225101222), np.float64(54813.13934174715), np.float64(54707.17185357423), np.float64(54719.96406132835), np.float64(54685.4655295059)]","[np.float64(55117.08808430195), np.float64(55096.06120641291), np.float64(55102.10874050618), np.float64(55090.57495484829), np.float64(55041.337723063465), np.float64(55037.28193243917), np.float64(55037.28792246104), np.float64(55001.6110197568), np.float64(54986.536228861434), np.float64(55013.235979549885), np.float64(55012.620442234635), np.float64(54958.4692991209), np.float64(54924.56014653761), np.float64(54932.59629849304), np.float64(54944.07421719516), np.float64(54829.8676098684), np.float64(54833.75415969387), np.float64(54758.57854765349), np.float64(54763.24266544053), np.float64(54749.00869974375), np.float64(54743.522480089014), np.float64(54669.422854660115), np.float64(54692.22698620697), np.float64(54665.41187588967), np.float64(54776.38796276378), np.float64(54675.57385757685), np.float64(54673.813876035245), np.float64(54643.041941101445), np.float64(54610.59625278927)]","[np.float64(55117.08808430195), np.float64(55120.11073868275), np.float64(55102.10874050618), np.float64(55090.57495484829), np.float64(55049.44936734915), np.float64(55037.28792246104), np.float64(55079.658011150364), np.float64(55001.6110197568), np.float64(55013.235979549885), np.float64(55071.6563217926), np.float64(55019.98737275124), np.float64(54958.4692991209), np.float64(54935.31158388615), np.float64(54945.01519043446), np.float64(54974.22143385649), np.float64(54840.44991850615), np.float64(54953.94252906323), np.float64(54793.18321213722), np.float64(54775.3414125824), np.float64(54749.00869974375), np.float64(54743.53825163126), np.float64(54721.79399304628), np.float64(54697.69569040537), np.float64(54820.30545692921), np.float64(54784.93375577927), np.float64(54675.57385757685), np.float64(54707.15848391294), np.float64(54663.56514224291), np.float64(54641.88939303637)]"
239,"[np.float64(55051.70515453339), np.float64(55028.982705650335), np.float64(55074.66687113285), np.float64(55013.130253610616), np.float64(55069.60722173691), np.float64(54860.975817637445), np.float64(55055.70767331362), np.float64(54897.41894365311), np.float64(55030.61624223948), np.float64(54867.49412441969), np.float64(54995.17538782597), np.float64(54878.89346686125), np.float64(54886.07304367781), np.float64(54860.47307212353), np.float64(54757.77841529131), np.float64(54888.185888361935), np.float64(54825.95065546751), np.float64(54824.627729067804), np.float64(54730.038298323154), np.float64(54874.88759987831), np.float64(54653.621237761974), np.float64(54564.33471621752), np.float64(54621.16530606031), np.float64(54673.81914180517), np.float64(54655.41780606747), np.float64(54717.4936130023), np.float64(54483.04357395649), np.float64(54514.12777276516), np.float64(54386.35288846016)]","[np.float64(55076.82031294262), np.float64(55077.37969369457), np.float64(55074.66687113285), np.float64(55069.60722173691), np.float64(55074.57850731771), np.float64(55055.71336157559), np.float64(55055.70767331362), np.float64(55034.158211778056), np.float64(55030.61624223948), np.float64(55030.06832338851), np.float64(54995.19186847176), np.float64(54886.07304367781), np.float64(54886.07304367781), np.float64(54864.506218662085), np.float64(54888.185888361935), np.float64(54930.74999828669), np.float64(54825.96241429964), np.float64(54846.91759371373), np.float64(54878.05164407188), np.float64(54874.88759987831), np.float64(54677.65824521126), np.float64(54622.256074994104), np.float64(54673.83357874191), np.float64(54689.43050052974), np.float64(54722.74027612799), np.float64(54731.29941471031), np.float64(54514.12777276516), np.float64(54518.31986651336), np.float64(54412.31229655668)]","[np.float64(55026.9389725509), np.float64(55023.85557227156), np.float64(55013.130253610616), np.float64(55006.08754622254), np.float64(54849.010752458984), np.float64(54860.975817637445), np.float64(54897.41894365311), np.float64(54884.021447305), np.float64(54852.05358799184), np.float64(54867.49412441969), np.float64(54804.39223771714), np.float64(54878.89346686125), np.float64(54860.47307212353), np.float64(54751.3745618773), np.float64(54750.85251160201), np.float64(54807.09861959128), np.float64(54813.99665052239), np.float64(54730.038298323154), np.float64(54695.91496813036), np.float64(54653.621237761974), np.float64(54542.35748180084), np.float64(54564.3263184472), np.float64(54584.00519553742), np.float64(54655.41780606747), np.float64(54579.80402154999), np.float64(54483.04357395649), np.float64(54444.827921357966), np.float64(54386.35288846016), np.float64(54334.30943832546)]","[np.float64(55028.982705650335), np.float64(55074.66687113285), np.float64(55013.130253610616), np.float64(55069.60722173691), np.float64(54860.975817637445), np.float64(55055.70767331362), np.float64(54897.41894365311), np.float64(55030.61624223948), np.float64(54867.49412441969), np.float64(54995.17538782597), np.float64(54878.89346686125), np.float64(54886.07304367781), np.float64(54860.47307212353), np.float64(54757.77841529131), np.float64(54888.185888361935), np.float64(54825.95065546751), np.float64(54824.627729067804), np.float64(54730.038298323154), np.float64(54874.88759987831), np.float64(54653.621237761974), np.float64(54564.33471621752), np.float64(54621.16530606031), np.float64(54673.81914180517), np.float64(54655.41780606747), np.float64(54717.4936130023), np.float64(54483.04357395649), np.float64(54514.12777276516), np.float64(54386.35288846016), np.float64(54373.77227434874)]"
240,"[np.float64(55079.796961562635), np.float64(55062.73155870438), np.float64(55076.76876976967), np.float64(55064.01340523243), np.float64(55002.51902657509), np.float64(54971.64563575983), np.float64(54994.14684571028), np.float64(54928.100714251996), np.float64(54951.78718796015), np.float64(54965.05894837618), np.float64(54908.26943840504), np.float64(54873.7080023098), np.float64(54893.81743653536), np.float64(54907.703334593774), np.float64(54862.88892915249), np.float64(54855.511937153344), np.float64(54797.555449762345), np.float64(54801.969926252365), np.float64(54725.29878861666), np.float64(54715.97546062947), np.float64(54749.44525386572), np.float64(54676.88970124006), np.float64(54739.64017102003), np.float64(54658.00287611008), np.float64(54727.13089938164), np.float64(54663.387816276554), np.float64(54611.632715404034), np.float64(54559.911740443706), np.float64(54521.909639737605)]","[np.float64(55079.796961562635), np.float64(55081.944666031464), np.float64(55076.76876976967), np.float64(55096.6204444698), np.float64(55002.51902657509), np.float64(55001.42649791216), np.float64(55007.39764884123), np.float64(54951.78718796015), np.float64(54985.83256094524), np.float64(54965.05894837618), np.float64(54940.111597947114), np.float64(54893.81743653536), np.float64(54948.532989453146), np.float64(54907.703334593774), np.float64(54881.11773236324), np.float64(54855.519657349105), np.float64(54865.47958278423), np.float64(54801.969926252365), np.float64(54730.07016226267), np.float64(54752.66670166669), np.float64(54768.73622606375), np.float64(54763.65001830192), np.float64(54746.381460391014), np.float64(54759.42737837458), np.float64(54727.13089938164), np.float64(54663.398804717035), np.float64(54611.65695159029), np.float64(54572.218954740005), np.float64(54528.10725456312)]","[np.float64(55039.66364845878), np.float64(55048.04334565354), np.float64(55064.01340523243), np.float64(54988.02931812984), np.float64(54971.636512237004), np.float64(54928.2754698868), np.float64(54926.30133154492), np.float64(54924.22442223322), np.float64(54948.54135304038), np.float64(54896.13707966859), np.float64(54873.6999710346), np.float64(54860.516864619705), np.float64(54882.40074557729), np.float64(54835.6167738796), np.float64(54847.9201185562), np.float64(54794.944012299326), np.float64(54797.4654301967), np.float64(54723.99606828419), np.float64(54706.97523937972), np.float64(54685.124917578185), np.float64(54672.792340411535), np.float64(54658.474006702556), np.float64(54637.33225268198), np.float64(54645.58903254952), np.float64(54650.050333738494), np.float64(54611.62084568067), np.float64(54518.111228823574), np.float64(54521.909639737605), np.float64(54453.399663504824)]","[np.float64(55062.73155870438), np.float64(55076.76876976967), np.float64(55064.01340523243), np.float64(55002.51902657509), np.float64(54971.64563575983), np.float64(54994.14684571028), np.float64(54928.100714251996), np.float64(54951.78718796015), np.float64(54965.05894837618), np.float64(54908.26943840504), np.float64(54873.7080023098), np.float64(54893.81743653536), np.float64(54907.703334593774), np.float64(54862.88892915249), np.float64(54855.511937153344), np.float64(54797.555449762345), np.float64(54801.969926252365), np.float64(54725.29878861666), np.float64(54715.97546062947), np.float64(54749.44525386572), np.float64(54676.88970124006), np.float64(54739.64017102003), np.float64(54658.00287611008), np.float64(54727.13089938164), np.float64(54663.387816276554), np.float64(54611.632715404034), np.float64(54559.911740443706), np.float64(54521.909639737605), np.float64(54483.236224389075)]"
241,"[np.float64(55138.59745358944), np.float64(55131.77716467858), np.float64(55103.8152936697), np.float64(55073.38966057778), np.float64(55050.96185353279), np.float64(55059.15542066097), np.float64(55054.5717311573), np.float64(55024.71310331583), np.float64(55011.095190250875), np.float64(54991.92698731661), np.float64(54976.74636502743), np.float64(54938.60376858473), np.float64(54884.764411528115), np.float64(54862.94584859848), np.float64(54858.74720240593), np.float64(54828.46116361141), np.float64(54804.82632949114), np.float64(54843.91337665081), np.float64(54744.38766490221), np.float64(54691.62887588024), np.float64(54676.22083336115), np.float64(54704.87153268814), np.float64(54663.14017805338), np.float64(54628.73752403259), np.float64(54655.93858036518), np.float64(54641.530105130674), np.float64(54587.449419925215), np.float64(54554.18953324318), np.float64(54507.84165096283)]","[np.float64(55138.59745358944), np.float64(55131.77716467858), np.float64(55128.239888347474), np.float64(55073.38966057778), np.float64(55070.88127604453), np.float64(55059.1638940136), np.float64(55066.02447895858), np.float64(55024.71310331583), np.float64(55051.80325072777), np.float64(54995.50016393493), np.float64(54999.86128670085), np.float64(54938.60376858473), np.float64(54899.45064848643), np.float64(54862.96236614495), np.float64(54913.94888615222), np.float64(54828.46116361141), np.float64(54869.2757920364), np.float64(54847.17466038493), np.float64(54761.67185611813), np.float64(54740.46888733315), np.float64(54704.87153268814), np.float64(54708.29340226717), np.float64(54683.85180613467), np.float64(54693.19158229439), np.float64(54655.93858036518), np.float64(54657.60937803366), np.float64(54662.712392409), np.float64(54554.18953324318), np.float64(54536.83036939882)]","[np.float64(55131.76355609975), np.float64(55088.80644159628), np.float64(55073.36290834722), np.float64(55027.5218302514), np.float64(55032.59545450835), np.float64(55054.5717311573), np.float64(54974.7905845643), np.float64(55005.92800903855), np.float64(54959.70253460523), np.float64(54976.74636502743), np.float64(54923.68262314325), np.float64(54877.40339605007), np.float64(54824.881453590366), np.float64(54836.843286123345), np.float64(54823.71396889455), np.float64(54777.84848178305), np.float64(54804.82632949114), np.float64(54687.77343776351), np.float64(54684.85846466366), np.float64(54635.28184238651), np.float64(54665.999039929826), np.float64(54546.048024407704), np.float64(54621.820817858934), np.float64(54600.79637668783), np.float64(54641.52163359055), np.float64(54558.13549557488), np.float64(54551.88321428797), np.float64(54501.01348492556), np.float64(54431.183655184876)]","[np.float64(55131.77716467858), np.float64(55103.8152936697), np.float64(55073.38966057778), np.float64(55050.96185353279), np.float64(55059.15542066097), np.float64(55054.5717311573), np.float64(55024.71310331583), np.float64(55011.095190250875), np.float64(54991.92698731661), np.float64(54976.74636502743), np.float64(54938.60376858473), np.float64(54884.764411528115), np.float64(54862.94584859848), np.float64(54858.74720240593), np.float64(54828.46116361141), np.float64(54804.82632949114), np.float64(54843.91337665081), np.float64(54744.38766490221), np.float64(54691.62887588024), np.float64(54676.22083336115), np.float64(54704.87153268814), np.float64(54663.14017805338), np.float64(54628.73752403259), np.float64(54655.93858036518), np.float64(54641.530105130674), np.float64(54587.449419925215), np.float64(54554.18953324318), np.float64(54507.84165096283), np.float64(54513.95675687313)]"
242,"[np.float64(55043.214498803616), np.float64(55073.01955540181), np.float64(55020.08176631213), np.float64(54989.05384306431), np.float64(54965.45107442379), np.float64(54912.42610328674), np.float64(54909.48895685196), np.float64(54893.578040041924), np.float64(54854.990647747516), np.float64(54869.5712978673), np.float64(54937.02380323887), np.float64(54887.266291611195), np.float64(54899.207270228864), np.float64(54882.04296661377), np.float64(54872.87429983616), np.float64(54845.990678875445), np.float64(54765.23151451349), np.float64(54759.25291225195), np.float64(54739.539209830764), np.float64(54778.51950083494), np.float64(54775.757233603), np.float64(54711.374643781186), np.float64(54727.82191690922), np.float64(54683.545026779175), np.float64(54670.75463489056), np.float64(54682.6442314744), np.float64(54627.661463193894), np.float64(54552.75354061365), np.float64(54542.266712186334)]","[np.float64(55078.12701500633), np.float64(55073.01955540181), np.float64(55023.84988574169), np.float64(54989.05384306431), np.float64(54965.499085366566), np.float64(54956.00300255169), np.float64(54909.48895685196), np.float64(54903.776412345076), np.float64(54885.56272497914), np.float64(54937.02380323887), np.float64(54940.93919448981), np.float64(54899.207270228864), np.float64(54922.37965500932), np.float64(54882.04296661377), np.float64(54895.97409223162), np.float64(54845.990678875445), np.float64(54765.24138945736), np.float64(54759.25291225195), np.float64(54810.82945007549), np.float64(54788.72119845092), np.float64(54798.03089463007), np.float64(54727.82191690922), np.float64(54790.079170759345), np.float64(54683.55672337494), np.float64(54710.8221151286), np.float64(54725.0498411374), np.float64(54627.67441751609), np.float64(54552.76251560167), np.float64(54555.967766851085)]","[np.float64(55043.214498803616), np.float64(55003.33648626242), np.float64(54989.05384306431), np.float64(54965.45107442379), np.float64(54899.43095092612), np.float64(54907.41551776104), np.float64(54893.578040041924), np.float64(54854.990647747516), np.float64(54841.65366004702), np.float64(54846.8079634682), np.float64(54887.266291611195), np.float64(54863.06314335007), np.float64(54872.72099473218), np.float64(54872.858339541155), np.float64(54822.04263659101), np.float64(54765.22584767018), np.float64(54723.296081848304), np.float64(54739.539209830764), np.float64(54727.8747748432), np.float64(54764.29255363839), np.float64(54711.36576125255), np.float64(54709.043565591666), np.float64(54681.79758895121), np.float64(54652.51118073409), np.float64(54663.46041595602), np.float64(54627.661463193894), np.float64(54506.54051231464), np.float64(54518.17339666986), np.float64(54530.26122064336)]","[np.float64(55073.01955540181), np.float64(55020.08176631213), np.float64(54989.05384306431), np.float64(54965.45107442379), np.float64(54912.42610328674), np.float64(54909.48895685196), np.float64(54893.578040041924), np.float64(54854.990647747516), np.float64(54869.5712978673), np.float64(54937.02380323887), np.float64(54887.266291611195), np.float64(54899.207270228864), np.float64(54882.04296661377), np.float64(54872.87429983616), np.float64(54845.990678875445), np.float64(54765.23151451349), np.float64(54759.25291225195), np.float64(54739.539209830764), np.float64(54778.51950083494), np.float64(54775.757233603), np.float64(54711.374643781186), np.float64(54727.82191690922), np.float64(54683.545026779175), np.float64(54670.75463489056), np.float64(54682.6442314744), np.float64(54627.661463193894), np.float64(54552.75354061365), np.float64(54542.266712186334), np.float64(54545.06864274263)]"
243,"[np.float64(55062.958978934286), np.float64(55078.46089990616), np.float64(55054.97261404276), np.float64(55038.7141280365), np.float64(55069.89181896687), np.float64(54982.06511380196), np.float64(55024.322136261464), np.float64(54956.13611694336), np.float64(54950.25602910757), np.float64(54911.73315410376), np.float64(54918.22312994004), np.float64(54935.158725554946), np.float64(54876.001649940015), np.float64(54837.95306072712), np.float64(54782.67037075043), np.float64(54788.83248027563), np.float64(54828.02744258404), np.float64(54783.46415234566), np.float64(54735.98586532116), np.float64(54747.884347519874), np.float64(54598.00978003502), np.float64(54547.236475217345), np.float64(54588.51183039904), np.float64(54597.4766431427), np.float64(54556.458842015265), np.float64(54605.92557511568), np.float64(54510.21063315392), np.float64(54440.619914023875), np.float64(54400.893746478556)]","[np.float64(55095.146522114395), np.float64(55080.75363270896), np.float64(55079.99299307412), np.float64(55071.72130184857), np.float64(55113.938619787164), np.float64(55024.322136261464), np.float64(55043.19376594305), np.float64(54978.204033838134), np.float64(54995.30607303144), np.float64(54929.63523826944), np.float64(54940.2609010359), np.float64(54948.708143871794), np.float64(54884.43615835088), np.float64(54843.20617193467), np.float64(54788.83248027563), np.float64(54831.07509000382), np.float64(54837.204509029725), np.float64(54795.61051796155), np.float64(54764.24303085463), np.float64(54759.73941326471), np.float64(54632.21878517497), np.float64(54687.01945892466), np.float64(54599.71478423663), np.float64(54616.285523224076), np.float64(54615.73059942502), np.float64(54640.69069261306), np.float64(54510.21063315392), np.float64(54468.66514321895), np.float64(54426.77961414592)]","[np.float64(55062.958978934286), np.float64(55017.55756042123), np.float64(55036.720906881616), np.float64(55008.67671514117), np.float64(54967.51310600051), np.float64(54954.97181097626), np.float64(54956.12203733445), np.float64(54950.246134284134), np.float64(54876.310604736536), np.float64(54911.71685333647), np.float64(54873.93670548334), np.float64(54875.990078976036), np.float64(54835.68888187231), np.float64(54750.30273654201), np.float64(54779.641871543485), np.float64(54731.702002880374), np.float64(54778.06932595703), np.float64(54706.96172167361), np.float64(54735.74586473354), np.float64(54553.61689354612), np.float64(54547.236475217345), np.float64(54530.65131858705), np.float64(54584.14053886556), np.float64(54502.53549913892), np.float64(54545.46541469505), np.float64(54505.772207046626), np.float64(54285.38081841028), np.float64(54396.07530729709), np.float64(54374.63730809099)]","[np.float64(55078.46089990616), np.float64(55054.97261404276), np.float64(55038.7141280365), np.float64(55069.89181896687), np.float64(54982.06511380196), np.float64(55024.322136261464), np.float64(54956.13611694336), np.float64(54950.25602910757), np.float64(54911.73315410376), np.float64(54918.22312994004), np.float64(54935.158725554946), np.float64(54876.001649940015), np.float64(54837.95306072712), np.float64(54782.67037075043), np.float64(54788.83248027563), np.float64(54828.02744258404), np.float64(54783.46415234566), np.float64(54735.98586532116), np.float64(54747.884347519874), np.float64(54598.00978003502), np.float64(54547.236475217345), np.float64(54588.51183039904), np.float64(54597.4766431427), np.float64(54556.458842015265), np.float64(54605.92557511568), np.float64(54510.21063315392), np.float64(54440.619914023875), np.float64(54400.893746478556), np.float64(54393.08483633042)]"
244,"[np.float64(55092.30211233616), np.float64(55052.52546419621), np.float64(55025.96121026278), np.float64(55048.569949030876), np.float64(55062.2579167986), np.float64(55021.580988461974), np.float64(54995.779094529156), np.float64(54915.64089299202), np.float64(54901.77843235254), np.float64(54867.6731244874), np.float64(54883.57464057446), np.float64(54886.52968701601), np.float64(54793.57636840105), np.float64(54817.82469627857), np.float64(54782.34456487179), np.float64(54819.07293200255), np.float64(54750.84776446819), np.float64(54725.238392190935), np.float64(54711.47341576099), np.float64(54716.704853711126), np.float64(54683.864393806456), np.float64(54574.00806016445), np.float64(54630.88745650053), np.float64(54540.23564091444), np.float64(54622.70560808182), np.float64(54524.68439834118), np.float64(54465.76079547644), np.float64(54355.3646285367), np.float64(54363.50282154322)]","[np.float64(55095.595515461675), np.float64(55067.594458958156), np.float64(55049.343053358316), np.float64(55066.71992401489), np.float64(55073.208375459), np.float64(55021.580988461974), np.float64(55004.242735163374), np.float64(54915.65552263097), np.float64(54912.75448976692), np.float64(54884.21403899165), np.float64(54886.53684602837), np.float64(54886.543712197956), np.float64(54828.96976804292), np.float64(54822.13687389274), np.float64(54819.08898921923), np.float64(54825.07156554589), np.float64(54763.14722757758), np.float64(54739.77511054058), np.float64(54716.71413695878), np.float64(54722.302302249), np.float64(54687.14160943427), np.float64(54674.51523404645), np.float64(54630.88745650053), np.float64(54660.63171220958), np.float64(54622.70560808182), np.float64(54531.29417728035), np.float64(54465.76079547644), np.float64(54422.83576995253), np.float64(54375.02184100384)]","[np.float64(55050.81237840703), np.float64(55001.48915105372), np.float64(55025.96121026278), np.float64(55015.80082689091), np.float64(55021.57546010179), np.float64(54984.95284117858), np.float64(54904.9456970932), np.float64(54899.77048915906), np.float64(54857.61920553222), np.float64(54867.665127008826), np.float64(54867.330285596625), np.float64(54788.01033647447), np.float64(54793.57636840105), np.float64(54767.90341266211), np.float64(54782.34456487179), np.float64(54694.52122433221), np.float64(54709.8012153127), np.float64(54702.94361487923), np.float64(54704.899650537365), np.float64(54667.34200566392), np.float64(54573.28974932137), np.float64(54559.432414518305), np.float64(54536.74290913173), np.float64(54519.89872974683), np.float64(54498.25674728537), np.float64(54464.55544222405), np.float64(54293.06316718152), np.float64(54355.35570202645), np.float64(54335.67897325541)]","[np.float64(55052.52546419621), np.float64(55025.96121026278), np.float64(55048.569949030876), np.float64(55062.2579167986), np.float64(55021.580988461974), np.float64(54995.779094529156), np.float64(54915.64089299202), np.float64(54901.77843235254), np.float64(54867.6731244874), np.float64(54883.57464057446), np.float64(54886.52968701601), np.float64(54793.57636840105), np.float64(54817.82469627857), np.float64(54782.34456487179), np.float64(54819.07293200255), np.float64(54750.84776446819), np.float64(54725.238392190935), np.float64(54711.47341576099), np.float64(54716.704853711126), np.float64(54683.864393806456), np.float64(54574.00806016445), np.float64(54630.88745650053), np.float64(54540.23564091444), np.float64(54622.70560808182), np.float64(54524.68439834118), np.float64(54465.76079547644), np.float64(54355.3646285367), np.float64(54363.50282154322), np.float64(54343.131068513394)]"
245,"[np.float64(54985.243073277474), np.float64(54987.644249725345), np.float64(54968.20587258816), np.float64(54974.94528952599), np.float64(54944.497506785396), np.float64(54966.604916586875), np.float64(54881.15813966036), np.float64(54901.522294845585), np.float64(54887.899101922514), np.float64(54918.08894427776), np.float64(54839.635146255496), np.float64(54840.113939242365), np.float64(54810.83042960405), np.float64(54864.10999292374), np.float64(54852.856168522834), np.float64(54850.97847069025), np.float64(54757.11057762861), np.float64(54756.96570347309), np.float64(54753.26297761202), np.float64(54757.45840437889), np.float64(54682.805717866424), np.float64(54693.018508780006), np.float64(54640.91699770451), np.float64(54593.945577058796), np.float64(54658.75570661068), np.float64(54581.35105502844), np.float64(54559.42251651764), np.float64(54518.10015772104), np.float64(54512.54703475714)]","[np.float64(54989.09853907814), np.float64(55014.423399260195), np.float64(54978.16499207354), np.float64(54974.95076399457), np.float64(54969.205713525655), np.float64(54971.88711748162), np.float64(54901.53120149136), np.float64(54917.465863239566), np.float64(54918.08894427776), np.float64(54920.788700757024), np.float64(54849.87293848583), np.float64(54846.9889074091), np.float64(54864.126868941814), np.float64(54904.731532946484), np.float64(54852.856168522834), np.float64(54871.44265392819), np.float64(54763.18407965713), np.float64(54777.717619852214), np.float64(54766.48414178467), np.float64(54765.8067531779), np.float64(54703.19185111202), np.float64(54694.38826918882), np.float64(54662.93409140714), np.float64(54689.44361766864), np.float64(54658.76461634594), np.float64(54590.64797367837), np.float64(54572.10974699606), np.float64(54527.458323808896), np.float64(54525.19065199823)]","[np.float64(54985.243073277474), np.float64(54968.19720043622), np.float64(54949.58067958368), np.float64(54944.497506785396), np.float64(54933.58739917021), np.float64(54881.15813966036), np.float64(54878.444102874375), np.float64(54887.890652254515), np.float64(54884.51041462519), np.float64(54779.187238587656), np.float64(54839.635146255496), np.float64(54796.504745522565), np.float64(54810.83042960405), np.float64(54845.33921648601), np.float64(54850.972934856705), np.float64(54733.12470392947), np.float64(54756.81220265182), np.float64(54740.87352793791), np.float64(54753.26297761202), np.float64(54664.50366462364), np.float64(54677.61840005394), np.float64(54640.91699770451), np.float64(54593.945577058796), np.float64(54571.4077901805), np.float64(54581.341938859114), np.float64(54542.79238849272), np.float64(54518.09223995034), np.float64(54479.116001290204), np.float64(54487.16416225926)]","[np.float64(54987.644249725345), np.float64(54968.20587258816), np.float64(54974.94528952599), np.float64(54944.497506785396), np.float64(54966.604916586875), np.float64(54881.15813966036), np.float64(54901.522294845585), np.float64(54887.899101922514), np.float64(54918.08894427776), np.float64(54839.635146255496), np.float64(54840.113939242365), np.float64(54810.83042960405), np.float64(54864.10999292374), np.float64(54852.856168522834), np.float64(54850.97847069025), np.float64(54757.11057762861), np.float64(54756.96570347309), np.float64(54753.26297761202), np.float64(54757.45840437889), np.float64(54682.805717866424), np.float64(54693.018508780006), np.float64(54640.91699770451), np.float64(54593.945577058796), np.float64(54658.75570661068), np.float64(54581.35105502844), np.float64(54559.42251651764), np.float64(54518.10015772104), np.float64(54512.54703475714), np.float64(54487.16958990574)]"
246,"[np.float64(55145.52578642607), np.float64(55119.331380114556), np.float64(55125.016370754245), np.float64(55079.04503250122), np.float64(55063.822042570115), np.float64(55050.45962312698), np.float64(55042.34795818806), np.float64(54977.63557039976), np.float64(54987.55912811041), np.float64(54985.00547966242), np.float64(54970.62945623875), np.float64(54923.39648945093), np.float64(54901.14794002772), np.float64(54889.916909160616), np.float64(54890.61230510712), np.float64(54864.115530335905), np.float64(54856.842332620625), np.float64(54810.78561519861), np.float64(54758.16461759567), np.float64(54716.14351464987), np.float64(54718.4244133544), np.float64(54699.310296771524), np.float64(54677.0896919632), np.float64(54705.963561878205), np.float64(54687.51290453911), np.float64(54637.74418931008), np.float64(54693.24399735451), np.float64(54645.75862759352), np.float64(54531.85586220503)]","[np.float64(55145.53144723455), np.float64(55125.02207581636), np.float64(55172.9110920717), np.float64(55085.21415151403), np.float64(55101.299565162226), np.float64(55068.333675104004), np.float64(55045.65078728247), np.float64(55005.99925245998), np.float64(54997.40974757184), np.float64(55099.338811692534), np.float64(54970.637972776116), np.float64(55018.92263748208), np.float64(54901.22930980273), np.float64(54904.98620997136), np.float64(54928.60635500512), np.float64(54885.20818935413), np.float64(54867.76793335889), np.float64(54833.96695140852), np.float64(54785.83785921435), np.float64(54736.813736202945), np.float64(54734.24414384021), np.float64(54716.55432580253), np.float64(54727.918494206344), np.float64(54705.963561878205), np.float64(54792.82948901891), np.float64(54693.24399735451), np.float64(54757.39296145297), np.float64(54646.75726740382), np.float64(54569.28470284132)]","[np.float64(55115.56628347718), np.float64(55114.636400484036), np.float64(55075.443673144124), np.float64(55049.160191382), np.float64(55040.51771844576), np.float64(55035.23653251667), np.float64(54956.127760979645), np.float64(54975.50340270895), np.float64(54976.23713435653), np.float64(54931.81423270502), np.float64(54906.78661618346), np.float64(54890.3196198731), np.float64(54869.225921967125), np.float64(54875.53464284653), np.float64(54810.13036569192), np.float64(54845.60571004731), np.float64(54790.81993330445), np.float64(54713.418894325325), np.float64(54708.632535081786), np.float64(54677.23304008442), np.float64(54692.93049139214), np.float64(54504.77070547598), np.float64(54666.42092909563), np.float64(54653.32845795279), np.float64(54619.89375568584), np.float64(54611.877956321645), np.float64(54605.646753429006), np.float64(54512.034258525106), np.float64(54450.15145190275)]","[np.float64(55119.331380114556), np.float64(55125.016370754245), np.float64(55079.04503250122), np.float64(55063.822042570115), np.float64(55050.45962312698), np.float64(55042.34795818806), np.float64(54977.63557039976), np.float64(54987.55912811041), np.float64(54985.00547966242), np.float64(54970.62945623875), np.float64(54923.39648945093), np.float64(54901.14794002772), np.float64(54889.916909160616), np.float64(54890.61230510712), np.float64(54864.115530335905), np.float64(54856.842332620625), np.float64(54810.78561519861), np.float64(54758.16461759567), np.float64(54716.14351464987), np.float64(54718.4244133544), np.float64(54699.310296771524), np.float64(54677.0896919632), np.float64(54705.963561878205), np.float64(54687.51290453911), np.float64(54637.74418931008), np.float64(54693.24399735451), np.float64(54645.75862759352), np.float64(54531.85586220503), np.float64(54485.797599458696)]"
247,"[np.float64(55110.178424134254), np.float64(55094.582495932584), np.float64(55059.654045310024), np.float64(55066.07744342327), np.float64(54990.08225640297), np.float64(55011.46207600117), np.float64(55039.34706712484), np.float64(54959.33815772295), np.float64(54952.01821394682), np.float64(54962.92382526636), np.float64(54876.52358323098), np.float64(54922.57463446379), np.float64(54851.66562490702), np.float64(54843.75292047501), np.float64(54848.42932943821), np.float64(54838.36913930178), np.float64(54770.752958328725), np.float64(54727.928544287686), np.float64(54659.26682263136), np.float64(54675.025653772354), np.float64(54633.55854959726), np.float64(54651.35604985476), np.float64(54629.20408320188), np.float64(54515.26474513769), np.float64(54627.390516328815), np.float64(54530.463524987696), np.float64(54515.16030696869), np.float64(54397.11813282013), np.float64(54373.330440368656)]","[np.float64(55110.178424134254), np.float64(55094.582495932584), np.float64(55066.07744342327), np.float64(55098.43358173605), np.float64(55019.225512132114), np.float64(55039.34706712484), np.float64(55039.34706712484), np.float64(54964.49105217448), np.float64(54973.23440414093), np.float64(54962.92382526636), np.float64(54922.57463446379), np.float64(54922.57463446379), np.float64(54962.40153236056), np.float64(54848.42932943821), np.float64(54853.886420699084), np.float64(54846.758990664006), np.float64(54802.520140682704), np.float64(54736.735625535555), np.float64(54679.748216132175), np.float64(54683.229341817656), np.float64(54651.37428844989), np.float64(54750.27741513752), np.float64(54629.213074516316), np.float64(54657.03406053863), np.float64(54643.286087080494), np.float64(54530.463524987696), np.float64(54532.88854338377), np.float64(54408.66918218515), np.float64(54376.81980683858)]","[np.float64(55084.38450197253), np.float64(55052.782751293795), np.float64(55059.654045310024), np.float64(54983.62928077273), np.float64(54990.08225640297), np.float64(54951.791265350985), np.float64(54941.56071332554), np.float64(54913.19952177571), np.float64(54941.841212457206), np.float64(54874.51647003182), np.float64(54876.52358323098), np.float64(54839.182882453635), np.float64(54843.75292047501), np.float64(54801.49801685514), np.float64(54838.3606311206), np.float64(54736.52597615096), np.float64(54727.79227972094), np.float64(54653.0177155524), np.float64(54654.916887274645), np.float64(54604.34253152186), np.float64(54633.5423678408), np.float64(54615.483543927476), np.float64(54504.69358218311), np.float64(54459.23593482026), np.float64(54530.44774305119), np.float64(54511.21144800966), np.float64(54355.58905806863), np.float64(54373.330440368656), np.float64(54245.506754435235)]","[np.float64(55094.582495932584), np.float64(55059.654045310024), np.float64(55066.07744342327), np.float64(54990.08225640297), np.float64(55011.46207600117), np.float64(55039.34706712484), np.float64(54959.33815772295), np.float64(54952.01821394682), np.float64(54962.92382526636), np.float64(54876.52358323098), np.float64(54922.57463446379), np.float64(54851.66562490702), np.float64(54843.75292047501), np.float64(54848.42932943821), np.float64(54838.36913930178), np.float64(54770.752958328725), np.float64(54727.928544287686), np.float64(54659.26682263136), np.float64(54675.025653772354), np.float64(54633.55854959726), np.float64(54651.35604985476), np.float64(54629.20408320188), np.float64(54515.26474513769), np.float64(54627.390516328815), np.float64(54530.463524987696), np.float64(54515.16030696869), np.float64(54397.11813282013), np.float64(54373.330440368656), np.float64(54290.089613916876)]"
248,"[np.float64(55027.969745554925), np.float64(55025.48074317456), np.float64(55006.769054801465), np.float64(54989.72193828106), np.float64(54982.00330082893), np.float64(54994.64405381203), np.float64(54924.58304097891), np.float64(54900.085400776865), np.float64(54906.25188872099), np.float64(54915.74752037048), np.float64(54846.31944662571), np.float64(54856.500687167645), np.float64(54861.05565939427), np.float64(54852.19322438717), np.float64(54842.99635544062), np.float64(54830.87676308632), np.float64(54807.37122110128), np.float64(54749.322143027784), np.float64(54794.851003415584), np.float64(54766.87174750805), np.float64(54746.70526505947), np.float64(54717.70210300922), np.float64(54678.583119146824), np.float64(54659.47866084099), np.float64(54643.78924051762), np.float64(54619.325468673705), np.float64(54606.31512562275), np.float64(54594.638268687726), np.float64(54601.3850259161)]","[np.float64(55027.98471323137), np.float64(55025.48074317456), np.float64(55031.42862895291), np.float64(54989.72193828106), np.float64(54997.007348398896), np.float64(55010.08911237434), np.float64(54927.702435567466), np.float64(54906.26528330491), np.float64(54937.277735030206), np.float64(54922.36061050743), np.float64(54870.511702512566), np.float64(54861.05982900757), np.float64(54873.665758672476), np.float64(54868.704244547334), np.float64(54847.846279466095), np.float64(54849.3779321459), np.float64(54810.09542178305), np.float64(54825.46834858775), np.float64(54794.85972820424), np.float64(54771.38283301759), np.float64(54755.13936223478), np.float64(54723.404615099025), np.float64(54725.05989115617), np.float64(54664.85460950374), np.float64(54643.78924051762), np.float64(54625.402966395755), np.float64(54611.10464066216), np.float64(54601.41983151773), np.float64(54613.69265511401)]","[np.float64(55025.48074317456), np.float64(54994.43399348271), np.float64(54989.72193828106), np.float64(54977.135535553214), np.float64(54963.91202187462), np.float64(54923.96011464716), np.float64(54899.508648285926), np.float64(54900.07989019856), np.float64(54883.62014408693), np.float64(54844.29063384725), np.float64(54842.49577462675), np.float64(54847.0942284744), np.float64(54852.19322438717), np.float64(54820.10488708189), np.float64(54825.41127248914), np.float64(54783.2535878241), np.float64(54743.04673091362), np.float64(54728.719651028645), np.float64(54766.863072270055), np.float64(54719.32372133924), np.float64(54717.68920973436), np.float64(54659.87471249249), np.float64(54654.87778665415), np.float64(54613.339593845434), np.float64(54619.325468673705), np.float64(54574.456430621336), np.float64(54594.638268687726), np.float64(54581.69371011112), np.float64(54591.337337854435)]","[np.float64(55025.48074317456), np.float64(55006.769054801465), np.float64(54989.72193828106), np.float64(54982.00330082893), np.float64(54994.64405381203), np.float64(54924.58304097891), np.float64(54900.085400776865), np.float64(54906.25188872099), np.float64(54915.74752037048), np.float64(54846.31944662571), np.float64(54856.500687167645), np.float64(54861.05565939427), np.float64(54852.19322438717), np.float64(54842.99635544062), np.float64(54830.87676308632), np.float64(54807.37122110128), np.float64(54749.322143027784), np.float64(54794.851003415584), np.float64(54766.87174750805), np.float64(54746.70526505947), np.float64(54717.70210300922), np.float64(54678.583119146824), np.float64(54659.47866084099), np.float64(54643.78924051762), np.float64(54619.325468673705), np.float64(54606.31512562275), np.float64(54594.638268687726), np.float64(54601.3850259161), np.float64(54597.747461230756)]"
249,"[np.float64(55096.78870396138), np.float64(55130.28695692062), np.float64(55063.29405675888), np.float64(55059.36584232331), np.float64(55023.43615031481), np.float64(54979.38977106333), np.float64(55014.25460583449), np.float64(55001.20305413485), np.float64(54964.37617257833), np.float64(54948.52230399132), np.float64(54947.98478868008), np.float64(54954.49279330015), np.float64(54911.677522428035), np.float64(54864.60655714035), np.float64(54884.09438465595), np.float64(54818.14754028559), np.float64(54860.67125996828), np.float64(54770.80923388958), np.float64(54782.132984216216), np.float64(54796.7426091671), np.float64(54764.17167958021), np.float64(54721.898946323396), np.float64(54694.972957720754), np.float64(54666.70137796164), np.float64(54624.05338844776), np.float64(54643.17355755091), np.float64(54603.516800823214), np.float64(54566.16553921223), np.float64(54500.48204386234)]","[np.float64(55130.28695692062), np.float64(55162.00842834854), np.float64(55096.11309382993), np.float64(55059.36584232331), np.float64(55030.661059928374), np.float64(55099.20793547522), np.float64(55014.25460583449), np.float64(55012.64777225158), np.float64(54979.055806611665), np.float64(54948.53121216886), np.float64(54983.87993033462), np.float64(54954.49279330015), np.float64(54936.732552247704), np.float64(54900.40303903248), np.float64(54884.09438465595), np.float64(54911.15653154146), np.float64(54860.68294032928), np.float64(54797.47672036531), np.float64(54815.79519448546), np.float64(54808.286073048665), np.float64(54801.65161122015), np.float64(54732.106044140644), np.float64(54707.706216367544), np.float64(54672.684165162784), np.float64(54761.29838139991), np.float64(54643.18348280698), np.float64(54652.460413370725), np.float64(54575.55955028161), np.float64(54556.82638065175)]","[np.float64(55096.77573169911), np.float64(55058.05509804675), np.float64(55059.35158190464), np.float64(55012.33901410242), np.float64(54962.15216436551), np.float64(54979.37637346289), np.float64(54996.27078302168), np.float64(54960.22487010494), np.float64(54944.519950583686), np.float64(54883.287556678966), np.float64(54947.98478868008), np.float64(54848.47384863951), np.float64(54864.59811260725), np.float64(54838.15419468979), np.float64(54793.379809210324), np.float64(54814.8599305256), np.float64(54770.79729503484), np.float64(54691.11086814943), np.float64(54773.13211574591), np.float64(54752.04197772245), np.float64(54711.21982721799), np.float64(54671.706336739735), np.float64(54651.33771541416), np.float64(54591.04556433323), np.float64(54624.04793697859), np.float64(54576.333253346595), np.float64(54566.16553921223), np.float64(54385.226399103194), np.float64(54486.214281238186)]","[np.float64(55130.28695692062), np.float64(55063.29405675888), np.float64(55059.36584232331), np.float64(55023.43615031481), np.float64(54979.38977106333), np.float64(55014.25460583449), np.float64(55001.20305413485), np.float64(54964.37617257833), np.float64(54948.52230399132), np.float64(54947.98478868008), np.float64(54954.49279330015), np.float64(54911.677522428035), np.float64(54864.60655714035), np.float64(54884.09438465595), np.float64(54818.14754028559), np.float64(54860.67125996828), np.float64(54770.80923388958), np.float64(54782.132984216216), np.float64(54796.7426091671), np.float64(54764.17167958021), np.float64(54721.898946323396), np.float64(54694.972957720754), np.float64(54666.70137796164), np.float64(54624.05338844776), np.float64(54643.17355755091), np.float64(54603.516800823214), np.float64(54566.16553921223), np.float64(54500.48204386234), np.float64(54536.11039762735)]"
250,"[np.float64(55035.66958156109), np.float64(55041.253353457454), np.float64(55042.265540890694), np.float64(55010.49908139229), np.float64(55014.36393753052), np.float64(55013.851533739566), np.float64(54986.25822258234), np.float64(54951.52177850723), np.float64(54919.098684947494), np.float64(54899.22414001942), np.float64(54941.47485240459), np.float64(54911.93430382013), np.float64(54908.717453682424), np.float64(54922.520161781315), np.float64(54871.81588145018), np.float64(54861.59729557038), np.float64(54821.51995307207), np.float64(54779.17793777466), np.float64(54681.14784241915), np.float64(54754.433947119716), np.float64(54720.833831532), np.float64(54640.64334652186), np.float64(54613.237792270185), np.float64(54563.81007860899), np.float64(54619.61058101177), np.float64(54650.1724601984), np.float64(54618.37200356484), np.float64(54576.65893526793), np.float64(54582.208452475075)]","[np.float64(55041.253353457454), np.float64(55042.265540890694), np.float64(55045.37814982015), np.float64(55027.57968799918), np.float64(55027.62647913829), np.float64(55013.85721935382), np.float64(54986.25822258234), np.float64(54951.53214037651), np.float64(54930.83363960241), np.float64(55016.691746665885), np.float64(54942.79452186426), np.float64(54911.93430382013), np.float64(54922.520161781315), np.float64(54954.11921598385), np.float64(54871.81588145018), np.float64(54903.218693520495), np.float64(54840.25290814579), np.float64(54779.17793777466), np.float64(54775.963460801715), np.float64(54754.44506033358), np.float64(54720.833831532), np.float64(54640.65707954059), np.float64(54691.2286769816), np.float64(54619.62031949975), np.float64(54650.1811148903), np.float64(54675.86961832462), np.float64(54618.579749763776), np.float64(54586.7677179211), np.float64(54592.57676158102)]","[np.float64(55035.66958156109), np.float64(55034.96959665333), np.float64(54997.9957363116), np.float64(55010.49025109373), np.float64(55005.268648326935), np.float64(54967.657479161506), np.float64(54951.52177850723), np.float64(54880.787044509525), np.float64(54889.40508150606), np.float64(54899.22414001942), np.float64(54899.35046938714), np.float64(54908.717453682424), np.float64(54902.43427494395), np.float64(54869.38528178341), np.float64(54749.55781377752), np.float64(54820.881615032034), np.float64(54757.87609332352), np.float64(54679.34117016517), np.float64(54670.17429844406), np.float64(54715.37570415044), np.float64(54618.31209383024), np.float64(54613.237792270185), np.float64(54522.17331045099), np.float64(54558.08779261396), np.float64(54619.6049308059), np.float64(54618.37200356484), np.float64(54576.65048072667), np.float64(54559.85542519884), np.float64(54578.27182455299)]","[np.float64(55041.253353457454), np.float64(55042.265540890694), np.float64(55010.49908139229), np.float64(55014.36393753052), np.float64(55013.851533739566), np.float64(54986.25822258234), np.float64(54951.52177850723), np.float64(54919.098684947494), np.float64(54899.22414001942), np.float64(54941.47485240459), np.float64(54911.93430382013), np.float64(54908.717453682424), np.float64(54922.520161781315), np.float64(54871.81588145018), np.float64(54861.59729557038), np.float64(54821.51995307207), np.float64(54779.17793777466), np.float64(54681.14784241915), np.float64(54754.433947119716), np.float64(54720.833831532), np.float64(54640.64334652186), np.float64(54613.237792270185), np.float64(54563.81007860899), np.float64(54619.61058101177), np.float64(54650.1724601984), np.float64(54618.37200356484), np.float64(54576.65893526793), np.float64(54582.208452475075), np.float64(54583.30640540838)]"
251,"[np.float64(55202.071135153776), np.float64(55176.795037822725), np.float64(55132.907054314615), np.float64(55082.89675338269), np.float64(55094.066357607844), np.float64(55093.46149191141), np.float64(55053.221632804874), np.float64(55067.23695177555), np.float64(54998.6002128625), np.float64(55001.53864706755), np.float64(55005.600918388365), np.float64(55086.538696486954), np.float64(54965.253015356066), np.float64(54960.83235756874), np.float64(54904.94132491589), np.float64(54926.232674696446), np.float64(54908.845200493335), np.float64(54949.90639947892), np.float64(54901.0187766695), np.float64(54907.746861228945), np.float64(54839.18558565378), np.float64(54849.143526830674), np.float64(54852.85887284041), np.float64(54765.77430968285), np.float64(54746.33103901863), np.float64(54738.755215289595), np.float64(54683.211236724856), np.float64(54667.04598528624), np.float64(54641.81083904982)]","[np.float64(55214.117326876476), np.float64(55196.00602898766), np.float64(55175.45631567656), np.float64(55094.066357607844), np.float64(55108.38279743015), np.float64(55096.059326951756), np.float64(55089.18425697932), np.float64(55106.614347502036), np.float64(55001.53864706755), np.float64(55017.5317975903), np.float64(55089.83254879844), np.float64(55117.36976752884), np.float64(54965.266410708326), np.float64(55001.75247816221), np.float64(54936.56648241079), np.float64(54933.76847885124), np.float64(54956.068729463776), np.float64(54975.90502243896), np.float64(54940.4985239278), np.float64(54931.36947623797), np.float64(54849.155209015), np.float64(54872.49333901871), np.float64(54852.87081329069), np.float64(54770.73183995743), np.float64(54755.31951031896), np.float64(54748.58533251204), np.float64(54720.110524477364), np.float64(54675.310298075834), np.float64(54671.03850409038)]","[np.float64(55158.06286026495), np.float64(55132.898726379804), np.float64(55073.86730383043), np.float64(55071.110505003504), np.float64(55077.62405833412), np.float64(55046.247907001176), np.float64(55049.45597986448), np.float64(54998.57351471092), np.float64(54985.31828697889), np.float64(54993.84274004627), np.float64(55005.600918388365), np.float64(54949.83183861505), np.float64(54960.83235756874), np.float64(54882.28991046701), np.float64(54904.92587443117), np.float64(54894.75558613415), np.float64(54889.551380643534), np.float64(54893.58908797415), np.float64(54871.977133344684), np.float64(54830.06818516995), np.float64(54815.932346854264), np.float64(54833.75365839684), np.float64(54755.109274297865), np.float64(54737.799664385195), np.float64(54702.518321259326), np.float64(54682.356491676874), np.float64(54651.52048166742), np.float64(54609.079369123894), np.float64(54623.440752418996)]","[np.float64(55176.795037822725), np.float64(55132.907054314615), np.float64(55082.89675338269), np.float64(55094.066357607844), np.float64(55093.46149191141), np.float64(55053.221632804874), np.float64(55067.23695177555), np.float64(54998.6002128625), np.float64(55001.53864706755), np.float64(55005.600918388365), np.float64(55086.538696486954), np.float64(54965.253015356066), np.float64(54960.83235756874), np.float64(54904.94132491589), np.float64(54926.232674696446), np.float64(54908.845200493335), np.float64(54949.90639947892), np.float64(54901.0187766695), np.float64(54907.746861228945), np.float64(54839.18558565378), np.float64(54849.143526830674), np.float64(54852.85887284041), np.float64(54765.77430968285), np.float64(54746.33103901863), np.float64(54738.755215289595), np.float64(54683.211236724856), np.float64(54667.04598528624), np.float64(54641.81083904982), np.float64(54647.023604331014)]"
252,"[np.float64(55072.44958827973), np.float64(55043.75240044594), np.float64(55049.96692222119), np.float64(55056.57704702378), np.float64(55005.44432552338), np.float64(54946.797593266965), np.float64(54917.73931464911), np.float64(54943.15951347351), np.float64(54948.09321893692), np.float64(54926.735677764416), np.float64(54983.269436559676), np.float64(54797.81326137066), np.float64(54817.24790397406), np.float64(54863.26959404469), np.float64(54808.002614865305), np.float64(54861.946410090924), np.float64(54769.00493896246), np.float64(54791.47820429802), np.float64(54651.21516778708), np.float64(54695.2593578291), np.float64(54762.10931549072), np.float64(54580.30358268976), np.float64(54744.30962602377), np.float64(54555.18884297371), np.float64(54703.836165390014), np.float64(54650.34515019179), np.float64(54438.22234333277), np.float64(54503.51409896612), np.float64(54464.909064219)]","[np.float64(55072.81395193207), np.float64(55083.92811426847), np.float64(55070.517658516044), np.float64(55092.11695984907), np.float64(55005.44432552338), np.float64(54955.258060290675), np.float64(54943.15951347351), np.float64(54962.01160201798), np.float64(54957.77895504315), np.float64(54983.27817957174), np.float64(55015.60062158427), np.float64(54817.24790397406), np.float64(54863.302862611345), np.float64(54955.25179193815), np.float64(54861.946410090924), np.float64(54885.87920926252), np.float64(54804.82428654039), np.float64(54816.98064611164), np.float64(54698.025805131314), np.float64(54762.12092036748), np.float64(54906.626115170395), np.float64(54754.490288337416), np.float64(54744.30962602377), np.float64(54709.262588147176), np.float64(54703.84553780157), np.float64(54659.675219809644), np.float64(54526.10119674808), np.float64(54526.305605669535), np.float64(54487.343412444774)]","[np.float64(55034.920188276905), np.float64(55016.5144005593), np.float64(55027.268881309916), np.float64(55005.44432552338), np.float64(54915.802919446265), np.float64(54913.8652118681), np.float64(54901.02483600882), np.float64(54943.15951347351), np.float64(54918.139298325754), np.float64(54926.735677764416), np.float64(54775.238137275286), np.float64(54797.81326137066), np.float64(54705.75801513491), np.float64(54803.33707660758), np.float64(54779.140044212945), np.float64(54762.06804418508), np.float64(54761.96470289258), np.float64(54609.98984297816), np.float64(54645.08306002893), np.float64(54687.486949552724), np.float64(54572.79751310755), np.float64(54557.678087566244), np.float64(54547.29492659593), np.float64(54533.907590373754), np.float64(54629.751185970046), np.float64(54424.39105712774), np.float64(54413.685641590484), np.float64(54441.04640366917), np.float64(54372.16780154278)]","[np.float64(55043.75240044594), np.float64(55049.96692222119), np.float64(55056.57704702378), np.float64(55005.44432552338), np.float64(54946.797593266965), np.float64(54917.73931464911), np.float64(54943.15951347351), np.float64(54948.09321893692), np.float64(54926.735677764416), np.float64(54983.269436559676), np.float64(54797.81326137066), np.float64(54817.24790397406), np.float64(54863.26959404469), np.float64(54808.002614865305), np.float64(54861.946410090924), np.float64(54769.00493896246), np.float64(54791.47820429802), np.float64(54651.21516778708), np.float64(54695.2593578291), np.float64(54762.10931549072), np.float64(54580.30358268976), np.float64(54744.30962602377), np.float64(54555.18884297371), np.float64(54703.836165390014), np.float64(54650.34515019179), np.float64(54438.22234333277), np.float64(54503.51409896612), np.float64(54464.909064219), np.float64(54400.95298391104)]"
253,"[np.float64(55157.14263326645), np.float64(55142.637188930516), np.float64(55147.54475265741), np.float64(55013.5104033947), np.float64(54994.56112140656), np.float64(55014.01237624646), np.float64(55027.06766247988), np.float64(55045.3717715621), np.float64(55079.719952900414), np.float64(54927.08221674443), np.float64(54984.368677263265), np.float64(54990.56014795065), np.float64(54871.37984243631), np.float64(54872.38185648441), np.float64(54885.29458654881), np.float64(54871.286092760565), np.float64(54939.33599476099), np.float64(54858.68036712885), np.float64(54859.6384682107), np.float64(54859.637180440426), np.float64(54827.08955949545), np.float64(54766.38651566982), np.float64(54734.62713890791), np.float64(54762.06244065285), np.float64(54661.48294649124), np.float64(54653.06543611288), np.float64(54636.24805780888), np.float64(54617.447255733015), np.float64(54635.791285693645)]","[np.float64(55169.13065315098), np.float64(55147.54475265741), np.float64(55162.57008141091), np.float64(55016.55866679791), np.float64(55014.01237624646), np.float64(55027.06766247988), np.float64(55063.147102546944), np.float64(55108.90948349761), np.float64(55081.08646898925), np.float64(55007.4428532561), np.float64(54990.56014795065), np.float64(54991.703144022555), np.float64(54890.13522032458), np.float64(54885.30354770428), np.float64(54890.599437480625), np.float64(54939.33599476099), np.float64(55017.81304140768), np.float64(54859.6384682107), np.float64(54871.785879883144), np.float64(54867.607132574216), np.float64(54827.101310566395), np.float64(54798.807452322646), np.float64(54762.06244065285), np.float64(54840.927358323715), np.float64(54661.48294649124), np.float64(54725.122512681075), np.float64(54636.24805780888), np.float64(54679.16282383803), np.float64(54650.5656078313)]","[np.float64(55142.637188930516), np.float64(55127.60492530405), np.float64(55013.5104033947), np.float64(54978.04595255988), np.float64(54987.482668140445), np.float64(55012.326969108806), np.float64(55027.06766247988), np.float64(55040.94035456205), np.float64(54924.80842714823), np.float64(54898.72923582606), np.float64(54984.359868509804), np.float64(54864.75678118982), np.float64(54868.78628282768), np.float64(54864.28568225163), np.float64(54871.27289330801), np.float64(54864.32777065068), np.float64(54858.671867134646), np.float64(54845.83774695528), np.float64(54837.94120578767), np.float64(54815.07348821944), np.float64(54761.81463895071), np.float64(54721.72201716262), np.float64(54723.94606368952), np.float64(54642.95046771358), np.float64(54635.69382195444), np.float64(54636.24028992098), np.float64(54541.32154538843), np.float64(54617.447255733015), np.float64(54572.03040102862)]","[np.float64(55142.637188930516), np.float64(55147.54475265741), np.float64(55013.5104033947), np.float64(54994.56112140656), np.float64(55014.01237624646), np.float64(55027.06766247988), np.float64(55045.3717715621), np.float64(55079.719952900414), np.float64(54927.08221674443), np.float64(54984.368677263265), np.float64(54990.56014795065), np.float64(54871.37984243631), np.float64(54872.38185648441), np.float64(54885.29458654881), np.float64(54871.286092760565), np.float64(54939.33599476099), np.float64(54858.68036712885), np.float64(54859.6384682107), np.float64(54859.637180440426), np.float64(54827.08955949545), np.float64(54766.38651566982), np.float64(54734.62713890791), np.float64(54762.06244065285), np.float64(54661.48294649124), np.float64(54653.06543611288), np.float64(54636.24805780888), np.float64(54617.447255733015), np.float64(54635.791285693645), np.float64(54588.70370816946)]"
254,"[np.float64(55043.5476449728), np.float64(55054.81563484669), np.float64(55026.9011537838), np.float64(55062.950994758605), np.float64(55002.71064679146), np.float64(55046.379451799396), np.float64(54993.46690300703), np.float64(54958.08683135033), np.float64(54922.19899187565), np.float64(54949.66391233683), np.float64(54921.64422044277), np.float64(54878.94317479372), np.float64(54887.56878884792), np.float64(54890.89175125599), np.float64(54881.6638470459), np.float64(54875.14322227717), np.float64(54814.70095193148), np.float64(54776.223792772296), np.float64(54761.90752188921), np.float64(54780.670978627204), np.float64(54716.650123474596), np.float64(54690.79530218363), np.float64(54677.52083745003), np.float64(54695.700032815934), np.float64(54639.66631521702), np.float64(54629.8126834321), np.float64(54651.88983063221), np.float64(54529.83393410206), np.float64(54483.3540553689)]","[np.float64(55063.72222148627), np.float64(55054.82456911036), np.float64(55062.97260167952), np.float64(55062.950994758605), np.float64(55051.613163213195), np.float64(55046.3923726065), np.float64(55001.51857882816), np.float64(54961.6443502524), np.float64(54951.073799077465), np.float64(54949.66391233683), np.float64(54938.66422710532), np.float64(54887.56878884792), np.float64(54910.050600437964), np.float64(54894.605145451496), np.float64(54881.6638470459), np.float64(54875.14322227717), np.float64(54837.92065371051), np.float64(54776.23126860757), np.float64(54793.84601628447), np.float64(54795.02076045665), np.float64(54716.650123474596), np.float64(54694.34187121999), np.float64(54702.09280485848), np.float64(54714.135181069214), np.float64(54650.27677596673), np.float64(54656.863568299406), np.float64(54656.03556991322), np.float64(54529.84676122218), np.float64(54492.371350775495)]","[np.float64(55043.5476449728), np.float64(55020.0627117179), np.float64(54984.37086766249), np.float64(55002.71064679146), np.float64(54972.8826628154), np.float64(54993.46690300703), np.float64(54938.97665544617), np.float64(54922.183047169055), np.float64(54917.09723172691), np.float64(54921.63754089097), np.float64(54878.94317479372), np.float64(54863.23724267307), np.float64(54887.56878884792), np.float64(54869.21944319215), np.float64(54875.14322227717), np.float64(54783.64735894557), np.float64(54776.223792772296), np.float64(54753.19090190614), np.float64(54761.899010823035), np.float64(54709.995539812124), np.float64(54683.72826522831), np.float64(54677.52083745003), np.float64(54677.515275133155), np.float64(54624.75907199746), np.float64(54629.8126834321), np.float64(54602.008250093524), np.float64(54529.83393410206), np.float64(54427.998085274245), np.float64(54466.29341726065)]","[np.float64(55054.81563484669), np.float64(55026.9011537838), np.float64(55062.950994758605), np.float64(55002.71064679146), np.float64(55046.379451799396), np.float64(54993.46690300703), np.float64(54958.08683135033), np.float64(54922.19899187565), np.float64(54949.66391233683), np.float64(54921.64422044277), np.float64(54878.94317479372), np.float64(54887.56878884792), np.float64(54890.89175125599), np.float64(54881.6638470459), np.float64(54875.14322227717), np.float64(54814.70095193148), np.float64(54776.223792772296), np.float64(54761.90752188921), np.float64(54780.670978627204), np.float64(54716.650123474596), np.float64(54690.79530218363), np.float64(54677.52083745003), np.float64(54695.700032815934), np.float64(54639.66631521702), np.float64(54629.8126834321), np.float64(54651.88983063221), np.float64(54529.83393410206), np.float64(54483.3540553689), np.float64(54466.29341726065)]"
255,"[np.float64(55037.74443702221), np.float64(55026.11561391831), np.float64(55004.86431379319), np.float64(55005.20042183399), np.float64(55009.60189184427), np.float64(54970.334814400674), np.float64(54938.4977850914), np.float64(54950.17979310751), np.float64(54960.08197383166), np.float64(54994.799616460805), np.float64(54961.13318070412), np.float64(54933.3154111886), np.float64(54901.07840043306), np.float64(54926.289465365415), np.float64(54906.97445662022), np.float64(54856.86049018145), np.float64(54841.61869880438), np.float64(54842.80898486615), np.float64(54830.09650307894), np.float64(54799.796427588466), np.float64(54771.31043407917), np.float64(54725.161512305735), np.float64(54718.08044991493), np.float64(54725.384554116725), np.float64(54736.38816475392), np.float64(54668.19519147635), np.float64(54615.52036507607), np.float64(54535.4389542079), np.float64(54477.1725005126)]","[np.float64(55037.74443702221), np.float64(55026.11561391831), np.float64(55013.07777073181), np.float64(55018.11393162985), np.float64(55021.280342641156), np.float64(54970.340496566845), np.float64(54950.17979310751), np.float64(54962.335208041026), np.float64(54994.815926018695), np.float64(54994.799616460805), np.float64(54975.81275883046), np.float64(54933.3154111886), np.float64(54926.289465365415), np.float64(54932.227089905384), np.float64(54906.97445662022), np.float64(54856.86049018145), np.float64(54842.82265271983), np.float64(54842.80898486615), np.float64(54893.185677595626), np.float64(54811.720983927575), np.float64(54771.31043407917), np.float64(54744.05062294668), np.float64(54747.68283834438), np.float64(54739.74832514659), np.float64(54750.467006225525), np.float64(54668.20692583269), np.float64(54622.42066213695), np.float64(54535.4389542079), np.float64(54511.49235006842)]","[np.float64(55026.10631418464), np.float64(55004.86431379319), np.float64(54986.7362851707), np.float64(55005.19468277383), np.float64(54965.29024796495), np.float64(54938.48532020468), np.float64(54938.4977850914), np.float64(54950.1711106052), np.float64(54960.067664436785), np.float64(54961.13318070412), np.float64(54921.75911453531), np.float64(54886.35752894198), np.float64(54901.07840043306), np.float64(54884.706536762795), np.float64(54856.85177127349), np.float64(54833.01947870918), np.float64(54829.18435848125), np.float64(54811.49543675023), np.float64(54799.787703226175), np.float64(54741.380176779916), np.float64(54725.153387668666), np.float64(54670.98200888785), np.float64(54711.76703785788), np.float64(54706.4717794874), np.float64(54668.17077541535), np.float64(54611.1952238613), np.float64(54527.205877129396), np.float64(54232.35354780844), np.float64(54471.9249656395)]","[np.float64(55026.11561391831), np.float64(55004.86431379319), np.float64(55005.20042183399), np.float64(55009.60189184427), np.float64(54970.334814400674), np.float64(54938.4977850914), np.float64(54950.17979310751), np.float64(54960.08197383166), np.float64(54994.799616460805), np.float64(54961.13318070412), np.float64(54933.3154111886), np.float64(54901.07840043306), np.float64(54926.289465365415), np.float64(54906.97445662022), np.float64(54856.86049018145), np.float64(54841.61869880438), np.float64(54842.80898486615), np.float64(54830.09650307894), np.float64(54799.796427588466), np.float64(54771.31043407917), np.float64(54725.161512305735), np.float64(54718.08044991493), np.float64(54725.384554116725), np.float64(54736.38816475392), np.float64(54668.19519147635), np.float64(54615.52036507607), np.float64(54535.4389542079), np.float64(54477.1725005126), np.float64(54486.32365361452)]"
256,"[np.float64(55087.19636076451), np.float64(55027.755718135835), np.float64(55235.564752140046), np.float64(55115.58602905751), np.float64(54990.58667601824), np.float64(55180.62460905552), np.float64(54867.61465971709), np.float64(55027.13874739886), np.float64(55003.93802063704), np.float64(54936.79934488058), np.float64(54930.59911735535), np.float64(54907.57223958016), np.float64(54864.97498821497), np.float64(54919.540003819464), np.float64(54893.0401383996), np.float64(54869.573358299735), np.float64(54754.09500598431), np.float64(54881.41105774164), np.float64(54554.17639798641), np.float64(54735.18603120565), np.float64(54771.000596551894), np.float64(54683.44754256964), np.float64(54760.72135669232), np.float64(54547.42732277155), np.float64(54844.41586461067), np.float64(54630.35818291903), np.float64(54331.634241862295), np.float64(54733.793565211294), np.float64(54630.56615781784)]","[np.float64(55087.19636076451), np.float64(55259.83834292842), np.float64(55247.50154325603), np.float64(55115.58602905751), np.float64(55180.62460905552), np.float64(55224.100478336615), np.float64(55027.13874739886), np.float64(55039.59991755003), np.float64(55003.93802063704), np.float64(54936.79934488058), np.float64(54930.613764572525), np.float64(54907.57223958016), np.float64(54919.540003819464), np.float64(54998.49261760032), np.float64(54893.04864629691), np.float64(54872.1429148244), np.float64(54881.41105774164), np.float64(54881.41105774164), np.float64(54735.18603120565), np.float64(54771.000596551894), np.float64(54771.01228683273), np.float64(54778.23360657476), np.float64(54760.72135669232), np.float64(54844.41586461067), np.float64(54844.41586461067), np.float64(54637.4023247303), np.float64(54733.793565211294), np.float64(54733.799210415986), np.float64(54649.07300633916)]","[np.float64(55024.760548814455), np.float64(55027.755718135835), np.float64(55115.58602905751), np.float64(54990.58667601824), np.float64(54981.96537877202), np.float64(54867.61465971709), np.float64(54851.938626826835), np.float64(55003.93802063704), np.float64(54911.461897528665), np.float64(54930.59911735535), np.float64(54708.8377735552), np.float64(54864.97498821497), np.float64(54852.18258609404), np.float64(54886.13368106013), np.float64(54869.573358299735), np.float64(54641.49205530952), np.float64(54754.09500598431), np.float64(54541.514423415334), np.float64(54541.99278183959), np.float64(54735.18603120565), np.float64(54666.35530798075), np.float64(54683.44754256964), np.float64(54514.87356915645), np.float64(54547.413817861554), np.float64(54623.96849647079), np.float64(54331.634241862295), np.float64(54300.25938231444), np.float64(54625.9660165648), np.float64(54383.173942365924)]","[np.float64(55027.755718135835), np.float64(55235.564752140046), np.float64(55115.58602905751), np.float64(54990.58667601824), np.float64(55180.62460905552), np.float64(54867.61465971709), np.float64(55027.13874739886), np.float64(55003.93802063704), np.float64(54936.79934488058), np.float64(54930.59911735535), np.float64(54907.57223958016), np.float64(54864.97498821497), np.float64(54919.540003819464), np.float64(54893.0401383996), np.float64(54869.573358299735), np.float64(54754.09500598431), np.float64(54881.41105774164), np.float64(54554.17639798641), np.float64(54735.18603120565), np.float64(54771.000596551894), np.float64(54683.44754256964), np.float64(54760.72135669232), np.float64(54547.42732277155), np.float64(54844.41586461067), np.float64(54630.35818291903), np.float64(54331.634241862295), np.float64(54733.793565211294), np.float64(54630.56615781784), np.float64(54394.52649514913)]"
257,"[np.float64(55080.173119258885), np.float64(55079.44990747452), np.float64(55035.01706836462), np.float64(54957.344045457845), np.float64(54955.02528630734), np.float64(55049.45902562619), np.float64(54903.927720935346), np.float64(54955.89208447695), np.float64(54893.127706778054), np.float64(54932.1937632823), np.float64(54823.92022808075), np.float64(54971.392460124494), np.float64(54887.608838503365), np.float64(54923.77522268772), np.float64(54845.5751154089), np.float64(54858.64585488558), np.float64(54798.3583745265), np.float64(54863.83209209919), np.float64(54791.120848047736), np.float64(54822.48513689041), np.float64(54606.884448859695), np.float64(54746.02017127514), np.float64(54597.73561374426), np.float64(54699.99358767748), np.float64(54721.364521660806), np.float64(54677.4480784297), np.float64(54596.927280344964), np.float64(54598.74471052885), np.float64(54590.75847441435)]","[np.float64(55080.173119258885), np.float64(55079.45858691331), np.float64(55035.219741008616), np.float64(54957.344045457845), np.float64(55068.335299409315), np.float64(55077.88856240763), np.float64(54955.89208447695), np.float64(54966.98943313129), np.float64(54932.1937632823), np.float64(54932.203434005634), np.float64(54971.39814411009), np.float64(54986.05036620891), np.float64(54923.77522268772), np.float64(54932.550019708164), np.float64(54858.64585488558), np.float64(54861.73533288575), np.float64(54863.83209209919), np.float64(54872.06990518584), np.float64(54842.06599325696), np.float64(54822.494657817726), np.float64(54746.02017127514), np.float64(54751.23771336014), np.float64(54723.06598083552), np.float64(54721.37803357297), np.float64(54734.24478290517), np.float64(54677.462092553054), np.float64(54642.7239908625), np.float64(54598.74471052885), np.float64(54607.53225764821)]","[np.float64(55079.437961337484), np.float64(55035.01706836462), np.float64(54928.11039059338), np.float64(54955.02528630734), np.float64(54955.01010093424), np.float64(54903.927720935346), np.float64(54902.283175664685), np.float64(54893.127706778054), np.float64(54890.26239993532), np.float64(54823.92022808075), np.float64(54794.635317705404), np.float64(54887.59124023356), np.float64(54887.608838503365), np.float64(54833.2774316786), np.float64(54845.5751154089), np.float64(54782.10748868524), np.float64(54795.660239305595), np.float64(54776.063655313315), np.float64(54783.821539717), np.float64(54591.183302973106), np.float64(54600.4097361756), np.float64(54587.65917576705), np.float64(54588.75292512286), np.float64(54693.56025371936), np.float64(54677.43965866438), np.float64(54577.19363456915), np.float64(54596.927280344964), np.float64(54509.376009748856), np.float64(54538.22658517644)]","[np.float64(55079.44990747452), np.float64(55035.01706836462), np.float64(54957.344045457845), np.float64(54955.02528630734), np.float64(55049.45902562619), np.float64(54903.927720935346), np.float64(54955.89208447695), np.float64(54893.127706778054), np.float64(54932.1937632823), np.float64(54823.92022808075), np.float64(54971.392460124494), np.float64(54887.608838503365), np.float64(54923.77522268772), np.float64(54845.5751154089), np.float64(54858.64585488558), np.float64(54798.3583745265), np.float64(54863.83209209919), np.float64(54791.120848047736), np.float64(54822.48513689041), np.float64(54606.884448859695), np.float64(54746.02017127514), np.float64(54597.73561374426), np.float64(54699.99358767748), np.float64(54721.364521660806), np.float64(54677.4480784297), np.float64(54596.927280344964), np.float64(54598.74471052885), np.float64(54590.75847441435), np.float64(54542.61003174067)]"
258,"[np.float64(55126.643854823116), np.float64(55097.55054885388), np.float64(55075.101879930495), np.float64(55077.48966356755), np.float64(54965.16081100464), np.float64(55062.61166729212), np.float64(54949.838920316695), np.float64(54979.51288190127), np.float64(55019.56227978468), np.float64(55044.00119766236), np.float64(54866.92016520977), np.float64(54805.78739244461), np.float64(54913.6761418891), np.float64(54981.24712212563), np.float64(54812.87167426109), np.float64(54876.15618237257), np.float64(54917.96042480469), np.float64(54891.189612519745), np.float64(54749.537973325256), np.float64(54711.59407983541), np.float64(54736.363053233625), np.float64(54660.10915316582), np.float64(54739.23426583052), np.float64(54645.47338647843), np.float64(54753.520402889255), np.float64(54760.10773415804), np.float64(54797.18482947827), np.float64(54828.53946004391), np.float64(54701.12373486757)]","[np.float64(55126.643854823116), np.float64(55097.55054885388), np.float64(55099.71020839491), np.float64(55077.48966356755), np.float64(55088.86247688413), np.float64(55087.97203324079), np.float64(54979.51288190127), np.float64(55019.57540259299), np.float64(55061.64998946674), np.float64(55044.00119766236), np.float64(54871.91590125046), np.float64(54915.05699968122), np.float64(54985.43342155707), np.float64(54985.138079310265), np.float64(54876.16549384452), np.float64(54946.27566792786), np.float64(54919.693773642495), np.float64(54905.051861304506), np.float64(54797.63052998601), np.float64(54736.363053233625), np.float64(54776.62573894719), np.float64(54742.50751415578), np.float64(54744.04164540074), np.float64(54761.437671386586), np.float64(54769.95350625651), np.float64(54797.18482947827), np.float64(54925.59759497283), np.float64(54828.53946004391), np.float64(54716.00965869681)]","[np.float64(55097.55054885388), np.float64(55064.313075837956), np.float64(55070.29806744358), np.float64(54947.8810904286), np.float64(54965.16081100464), np.float64(54949.838920316695), np.float64(54924.64003107409), np.float64(54979.51288190127), np.float64(55012.000567789975), np.float64(54772.95803938847), np.float64(54805.78739244461), np.float64(54782.516287163446), np.float64(54913.6761418891), np.float64(54812.862775261594), np.float64(54789.346289869376), np.float64(54872.97535215874), np.float64(54887.43782868039), np.float64(54680.1297964057), np.float64(54705.66692584285), np.float64(54689.84942475847), np.float64(54654.64725048113), np.float64(54651.47443265099), np.float64(54607.36782380466), np.float64(54638.39494915894), np.float64(54753.51168137606), np.float64(54738.03986204335), np.float64(54797.18482947827), np.float64(54695.08090242541), np.float64(54377.45356211976)]","[np.float64(55097.55054885388), np.float64(55075.101879930495), np.float64(55077.48966356755), np.float64(54965.16081100464), np.float64(55062.61166729212), np.float64(54949.838920316695), np.float64(54979.51288190127), np.float64(55019.56227978468), np.float64(55044.00119766236), np.float64(54866.92016520977), np.float64(54805.78739244461), np.float64(54913.6761418891), np.float64(54981.24712212563), np.float64(54812.87167426109), np.float64(54876.15618237257), np.float64(54917.96042480469), np.float64(54891.189612519745), np.float64(54749.537973325256), np.float64(54711.59407983541), np.float64(54736.363053233625), np.float64(54660.10915316582), np.float64(54739.23426583052), np.float64(54645.47338647843), np.float64(54753.520402889255), np.float64(54760.10773415804), np.float64(54797.18482947827), np.float64(54828.53946004391), np.float64(54701.12373486757), np.float64(54559.64980797053)]"
259,"[np.float64(55094.38868650675), np.float64(55048.663441152574), np.float64(55015.067317652705), np.float64(55039.75516152382), np.float64(55136.77912196636), np.float64(55004.78266915798), np.float64(55055.497251651286), np.float64(54954.60547319889), np.float64(54946.07927500964), np.float64(54840.568393371104), np.float64(54957.3324555254), np.float64(54939.986318748), np.float64(54846.823093578816), np.float64(54815.6532580471), np.float64(54831.061944451336), np.float64(54888.20713657141), np.float64(54899.89609854698), np.float64(54843.32022966385), np.float64(54770.156720693114), np.float64(54810.050169596674), np.float64(54823.361979668145), np.float64(54651.74379748345), np.float64(54688.393481850624), np.float64(54606.312550082206), np.float64(54618.12964519978), np.float64(54649.09086194754), np.float64(54518.06345626831), np.float64(54554.24426347971), np.float64(54468.772246255874)]","[np.float64(55094.39437923846), np.float64(55050.97146327494), np.float64(55063.71394355517), np.float64(55136.79119972887), np.float64(55136.77912196636), np.float64(55065.32105744477), np.float64(55055.502765633995), np.float64(54981.0483759399), np.float64(54946.08495004264), np.float64(54962.44591641034), np.float64(54978.07916701225), np.float64(54939.986318748), np.float64(54894.41265385575), np.float64(54865.376105355994), np.float64(54888.83749427436), np.float64(54904.637612060666), np.float64(54931.55990653435), np.float64(54871.012428317306), np.float64(54810.058857283555), np.float64(54840.80347170995), np.float64(54837.58571154243), np.float64(54731.654689392024), np.float64(54688.401252464246), np.float64(54642.87534858759), np.float64(54664.816601572704), np.float64(54683.66433819711), np.float64(54564.779472263), np.float64(54599.82707211591), np.float64(54474.726116478836)]","[np.float64(55031.32299822094), np.float64(55006.023367923655), np.float64(55015.067317652705), np.float64(55034.18378913166), np.float64(54979.99882192606), np.float64(55004.78266915798), np.float64(54931.31572242969), np.float64(54934.71396305797), np.float64(54838.51512527507), np.float64(54833.75368421245), np.float64(54935.437456977415), np.float64(54846.814592906434), np.float64(54593.89199669042), np.float64(54811.58936820218), np.float64(54831.05342527431), np.float64(54867.65496180899), np.float64(54831.645506258945), np.float64(54737.33049601317), np.float64(54740.974222218516), np.float64(54810.050169596674), np.float64(54634.328344892936), np.float64(54526.0591848048), np.float64(54600.92574880665), np.float64(54592.48740765866), np.float64(54589.939081804994), np.float64(54512.44254323788), np.float64(54473.680274887345), np.float64(54468.425830579974), np.float64(54379.458490599056)]","[np.float64(55048.663441152574), np.float64(55015.067317652705), np.float64(55039.75516152382), np.float64(55136.77912196636), np.float64(55004.78266915798), np.float64(55055.497251651286), np.float64(54954.60547319889), np.float64(54946.07927500964), np.float64(54840.568393371104), np.float64(54957.3324555254), np.float64(54939.986318748), np.float64(54846.823093578816), np.float64(54815.6532580471), np.float64(54831.061944451336), np.float64(54888.20713657141), np.float64(54899.89609854698), np.float64(54843.32022966385), np.float64(54770.156720693114), np.float64(54810.050169596674), np.float64(54823.361979668145), np.float64(54651.74379748345), np.float64(54688.393481850624), np.float64(54606.312550082206), np.float64(54618.12964519978), np.float64(54649.09086194754), np.float64(54518.06345626831), np.float64(54554.24426347971), np.float64(54468.772246255874), np.float64(54419.35895562172)]"
260,"[np.float64(55207.946973347665), np.float64(55218.154613180166), np.float64(55166.6537181592), np.float64(55091.98506329537), np.float64(55101.308777613645), np.float64(55116.775928788185), np.float64(54985.08300343275), np.float64(55072.39138106346), np.float64(55013.280536401275), np.float64(55042.23347541094), np.float64(54988.44395506382), np.float64(54953.427549731736), np.float64(55014.82792115927), np.float64(54992.952953891756), np.float64(54939.03040687561), np.float64(54926.06101491928), np.float64(54952.877156717776), np.float64(55003.81130404234), np.float64(54922.245480382444), np.float64(54827.732929522994), np.float64(54832.507209026815), np.float64(54754.38063343048), np.float64(54792.59470112324), np.float64(54849.08506206036), np.float64(54693.13840019226), np.float64(54730.6337632966), np.float64(54738.889014620785), np.float64(54707.92432089329), np.float64(54750.74319752216)]","[np.float64(55224.93520750519), np.float64(55221.33829628269), np.float64(55174.780405666), np.float64(55115.79791432681), np.float64(55116.78375523406), np.float64(55116.775928788185), np.float64(55185.141292010616), np.float64(55076.35632907404), np.float64(55063.369652440895), np.float64(55057.21456953107), np.float64(54988.45567750351), np.float64(55027.02931351363), np.float64(55027.264781624384), np.float64(55003.801835296326), np.float64(54969.10120278133), np.float64(54970.5994536171), np.float64(55033.025412554416), np.float64(55015.76341155713), np.float64(54922.25329711311), np.float64(54854.57124526545), np.float64(54832.51584964369), np.float64(54803.77588868084), np.float64(54862.04311825083), np.float64(54850.11848349499), np.float64(54905.30542460685), np.float64(54738.889014620785), np.float64(54770.92282995155), np.float64(54750.74319752216), np.float64(54812.450987542274)]","[np.float64(55203.06724547762), np.float64(55150.93377834943), np.float64(55091.98506329537), np.float64(55055.87467152945), np.float64(55099.410478258804), np.float64(54982.17848899779), np.float64(54983.09429254603), np.float64(54971.63032300851), np.float64(54988.28035783615), np.float64(54988.44395506382), np.float64(54907.89048975461), np.float64(54861.518155654056), np.float64(54978.12768878533), np.float64(54912.633160191945), np.float64(54926.0494195981), np.float64(54905.403805056274), np.float64(54917.34401695951), np.float64(54900.428061247934), np.float64(54796.645162712644), np.float64(54816.95452507436), np.float64(54721.719062509386), np.float64(54739.692689312134), np.float64(54761.47774311611), np.float64(54665.328867868404), np.float64(54687.666010674766), np.float64(54709.22326432048), np.float64(54673.34115626418), np.float64(54707.92432089329), np.float64(54637.01659036306)]","[np.float64(55218.154613180166), np.float64(55166.6537181592), np.float64(55091.98506329537), np.float64(55101.308777613645), np.float64(55116.775928788185), np.float64(54985.08300343275), np.float64(55072.39138106346), np.float64(55013.280536401275), np.float64(55042.23347541094), np.float64(54988.44395506382), np.float64(54953.427549731736), np.float64(55014.82792115927), np.float64(54992.952953891756), np.float64(54939.03040687561), np.float64(54926.06101491928), np.float64(54952.877156717776), np.float64(55003.81130404234), np.float64(54922.245480382444), np.float64(54827.732929522994), np.float64(54832.507209026815), np.float64(54754.38063343048), np.float64(54792.59470112324), np.float64(54849.08506206036), np.float64(54693.13840019226), np.float64(54730.6337632966), np.float64(54738.889014620785), np.float64(54707.92432089329), np.float64(54750.74319752216), np.float64(54763.772728350166)]"
261,"[np.float64(55064.88754369259), np.float64(55036.84145250797), np.float64(55116.80632016659), np.float64(55085.002515330314), np.float64(55047.78028830051), np.float64(55029.3736727047), np.float64(54971.52252492189), np.float64(54928.93312895537), np.float64(55026.18309308052), np.float64(54949.42155397177), np.float64(54926.903216676714), np.float64(54860.17546841383), np.float64(54911.0930035019), np.float64(54908.948608446124), np.float64(54856.34216264725), np.float64(54944.43556503535), np.float64(54765.14832455397), np.float64(54820.41684905768), np.float64(54705.06225146532), np.float64(54759.680065650944), np.float64(54784.098379204275), np.float64(54723.69770383835), np.float64(54673.15465234518), np.float64(54659.46204860449), np.float64(54670.060526714326), np.float64(54732.24849843979), np.float64(54508.062117233276), np.float64(54516.94837599039), np.float64(54525.99161394358)]","[np.float64(55077.10624330055), np.float64(55130.17068809219), np.float64(55148.521925690366), np.float64(55085.002515330314), np.float64(55050.13850465928), np.float64(55052.68050340624), np.float64(54971.52252492189), np.float64(55057.58186205829), np.float64(55026.18309308052), np.float64(54960.594300568184), np.float64(54943.36454090912), np.float64(54962.43476554801), np.float64(54911.1355433271), np.float64(54927.323222489744), np.float64(54944.43556503535), np.float64(54967.34443968737), np.float64(54830.489105409826), np.float64(54848.01268033241), np.float64(54778.94864826907), np.float64(54784.110277307496), np.float64(54813.83244482688), np.float64(54740.42762208502), np.float64(54676.01853641007), np.float64(54673.77751597668), np.float64(54732.280621274906), np.float64(54744.883164728904), np.float64(54525.5320180077), np.float64(54549.79066076177), np.float64(54540.62653739314)]","[np.float64(55036.84145250797), np.float64(55030.09362435174), np.float64(55078.905331195376), np.float64(55047.78028830051), np.float64(55029.36515539898), np.float64(54948.57858120632), np.float64(54915.50966083982), np.float64(54918.95683577809), np.float64(54939.49839256556), np.float64(54926.89428315479), np.float64(54851.41696572733), np.float64(54860.17546841383), np.float64(54885.828568856545), np.float64(54856.332626495445), np.float64(54821.78942690999), np.float64(54764.463667286145), np.float64(54695.026674547655), np.float64(54705.06225146532), np.float64(54666.01749606577), np.float64(54743.6394118308), np.float64(54702.58218739833), np.float64(54673.14916379843), np.float64(54635.576489006104), np.float64(54646.192211519025), np.float64(54610.646266548436), np.float64(54508.05644977345), np.float64(54485.120454408854), np.float64(54503.09053025402), np.float64(54438.16247244114)]","[np.float64(55036.84145250797), np.float64(55116.80632016659), np.float64(55085.002515330314), np.float64(55047.78028830051), np.float64(55029.3736727047), np.float64(54971.52252492189), np.float64(54928.93312895537), np.float64(55026.18309308052), np.float64(54949.42155397177), np.float64(54926.903216676714), np.float64(54860.17546841383), np.float64(54911.0930035019), np.float64(54908.948608446124), np.float64(54856.34216264725), np.float64(54944.43556503535), np.float64(54765.14832455397), np.float64(54820.41684905768), np.float64(54705.06225146532), np.float64(54759.680065650944), np.float64(54784.098379204275), np.float64(54723.69770383835), np.float64(54673.15465234518), np.float64(54659.46204860449), np.float64(54670.060526714326), np.float64(54732.24849843979), np.float64(54508.062117233276), np.float64(54516.94837599039), np.float64(54525.99161394358), np.float64(54445.238115770815)]"
262,"[np.float64(55064.68150044918), np.float64(55101.11355164051), np.float64(55021.26097754955), np.float64(54965.59427447796), np.float64(54942.037221682076), np.float64(54943.79090723753), np.float64(54904.9769961524), np.float64(54911.978731894495), np.float64(54835.797977178096), np.float64(54855.82332000494), np.float64(54849.033036141394), np.float64(54913.8816700244), np.float64(54877.71902037382), np.float64(54834.922679724696), np.float64(54813.190783734324), np.float64(54784.60936644793), np.float64(54784.66886143446), np.float64(54820.712134780886), np.float64(54795.422773416045), np.float64(54814.29865249872), np.float64(54663.64266601324), np.float64(54737.41284355879), np.float64(54630.6908139801), np.float64(54652.58432513953), np.float64(54595.581560411454), np.float64(54583.869547348026), np.float64(54585.74428330898), np.float64(54596.01489510775), np.float64(54531.68870962381)]","[np.float64(55101.11355164051), np.float64(55101.11355164051), np.float64(55050.42676988009), np.float64(54968.565495651324), np.float64(54943.881980178805), np.float64(54943.79090723753), np.float64(54914.27956104618), np.float64(54938.91671913553), np.float64(54855.82332000494), np.float64(54889.26247862855), np.float64(54913.8816700244), np.float64(54920.420136571105), np.float64(54880.483499332135), np.float64(54847.8348692061), np.float64(54821.27285358781), np.float64(54784.66886143446), np.float64(54832.71256735035), np.float64(54820.7213806854), np.float64(54814.30953127962), np.float64(54829.33466994467), np.float64(54737.41284355879), np.float64(54764.341043617256), np.float64(54652.58432513953), np.float64(54712.54345597292), np.float64(54595.581560411454), np.float64(54635.91574098107), np.float64(54606.163791057385), np.float64(54601.348766425304), np.float64(54536.874727788716)]","[np.float64(55064.68150044918), np.float64(55014.106648614696), np.float64(54963.47671746725), np.float64(54942.037221682076), np.float64(54929.37013343988), np.float64(54904.9769961524), np.float64(54898.030320940554), np.float64(54835.79222717706), np.float64(54835.77222336903), np.float64(54849.024575248004), np.float64(54849.033036141394), np.float64(54871.00225003358), np.float64(54824.772677644294), np.float64(54801.04413847069), np.float64(54783.84419306069), np.float64(54784.597433300056), np.float64(54784.007930668806), np.float64(54731.22934543427), np.float64(54789.586333214815), np.float64(54663.63425082682), np.float64(54662.432501868454), np.float64(54593.642930899914), np.float64(54626.58319329262), np.float64(54576.339845736955), np.float64(54583.86389986822), np.float64(54560.11586709846), np.float64(54570.061463444974), np.float64(54493.04070893663), np.float64(54482.537075665554)]","[np.float64(55101.11355164051), np.float64(55021.26097754955), np.float64(54965.59427447796), np.float64(54942.037221682076), np.float64(54943.79090723753), np.float64(54904.9769961524), np.float64(54911.978731894495), np.float64(54835.797977178096), np.float64(54855.82332000494), np.float64(54849.033036141394), np.float64(54913.8816700244), np.float64(54877.71902037382), np.float64(54834.922679724696), np.float64(54813.190783734324), np.float64(54784.60936644793), np.float64(54784.66886143446), np.float64(54820.712134780886), np.float64(54795.422773416045), np.float64(54814.29865249872), np.float64(54663.64266601324), np.float64(54737.41284355879), np.float64(54630.6908139801), np.float64(54652.58432513953), np.float64(54595.581560411454), np.float64(54583.869547348026), np.float64(54585.74428330898), np.float64(54596.01489510775), np.float64(54531.68870962381), np.float64(54486.08129524946)]"
263,"[np.float64(55062.95035087347), np.float64(55035.64047795296), np.float64(55033.167959032064), np.float64(55039.361103820804), np.float64(54985.014622831346), np.float64(54964.149653787616), np.float64(54967.37281399965), np.float64(54924.81290797234), np.float64(54927.52263417721), np.float64(54917.208238189225), np.float64(54856.91702329636), np.float64(54856.232830951216), np.float64(54849.545053601265), np.float64(54837.67232680798), np.float64(54846.29600920677), np.float64(54831.9123879385), np.float64(54797.79639158011), np.float64(54764.36471634388), np.float64(54792.30842979193), np.float64(54708.40697719097), np.float64(54691.471252799034), np.float64(54697.40929029703), np.float64(54665.151417663095), np.float64(54642.58878107071), np.float64(54626.41361380101), np.float64(54567.52696994305), np.float64(54539.128029704094), np.float64(54481.70455042839), np.float64(54479.396994879244)]","[np.float64(55062.95035087347), np.float64(55035.64047795296), np.float64(55055.414729555916), np.float64(55039.361103820804), np.float64(54996.49428661188), np.float64(54967.37281399965), np.float64(54980.06077233478), np.float64(54927.52263417721), np.float64(54953.14008619346), np.float64(54917.208238189225), np.float64(54866.38547556053), np.float64(54856.232830951216), np.float64(54865.98396581978), np.float64(54846.29600920677), np.float64(54861.84878656171), np.float64(54831.9123879385), np.float64(54803.26381773589), np.float64(54793.7190890022), np.float64(54792.31410387322), np.float64(54725.43520867804), np.float64(54697.41816586745), np.float64(54697.40929029703), np.float64(54673.54659374267), np.float64(54655.3118822182), np.float64(54626.41361380101), np.float64(54567.52696994305), np.float64(54571.271556542684), np.float64(54481.70455042839), np.float64(54484.23084286381)]","[np.float64(55035.64047795296), np.float64(55008.03346894084), np.float64(55033.167959032064), np.float64(54985.014622831346), np.float64(54935.58897773076), np.float64(54964.149653787616), np.float64(54895.337607351954), np.float64(54924.81290797234), np.float64(54903.526695473), np.float64(54856.908299230345), np.float64(54856.232830951216), np.float64(54823.34209562722), np.float64(54837.67232680798), np.float64(54829.634398503425), np.float64(54831.9123879385), np.float64(54745.455469554), np.float64(54764.36471634388), np.float64(54697.71348773247), np.float64(54708.40697719097), np.float64(54651.803840698456), np.float64(54691.471252799034), np.float64(54612.28727376127), np.float64(54642.58878107071), np.float64(54578.887755507785), np.float64(54567.52696994305), np.float64(54472.577691059836), np.float64(54481.70455042839), np.float64(54468.49109792685), np.float64(54457.334934377315)]","[np.float64(55035.64047795296), np.float64(55033.167959032064), np.float64(55039.361103820804), np.float64(54985.014622831346), np.float64(54964.149653787616), np.float64(54967.37281399965), np.float64(54924.81290797234), np.float64(54927.52263417721), np.float64(54917.208238189225), np.float64(54856.91702329636), np.float64(54856.232830951216), np.float64(54849.545053601265), np.float64(54837.67232680798), np.float64(54846.29600920677), np.float64(54831.9123879385), np.float64(54797.79639158011), np.float64(54764.36471634388), np.float64(54792.30842979193), np.float64(54708.40697719097), np.float64(54691.471252799034), np.float64(54697.40929029703), np.float64(54665.151417663095), np.float64(54642.58878107071), np.float64(54626.41361380101), np.float64(54567.52696994305), np.float64(54539.128029704094), np.float64(54481.70455042839), np.float64(54479.396994879244), np.float64(54473.248278164865)]"
264,"[np.float64(55041.014085741044), np.float64(55029.69484261036), np.float64(55067.22046831608), np.float64(54990.81370991707), np.float64(54992.075853559974), np.float64(54924.5155618167), np.float64(54931.444152207376), np.float64(54894.797816042905), np.float64(54950.57681268216), np.float64(54905.50305030823), np.float64(54900.3504238987), np.float64(54830.365518288614), np.float64(54865.78035974265), np.float64(54799.56205339909), np.float64(54807.3010376215), np.float64(54806.25987535715), np.float64(54772.95298506022), np.float64(54717.63307852268), np.float64(54669.70136758566), np.float64(54651.128243293766), np.float64(54679.38063527584), np.float64(54589.8896158123), np.float64(54591.54092363119), np.float64(54575.09815769911), np.float64(54496.5800999403), np.float64(54510.83146720171), np.float64(54423.806141476634), np.float64(54378.574498467446), np.float64(54408.62088321448)]","[np.float64(55041.014085741044), np.float64(55077.31420565412), np.float64(55067.22046831608), np.float64(54995.302087733486), np.float64(55016.33223310297), np.float64(54931.444152207376), np.float64(54934.249851727625), np.float64(54952.20854078155), np.float64(54973.32786715955), np.float64(54908.588285065016), np.float64(54900.3504238987), np.float64(54870.61242981553), np.float64(54878.28254436114), np.float64(54807.3010376215), np.float64(54832.07607715975), np.float64(54810.603398081446), np.float64(54772.964570573386), np.float64(54717.63307852268), np.float64(54682.62052632622), np.float64(54684.432955172124), np.float64(54698.652785825994), np.float64(54601.60825194792), np.float64(54594.56673963035), np.float64(54580.87569073102), np.float64(54557.63405126339), np.float64(54510.83146720171), np.float64(54423.817964448725), np.float64(54486.489617920575), np.float64(54414.004833255014)]","[np.float64(55016.56516290983), np.float64(55003.024430687845), np.float64(54990.81370991707), np.float64(54988.73815113813), np.float64(54924.5155618167), np.float64(54903.283040617294), np.float64(54887.99067800309), np.float64(54876.16648513526), np.float64(54876.22202378216), np.float64(54892.52874380796), np.float64(54830.365518288614), np.float64(54794.85355524275), np.float64(54799.55290360577), np.float64(54789.836984055924), np.float64(54804.87949039068), np.float64(54748.36391945122), np.float64(54705.96666889582), np.float64(54663.180432259694), np.float64(54642.53280953488), np.float64(54651.11631249267), np.float64(54589.22459385402), np.float64(54573.95113249737), np.float64(54572.12865488094), np.float64(54461.61152436615), np.float64(54490.24793631781), np.float64(54398.70729596538), np.float64(54352.93261945959), np.float64(54378.54879192747), np.float64(54341.148144319995)]","[np.float64(55029.69484261036), np.float64(55067.22046831608), np.float64(54990.81370991707), np.float64(54992.075853559974), np.float64(54924.5155618167), np.float64(54931.444152207376), np.float64(54894.797816042905), np.float64(54950.57681268216), np.float64(54905.50305030823), np.float64(54900.3504238987), np.float64(54830.365518288614), np.float64(54865.78035974265), np.float64(54799.56205339909), np.float64(54807.3010376215), np.float64(54806.25987535715), np.float64(54772.95298506022), np.float64(54717.63307852268), np.float64(54669.70136758566), np.float64(54651.128243293766), np.float64(54679.38063527584), np.float64(54589.8896158123), np.float64(54591.54092363119), np.float64(54575.09815769911), np.float64(54496.5800999403), np.float64(54510.83146720171), np.float64(54423.806141476634), np.float64(54378.574498467446), np.float64(54408.62088321448), np.float64(54359.92951659441)]"
265,"[np.float64(55003.89024435997), np.float64(55002.70395038605), np.float64(54999.50744701862), np.float64(55005.676896834375), np.float64(54943.7328287983), np.float64(54932.220935235026), np.float64(54903.979489300254), np.float64(54946.621168739795), np.float64(54816.772974298), np.float64(54828.77756876707), np.float64(54816.14132297993), np.float64(54776.305308630464), np.float64(54786.70843199015), np.float64(54853.82611709118), np.float64(54786.94666949034), np.float64(54768.032286076545), np.float64(54658.68101593495), np.float64(54710.78909463883), np.float64(54636.105501639846), np.float64(54578.732374181745), np.float64(54581.410550014974), np.float64(54477.28685451269), np.float64(54565.169577684406), np.float64(54420.115906987194), np.float64(54471.01245141983), np.float64(54427.92468835831), np.float64(54381.084362726215), np.float64(54377.13438497305), np.float64(54362.732348589896)]","[np.float64(55003.89024435997), np.float64(55020.07547834151), np.float64(55020.14452529184), np.float64(55005.676896834375), np.float64(54982.05881846374), np.float64(54932.220935235026), np.float64(54963.09089080207), np.float64(54946.62945873214), np.float64(54854.182827303106), np.float64(54879.029928821976), np.float64(54816.14132297993), np.float64(54835.89677148456), np.float64(54853.82611709118), np.float64(54877.9147976821), np.float64(54786.95833763871), np.float64(54787.598073049696), np.float64(54710.78909463883), np.float64(54734.412982520604), np.float64(54640.19329510155), np.float64(54581.416190826196), np.float64(54624.3563867715), np.float64(54573.88148571108), np.float64(54581.68169944624), np.float64(54471.01245141983), np.float64(54516.191746095246), np.float64(54435.56943523417), np.float64(54381.09602080007), np.float64(54377.13985078604), np.float64(54391.57831135874)]","[np.float64(55002.690460474085), np.float64(54984.48412333962), np.float64(54999.50744701862), np.float64(54869.89428406951), np.float64(54928.60693770125), np.float64(54896.575318192714), np.float64(54903.979489300254), np.float64(54786.50886567718), np.float64(54787.38567537793), np.float64(54816.13266751804), np.float64(54764.60659028219), np.float64(54763.57715777917), np.float64(54786.700966760734), np.float64(54781.38242418146), np.float64(54763.369485300675), np.float64(54630.18279476254), np.float64(54644.368651070115), np.float64(54609.7465000706), np.float64(54578.732374181745), np.float64(54524.032853900055), np.float64(54477.27847687599), np.float64(54465.28169904597), np.float64(54420.107453757715), np.float64(54351.06848502506), np.float64(54419.22367364616), np.float64(54360.89705255603), np.float64(54360.55768658392), np.float64(54362.732348589896), np.float64(54312.430605185946)]","[np.float64(55002.70395038605), np.float64(54999.50744701862), np.float64(55005.676896834375), np.float64(54943.7328287983), np.float64(54932.220935235026), np.float64(54903.979489300254), np.float64(54946.621168739795), np.float64(54816.772974298), np.float64(54828.77756876707), np.float64(54816.14132297993), np.float64(54776.305308630464), np.float64(54786.70843199015), np.float64(54853.82611709118), np.float64(54786.94666949034), np.float64(54768.032286076545), np.float64(54658.68101593495), np.float64(54710.78909463883), np.float64(54636.105501639846), np.float64(54578.732374181745), np.float64(54581.410550014974), np.float64(54477.28685451269), np.float64(54565.169577684406), np.float64(54420.115906987194), np.float64(54471.01245141983), np.float64(54427.92468835831), np.float64(54381.084362726215), np.float64(54377.13438497305), np.float64(54362.732348589896), np.float64(54339.36060593605)]"
266,"[np.float64(55093.15010905981), np.float64(55085.659535722734), np.float64(55081.72848819256), np.float64(55043.13993690491), np.float64(54993.522921013835), np.float64(54969.70664006234), np.float64(54987.39751294136), np.float64(54936.20915976525), np.float64(54914.233102531434), np.float64(54892.30842733145), np.float64(54860.61318152905), np.float64(54842.48408042669), np.float64(54855.47716735602), np.float64(54841.57710382462), np.float64(54795.95075922728), np.float64(54818.121012218), np.float64(54805.68063628912), np.float64(54758.65139475823), np.float64(54723.621081507205), np.float64(54690.979067001346), np.float64(54692.21983365774), np.float64(54658.440975556376), np.float64(54671.326147336964), np.float64(54652.98379147768), np.float64(54642.017783732415), np.float64(54653.31771030903), np.float64(54610.01566227436), np.float64(54536.72878491163), np.float64(54521.803012359145)]","[np.float64(55094.098031009635), np.float64(55085.668001818354), np.float64(55086.70529219824), np.float64(55083.73152314595), np.float64(54993.522921013835), np.float64(54987.39751294136), np.float64(55015.58913234078), np.float64(54936.22406485995), np.float64(54946.33768861863), np.float64(54892.30842733145), np.float64(54875.23522796696), np.float64(54856.8618055282), np.float64(54874.121986003905), np.float64(54844.437751968464), np.float64(54850.286089623376), np.float64(54820.89745213989), np.float64(54842.81438392588), np.float64(54772.61971149442), np.float64(54733.9487790864), np.float64(54700.41457355758), np.float64(54707.12522711651), np.float64(54708.72674176849), np.float64(54671.326147336964), np.float64(54696.7388989053), np.float64(54653.32692362321), np.float64(54657.588664588184), np.float64(54613.177526465515), np.float64(54572.62262329628), np.float64(54527.25391754458)]","[np.float64(55074.471782407694), np.float64(55046.99116301828), np.float64(55041.42710792017), np.float64(54965.1058631269), np.float64(54969.70111794368), np.float64(54927.32201493729), np.float64(54923.96816043707), np.float64(54912.170229050345), np.float64(54883.223428920726), np.float64(54850.71101958074), np.float64(54842.47624088738), np.float64(54816.04283014218), np.float64(54841.076871951846), np.float64(54766.85393272293), np.float64(54793.32960214413), np.float64(54799.800031040206), np.float64(54755.661628740505), np.float64(54705.52146645329), np.float64(54681.199954068084), np.float64(54675.54067681974), np.float64(54658.3852673391), np.float64(54591.944174132484), np.float64(54642.996046207765), np.float64(54624.751400029934), np.float64(54629.818537417246), np.float64(54603.96784289534), np.float64(54496.65593328205), np.float64(54519.38313249104), np.float64(54505.590419042615)]","[np.float64(55085.659535722734), np.float64(55081.72848819256), np.float64(55043.13993690491), np.float64(54993.522921013835), np.float64(54969.70664006234), np.float64(54987.39751294136), np.float64(54936.20915976525), np.float64(54914.233102531434), np.float64(54892.30842733145), np.float64(54860.61318152905), np.float64(54842.48408042669), np.float64(54855.47716735602), np.float64(54841.57710382462), np.float64(54795.95075922728), np.float64(54818.121012218), np.float64(54805.68063628912), np.float64(54758.65139475823), np.float64(54723.621081507205), np.float64(54690.979067001346), np.float64(54692.21983365774), np.float64(54658.440975556376), np.float64(54671.326147336964), np.float64(54652.98379147768), np.float64(54642.017783732415), np.float64(54653.31771030903), np.float64(54610.01566227436), np.float64(54536.72878491163), np.float64(54521.803012359145), np.float64(54522.19320675135)]"
267,"[np.float64(55266.931745300295), np.float64(55138.92686522484), np.float64(55168.209730978015), np.float64(54976.024698567395), np.float64(55123.299515428545), np.float64(55070.970197792056), np.float64(54920.69307332039), np.float64(55043.52678309441), np.float64(55201.23794778824), np.float64(55019.11890048027), np.float64(55153.848001804356), np.float64(55009.28149460077), np.float64(54828.17450594902), np.float64(54946.65477954388), np.float64(54753.57255758524), np.float64(54775.91511423826), np.float64(54540.45185754299), np.float64(54853.76533433438), np.float64(54635.99436706543), np.float64(54687.19070441723), np.float64(54454.563890521524), np.float64(54665.56350414991), np.float64(54606.55748398781), np.float64(54590.56839952231), np.float64(54481.107540130615), np.float64(54521.099245905876), np.float64(54231.191380126475), np.float64(54555.331141588686), np.float64(54308.90599801302)]","[np.float64(55279.32352003624), np.float64(55184.28505395485), np.float64(55169.182113180315), np.float64(55196.83958366479), np.float64(55123.299515428545), np.float64(55070.970197792056), np.float64(55043.52678309441), np.float64(55302.00530942891), np.float64(55201.23794778824), np.float64(55217.440389886884), np.float64(55159.85408970163), np.float64(55009.28149460077), np.float64(54955.85722220343), np.float64(54964.022744275535), np.float64(54775.91511423826), np.float64(54784.163263851355), np.float64(54853.76533433438), np.float64(54900.32270361473), np.float64(54687.19070441723), np.float64(54723.15206787311), np.float64(54677.55866955884), np.float64(54701.24471781337), np.float64(54606.55748398781), np.float64(54639.58437353572), np.float64(54521.099245905876), np.float64(54572.29203756667), np.float64(54555.331141588686), np.float64(54591.365886520696), np.float64(54326.47519740191)]","[np.float64(55126.32217615929), np.float64(55102.96545195252), np.float64(54976.024698567395), np.float64(54975.36553040475), np.float64(55044.642219434274), np.float64(54920.69307332039), np.float64(54899.3935161035), np.float64(55043.52126397035), np.float64(54675.848934457776), np.float64(55019.11890048027), np.float64(54942.76739617636), np.float64(54828.17450594902), np.float64(54783.24936612407), np.float64(54737.76797016802), np.float64(54753.55711676937), np.float64(54478.11139228679), np.float64(54527.776947382874), np.float64(54635.99436706543), np.float64(54626.48268103589), np.float64(54454.563890521524), np.float64(54435.66249161667), np.float64(54606.55748398781), np.float64(54563.53439078481), np.float64(54481.107540130615), np.float64(54442.148013926744), np.float64(54231.18216542376), np.float64(54046.781505863866), np.float64(54308.90599801302), np.float64(53941.81513736202)]","[np.float64(55138.92686522484), np.float64(55168.209730978015), np.float64(54976.024698567395), np.float64(55123.299515428545), np.float64(55070.970197792056), np.float64(54920.69307332039), np.float64(55043.52678309441), np.float64(55201.23794778824), np.float64(55019.11890048027), np.float64(55153.848001804356), np.float64(55009.28149460077), np.float64(54828.17450594902), np.float64(54946.65477954388), np.float64(54753.57255758524), np.float64(54775.91511423826), np.float64(54540.45185754299), np.float64(54853.76533433438), np.float64(54635.99436706543), np.float64(54687.19070441723), np.float64(54454.563890521524), np.float64(54665.56350414991), np.float64(54606.55748398781), np.float64(54590.56839952231), np.float64(54481.107540130615), np.float64(54521.099245905876), np.float64(54231.191380126475), np.float64(54555.331141588686), np.float64(54308.90599801302), np.float64(53988.20806015492)]"
268,"[np.float64(55063.15085670471), np.float64(55045.74638393402), np.float64(55032.08262624741), np.float64(54992.752319283485), np.float64(55012.24504032612), np.float64(54987.12630852222), np.float64(54955.52532750368), np.float64(54952.88604233265), np.float64(54954.90655388832), np.float64(55042.38414453268), np.float64(54988.53281121254), np.float64(54955.75519449711), np.float64(54912.06913336754), np.float64(54908.95839550019), np.float64(54907.897916681766), np.float64(54859.76157904864), np.float64(54850.54320433855), np.float64(54863.72997191668), np.float64(54849.73615870953), np.float64(54836.07935498238), np.float64(54802.86982011795), np.float64(54837.04402369261), np.float64(54826.95897958994), np.float64(54773.954612777234), np.float64(54815.35810110092), np.float64(54785.7033272934), np.float64(54741.0677931428), np.float64(54682.49124436617), np.float64(54672.65731546641)]","[np.float64(55063.15085670471), np.float64(55068.54777758606), np.float64(55032.08831369265), np.float64(55033.862141332065), np.float64(55012.24504032612), np.float64(54993.00077974796), np.float64(55004.82040794932), np.float64(54959.40704560169), np.float64(55066.530735174114), np.float64(55042.39217722873), np.float64(55019.74523532681), np.float64(54955.763718671726), np.float64(54965.77840517769), np.float64(54921.11157373772), np.float64(54945.444296710746), np.float64(54875.735205896344), np.float64(54923.13337581125), np.float64(54867.731804455885), np.float64(54860.74485288731), np.float64(54849.79027822545), np.float64(54850.91491949206), np.float64(54858.41566988189), np.float64(54833.8300897095), np.float64(54830.19075583741), np.float64(54815.35810110092), np.float64(54785.7033272934), np.float64(54826.743551084764), np.float64(54683.87187258819), np.float64(54720.04571803163)]","[np.float64(55011.447386403284), np.float64(55025.11478599654), np.float64(54978.431747991155), np.float64(54950.78447825517), np.float64(54984.33465084651), np.float64(54882.83685036072), np.float64(54948.24184621217), np.float64(54952.88604233265), np.float64(54942.83407138399), np.float64(54980.44108682932), np.float64(54955.75519449711), np.float64(54872.18855186931), np.float64(54885.42648347753), np.float64(54844.92709101194), np.float64(54854.14967515335), np.float64(54848.10842742028), np.float64(54842.599003251176), np.float64(54818.96622919081), np.float64(54820.58224487566), np.float64(54796.19598242927), np.float64(54786.74280292954), np.float64(54811.85121371684), np.float64(54743.13232871883), np.float64(54762.67250128244), np.float64(54773.13148364898), np.float64(54724.36559995094), np.float64(54662.5874886345), np.float64(54672.65731546641), np.float64(54624.84963134979)]","[np.float64(55045.74638393402), np.float64(55032.08262624741), np.float64(54992.752319283485), np.float64(55012.24504032612), np.float64(54987.12630852222), np.float64(54955.52532750368), np.float64(54952.88604233265), np.float64(54954.90655388832), np.float64(55042.38414453268), np.float64(54988.53281121254), np.float64(54955.75519449711), np.float64(54912.06913336754), np.float64(54908.95839550019), np.float64(54907.897916681766), np.float64(54859.76157904864), np.float64(54850.54320433855), np.float64(54863.72997191668), np.float64(54849.73615870953), np.float64(54836.07935498238), np.float64(54802.86982011795), np.float64(54837.04402369261), np.float64(54826.95897958994), np.float64(54773.954612777234), np.float64(54815.35810110092), np.float64(54785.7033272934), np.float64(54741.0677931428), np.float64(54682.49124436617), np.float64(54672.65731546641), np.float64(54706.46205775023)]"
269,"[np.float64(55146.628632886415), np.float64(55143.94298798561), np.float64(55093.64615816832), np.float64(55014.55555774689), np.float64(54939.267742936616), np.float64(55022.43799957752), np.float64(54868.784470231534), np.float64(54923.95177599192), np.float64(54994.627184021476), np.float64(54848.74315905333), np.float64(54920.22587026596), np.float64(54969.88048904896), np.float64(54894.25077123165), np.float64(54976.64076786518), np.float64(54855.11285714626), np.float64(54850.144253108505), np.float64(54726.34201131344), np.float64(54784.68779165745), np.float64(54695.720250809194), np.float64(54793.39517912388), np.float64(54543.748935768606), np.float64(54735.89198686838), np.float64(54570.87658919573), np.float64(54635.18835165262), np.float64(54620.19085029602), np.float64(54613.95495153427), np.float64(54468.55255264759), np.float64(54487.87593189955), np.float64(54390.64618576765)]","[np.float64(55169.44533612203), np.float64(55161.3336662216), np.float64(55096.437439276975), np.float64(55033.5347193466), np.float64(55022.43799957752), np.float64(55107.399201727465), np.float64(54923.95177599192), np.float64(55007.89319595454), np.float64(54994.627184021476), np.float64(54933.182875650855), np.float64(54985.57258392366), np.float64(54969.88048904896), np.float64(54983.03455919747), np.float64(54990.54815562994), np.float64(54855.11285714626), np.float64(54889.108490438804), np.float64(54784.68779165745), np.float64(54814.20121553623), np.float64(54805.419950568714), np.float64(54831.02448762618), np.float64(54737.63179156253), np.float64(54742.460084366176), np.float64(54635.18835165262), np.float64(54799.57027978142), np.float64(54620.19085029602), np.float64(54673.69230088576), np.float64(54488.88114807491), np.float64(54491.04402316607), np.float64(54408.046673966455)]","[np.float64(55143.94298798561), np.float64(55083.66708374018), np.float64(55014.55555774689), np.float64(54936.26038751821), np.float64(54920.6056382658), np.float64(54868.784470231534), np.float64(54850.34057359441), np.float64(54921.93556419845), np.float64(54814.44127902936), np.float64(54846.85135216512), np.float64(54901.186613901766), np.float64(54856.98071944589), np.float64(54894.25077123165), np.float64(54824.26446527841), np.float64(54841.15411622146), np.float64(54705.10267246307), np.float64(54719.97204238288), np.float64(54686.759239492734), np.float64(54668.75470595271), np.float64(54543.748935768606), np.float64(54434.0277700611), np.float64(54570.86526185819), np.float64(54558.55355386848), np.float64(54613.1779015863), np.float64(54580.5912024891), np.float64(54468.55255264759), np.float64(54409.71003601093), np.float64(54321.299457120906), np.float64(54298.600055864124)]","[np.float64(55143.94298798561), np.float64(55093.64615816832), np.float64(55014.55555774689), np.float64(54939.267742936616), np.float64(55022.43799957752), np.float64(54868.784470231534), np.float64(54923.95177599192), np.float64(54994.627184021476), np.float64(54848.74315905333), np.float64(54920.22587026596), np.float64(54969.88048904896), np.float64(54894.25077123165), np.float64(54976.64076786518), np.float64(54855.11285714626), np.float64(54850.144253108505), np.float64(54726.34201131344), np.float64(54784.68779165745), np.float64(54695.720250809194), np.float64(54793.39517912388), np.float64(54543.748935768606), np.float64(54735.89198686838), np.float64(54570.87658919573), np.float64(54635.18835165262), np.float64(54620.19085029602), np.float64(54613.95495153427), np.float64(54468.55255264759), np.float64(54487.87593189955), np.float64(54390.64618576765), np.float64(54321.34598761082)]"
270,"[np.float64(55057.98947345734), np.float64(55073.58025057793), np.float64(55089.64866169215), np.float64(55037.11239937306), np.float64(55000.115789694784), np.float64(55030.96458409786), np.float64(54972.96688805819), np.float64(54967.2348938036), np.float64(54948.58463207245), np.float64(54954.3568047595), np.float64(54906.44981901169), np.float64(54906.42960101843), np.float64(54891.601441452505), np.float64(54880.66196177483), np.float64(54892.99841464281), np.float64(54869.63362594843), np.float64(54793.598518049715), np.float64(54785.53759125948), np.float64(54730.92119362116), np.float64(54688.721863269806), np.float64(54742.84671899557), np.float64(54670.73763632298), np.float64(54665.173567311766), np.float64(54664.92142189264), np.float64(54717.47030436039), np.float64(54613.354464256765), np.float64(54553.26903505326), np.float64(54480.88166522503), np.float64(54508.85834559202)]","[np.float64(55073.58025057793), np.float64(55107.45033171347), np.float64(55089.64866169215), np.float64(55050.10370575316), np.float64(55034.798272932305), np.float64(55030.96458409786), np.float64(55019.92601218934), np.float64(54970.54997735568), np.float64(54966.19320031834), np.float64(54978.67442032779), np.float64(54906.44981901169), np.float64(54922.849911200436), np.float64(54896.91196280522), np.float64(54892.99841464281), np.float64(54999.71770230093), np.float64(54871.87422205385), np.float64(54850.58996305061), np.float64(54785.53759125948), np.float64(54740.63682961299), np.float64(54760.94429433987), np.float64(54742.84671899557), np.float64(54710.951075599456), np.float64(54665.173567311766), np.float64(54742.50083726042), np.float64(54720.637088249125), np.float64(54613.354464256765), np.float64(54559.05627184892), np.float64(54544.73576017043), np.float64(54513.85651643797)]","[np.float64(55027.286053188545), np.float64(55073.571722043875), np.float64(55032.16986267998), np.float64(54990.27485727197), np.float64(55000.115789694784), np.float64(54943.09820751011), np.float64(54954.701080226754), np.float64(54928.95654833114), np.float64(54935.854885889734), np.float64(54906.44981901169), np.float64(54905.51498309413), np.float64(54865.1093235321), np.float64(54864.4769098695), np.float64(54870.92992448327), np.float64(54869.625111746354), np.float64(54770.41734721074), np.float64(54767.56612978617), np.float64(54713.96391783304), np.float64(54659.26829307694), np.float64(54688.721863269806), np.float64(54635.091528093515), np.float64(54661.631242052754), np.float64(54637.96722944565), np.float64(54648.834524868515), np.float64(54603.61312126101), np.float64(54535.07130395954), np.float64(54421.21806238897), np.float64(54480.88166522503), np.float64(54421.1010712588)]","[np.float64(55073.58025057793), np.float64(55089.64866169215), np.float64(55037.11239937306), np.float64(55000.115789694784), np.float64(55030.96458409786), np.float64(54972.96688805819), np.float64(54967.2348938036), np.float64(54948.58463207245), np.float64(54954.3568047595), np.float64(54906.44981901169), np.float64(54906.42960101843), np.float64(54891.601441452505), np.float64(54880.66196177483), np.float64(54892.99841464281), np.float64(54869.63362594843), np.float64(54793.598518049715), np.float64(54785.53759125948), np.float64(54730.92119362116), np.float64(54688.721863269806), np.float64(54742.84671899557), np.float64(54670.73763632298), np.float64(54665.173567311766), np.float64(54664.92142189264), np.float64(54717.47030436039), np.float64(54613.354464256765), np.float64(54553.26903505326), np.float64(54480.88166522503), np.float64(54508.85834559202), np.float64(54463.50874282599)]"
271,"[np.float64(55084.413231654165), np.float64(55060.2363750267), np.float64(55035.55960597992), np.float64(55027.65295406819), np.float64(55026.879776797294), np.float64(54996.34339546204), np.float64(55006.54974752427), np.float64(54962.687261867526), np.float64(55007.35859603167), np.float64(54986.40554350138), np.float64(54960.84755325795), np.float64(54932.95354774237), np.float64(54902.99640547514), np.float64(54894.63195123196), np.float64(54856.59379295826), np.float64(54870.938266010286), np.float64(54849.51350322962), np.float64(54837.16339999676), np.float64(54839.064277694226), np.float64(54780.84070674896), np.float64(54737.82106673479), np.float64(54709.660106441974), np.float64(54661.81660776854), np.float64(54670.05769361973), np.float64(54711.38842292309), np.float64(54658.97424122572), np.float64(54632.62401471138), np.float64(54577.285821836), np.float64(54565.58565625906)]","[np.float64(55084.41892212414), np.float64(55060.870533695066), np.float64(55046.339410041845), np.float64(55044.02036303363), np.float64(55032.9270471865), np.float64(55006.56033069182), np.float64(55024.33958676296), np.float64(55007.35859603167), np.float64(55020.609348602586), np.float64(55011.96931068406), np.float64(54960.85597979682), np.float64(54955.705777992036), np.float64(54903.01014227307), np.float64(54909.5977279289), np.float64(54882.73599150998), np.float64(54900.60950930675), np.float64(54851.76834188978), np.float64(54863.1478926954), np.float64(54839.080390429925), np.float64(54787.71540773864), np.float64(54744.39153039561), np.float64(54721.9407035395), np.float64(54705.95988141829), np.float64(54714.920514541365), np.float64(54724.17058761099), np.float64(54658.97424122572), np.float64(54638.719337344024), np.float64(54587.357610309), np.float64(54581.888390273954)]","[np.float64(55060.22441629604), np.float64(55017.158682427944), np.float64(55027.65295406819), np.float64(54987.810464708105), np.float64(54996.3340788707), np.float64(54986.54156438995), np.float64(54960.72700653135), np.float64(54960.697504813565), np.float64(54968.29659491426), np.float64(54960.84755325795), np.float64(54926.348870796435), np.float64(54868.98699137842), np.float64(54894.63195123196), np.float64(54837.30710146891), np.float64(54855.80901590416), np.float64(54829.64191118018), np.float64(54828.72801835505), np.float64(54818.20203775102), np.float64(54773.9099184466), np.float64(54724.62605551363), np.float64(54706.00531208225), np.float64(54646.43128458857), np.float64(54650.92082924716), np.float64(54649.561461558456), np.float64(54658.32243840108), np.float64(54615.972820424824), np.float64(54576.612020464476), np.float64(54565.58565625906), np.float64(54535.19609145133)]","[np.float64(55060.2363750267), np.float64(55035.55960597992), np.float64(55027.65295406819), np.float64(55026.879776797294), np.float64(54996.34339546204), np.float64(55006.54974752427), np.float64(54962.687261867526), np.float64(55007.35859603167), np.float64(54986.40554350138), np.float64(54960.84755325795), np.float64(54932.95354774237), np.float64(54902.99640547514), np.float64(54894.63195123196), np.float64(54856.59379295826), np.float64(54870.938266010286), np.float64(54849.51350322962), np.float64(54837.16339999676), np.float64(54839.064277694226), np.float64(54780.84070674896), np.float64(54737.82106673479), np.float64(54709.660106441974), np.float64(54661.81660776854), np.float64(54670.05769361973), np.float64(54711.38842292309), np.float64(54658.97424122572), np.float64(54632.62401471138), np.float64(54577.285821836), np.float64(54565.58565625906), np.float64(54558.3258513546)]"
272,"[np.float64(55088.60209079266), np.float64(55177.59680359364), np.float64(54980.04550368548), np.float64(55084.15335961342), np.float64(55072.78827186108), np.float64(55018.202008047105), np.float64(55060.43211610794), np.float64(55077.228117425446), np.float64(54921.74376508474), np.float64(54970.81656925917), np.float64(54923.1903174305), np.float64(54952.95171861649), np.float64(54968.13221212864), np.float64(54915.58603397846), np.float64(54864.62896434307), np.float64(54868.668699684145), np.float64(54869.48939567804), np.float64(54862.5087793684), np.float64(54778.311139605044), np.float64(54859.16031910897), np.float64(54751.798525259495), np.float64(54717.67982458353), np.float64(54782.57288654089), np.float64(54715.33402225733), np.float64(54734.50389929295), np.float64(54694.357274754046), np.float64(54680.79924300671), np.float64(54694.07087464571), np.float64(54616.78392526627)]","[np.float64(55204.175651557314), np.float64(55177.59680359364), np.float64(55096.88184182245), np.float64(55084.15335961342), np.float64(55076.092171803284), np.float64(55060.44329887238), np.float64(55077.228117425446), np.float64(55077.228117425446), np.float64(54987.21967722188), np.float64(54970.83379273696), np.float64(54969.57041604571), np.float64(54979.61311302459), np.float64(54968.137887805075), np.float64(54919.87082475625), np.float64(54868.668699684145), np.float64(54900.151058968215), np.float64(54869.48939567804), np.float64(54889.2356104645), np.float64(54868.51874222336), np.float64(54859.16031910897), np.float64(54784.13592902372), np.float64(54782.57288654089), np.float64(54805.46782776129), np.float64(54748.75343866816), np.float64(54734.50389929295), np.float64(54699.07227635995), np.float64(54694.07087464571), np.float64(54700.076447336854), np.float64(54636.652925466646)]","[np.float64(55051.79893329907), np.float64(54980.04550368548), np.float64(54964.44836305047), np.float64(55072.78262550039), np.float64(55001.56709677013), np.float64(55014.14262377982), np.float64(55044.75860829778), np.float64(54921.74376508474), np.float64(54920.52399952155), np.float64(54858.74519361126), np.float64(54923.1903174305), np.float64(54952.938116169185), np.float64(54915.58603397846), np.float64(54857.48041861034), np.float64(54855.23455178589), np.float64(54860.455254747416), np.float64(54860.1900710571), np.float64(54754.863306290594), np.float64(54778.311139605044), np.float64(54642.593327327355), np.float64(54716.3174775268), np.float64(54717.67982458353), np.float64(54712.28389247845), np.float64(54703.24753634791), np.float64(54669.50837583038), np.float64(54667.85519107118), np.float64(54680.79924300671), np.float64(54580.79781208515), np.float64(54610.53220833611)]","[np.float64(55177.59680359364), np.float64(54980.04550368548), np.float64(55084.15335961342), np.float64(55072.78827186108), np.float64(55018.202008047105), np.float64(55060.43211610794), np.float64(55077.228117425446), np.float64(54921.74376508474), np.float64(54970.81656925917), np.float64(54923.1903174305), np.float64(54952.95171861649), np.float64(54968.13221212864), np.float64(54915.58603397846), np.float64(54864.62896434307), np.float64(54868.668699684145), np.float64(54869.48939567804), np.float64(54862.5087793684), np.float64(54778.311139605044), np.float64(54859.16031910897), np.float64(54751.798525259495), np.float64(54717.67982458353), np.float64(54782.57288654089), np.float64(54715.33402225733), np.float64(54734.50389929295), np.float64(54694.357274754046), np.float64(54680.79924300671), np.float64(54694.07087464571), np.float64(54616.78392526627), np.float64(54633.43621142149)]"
273,"[np.float64(55139.0135321641), np.float64(55083.3387161398), np.float64(55064.148492333894), np.float64(55201.10221680164), np.float64(55191.23197278023), np.float64(55205.80270706892), np.float64(55188.39295444012), np.float64(55065.004473233224), np.float64(55127.806196269994), np.float64(55029.199694941046), np.float64(54985.788572764395), np.float64(54988.87716098309), np.float64(54969.18444921732), np.float64(54976.91635070324), np.float64(54934.21517627716), np.float64(54861.8665683341), np.float64(54907.428653194904), np.float64(54850.13498116255), np.float64(54768.693298556806), np.float64(54797.69684693813), np.float64(54701.78667900324), np.float64(54697.325327675346), np.float64(54695.211066443924), np.float64(54713.33733445167), np.float64(54777.55354435444), np.float64(54770.228707051276), np.float64(54760.52407028675), np.float64(54855.75558328867), np.float64(54679.622349755766)]","[np.float64(55139.0135321641), np.float64(55085.39928915845), np.float64(55210.512956191014), np.float64(55201.10221680164), np.float64(55213.60609878535), np.float64(55304.61948153207), np.float64(55188.39295444012), np.float64(55146.19680043393), np.float64(55127.806196269994), np.float64(55035.46741317676), np.float64(54993.47771749433), np.float64(54988.87716098309), np.float64(55001.139937601954), np.float64(54988.361227660425), np.float64(54934.21517627716), np.float64(54924.50725989671), np.float64(54907.428653194904), np.float64(54858.8815580292), np.float64(54809.403114117755), np.float64(54832.01856366216), np.float64(54701.78667900324), np.float64(54713.031218954915), np.float64(54723.81055991562), np.float64(54777.55354435444), np.float64(54849.96046333109), np.float64(54779.63539523835), np.float64(54880.375143566824), np.float64(54855.75558328867), np.float64(54694.521150672575)]","[np.float64(55079.17579537365), np.float64(55064.148492333894), np.float64(55064.148492333894), np.float64(55191.23197278023), np.float64(55135.914874618335), np.float64(55188.39295444012), np.float64(55065.004473233224), np.float64(55065.004473233224), np.float64(55027.286656148746), np.float64(54985.788572764395), np.float64(54985.77306037979), np.float64(54912.517422318415), np.float64(54969.18444921732), np.float64(54924.268310889216), np.float64(54861.8665683341), np.float64(54782.17529033984), np.float64(54850.13498116255), np.float64(54671.30167221326), np.float64(54762.799589089984), np.float64(54701.78667900324), np.float64(54665.172849166345), np.float64(54695.2021616215), np.float64(54695.20072879912), np.float64(54713.32316476456), np.float64(54770.21961648557), np.float64(54760.52407028675), np.float64(54736.529312417486), np.float64(54679.622349755766), np.float64(54544.507443032715)]","[np.float64(55083.3387161398), np.float64(55064.148492333894), np.float64(55201.10221680164), np.float64(55191.23197278023), np.float64(55205.80270706892), np.float64(55188.39295444012), np.float64(55065.004473233224), np.float64(55127.806196269994), np.float64(55029.199694941046), np.float64(54985.788572764395), np.float64(54988.87716098309), np.float64(54969.18444921732), np.float64(54976.91635070324), np.float64(54934.21517627716), np.float64(54861.8665683341), np.float64(54907.428653194904), np.float64(54850.13498116255), np.float64(54768.693298556806), np.float64(54797.69684693813), np.float64(54701.78667900324), np.float64(54697.325327675346), np.float64(54695.211066443924), np.float64(54713.33733445167), np.float64(54777.55354435444), np.float64(54770.228707051276), np.float64(54760.52407028675), np.float64(54855.75558328867), np.float64(54679.622349755766), np.float64(54576.15786385536)]"
274,"[np.float64(54987.285219373705), np.float64(55000.42846031666), np.float64(54974.1403043294), np.float64(54962.723061881064), np.float64(54933.23157734394), np.float64(54947.82639293671), np.float64(54901.875272676945), np.float64(54915.34715259314), np.float64(54916.747989094256), np.float64(54904.5868017602), np.float64(54876.04066937924), np.float64(54796.59232637644), np.float64(54840.32191414118), np.float64(54855.45437382221), np.float64(54816.739105939865), np.float64(54809.410920434), np.float64(54742.27984252215), np.float64(54721.632120323186), np.float64(54709.730933806895), np.float64(54615.2262383461), np.float64(54621.07954056025), np.float64(54558.24188873291), np.float64(54614.86810943365), np.float64(54592.63089238882), np.float64(54583.902256712914), np.float64(54516.34685849667), np.float64(54481.36432152271), np.float64(54440.544965794084), np.float64(54405.51993240118)]","[np.float64(55000.42846031666), np.float64(55018.57640071851), np.float64(54974.1403043294), np.float64(54981.346507310875), np.float64(54947.84195701788), np.float64(54947.82639293671), np.float64(54926.422128032995), np.float64(54916.75730900772), np.float64(54931.39116948004), np.float64(54927.68740804605), np.float64(54876.04066937924), np.float64(54840.330823310214), np.float64(54869.44867439147), np.float64(54855.470394781034), np.float64(54816.75553429375), np.float64(54822.98250062653), np.float64(54754.9298414913), np.float64(54722.18146596164), np.float64(54709.74073364586), np.float64(54630.799714498055), np.float64(54622.70342350669), np.float64(54631.115467295465), np.float64(54625.256919101994), np.float64(54592.639564360106), np.float64(54618.951039053085), np.float64(54516.34685849667), np.float64(54490.45923690791), np.float64(54470.89632249524), np.float64(54416.22388849501)]","[np.float64(54980.459534451824), np.float64(54958.469800439605), np.float64(54962.723061881064), np.float64(54925.28633306638), np.float64(54933.23157734394), np.float64(54887.161013059325), np.float64(54897.16076177325), np.float64(54904.55894454976), np.float64(54888.945137620896), np.float64(54876.04066937924), np.float64(54793.886031791815), np.float64(54783.269146880215), np.float64(54832.97981401956), np.float64(54810.572205823024), np.float64(54805.78580383507), np.float64(54709.90180330875), np.float64(54715.70660166531), np.float64(54693.82667119299), np.float64(54599.472017750326), np.float64(54615.2262383461), np.float64(54549.68482151352), np.float64(54546.62515846344), np.float64(54578.235481774966), np.float64(54568.61726144424), np.float64(54516.33847460275), np.float64(54453.74645464935), np.float64(54416.19914654571), np.float64(54405.51993240118), np.float64(54327.69333258784)]","[np.float64(55000.42846031666), np.float64(54974.1403043294), np.float64(54962.723061881064), np.float64(54933.23157734394), np.float64(54947.82639293671), np.float64(54901.875272676945), np.float64(54915.34715259314), np.float64(54916.747989094256), np.float64(54904.5868017602), np.float64(54876.04066937924), np.float64(54796.59232637644), np.float64(54840.32191414118), np.float64(54855.45437382221), np.float64(54816.739105939865), np.float64(54809.410920434), np.float64(54742.27984252215), np.float64(54721.632120323186), np.float64(54709.730933806895), np.float64(54615.2262383461), np.float64(54621.07954056025), np.float64(54558.24188873291), np.float64(54614.86810943365), np.float64(54592.63089238882), np.float64(54583.902256712914), np.float64(54516.34685849667), np.float64(54481.36432152271), np.float64(54440.544965794084), np.float64(54405.51993240118), np.float64(54358.01344320774)]"
275,"[np.float64(55081.69899825335), np.float64(55019.740378413204), np.float64(55025.9613390398), np.float64(55031.406546854974), np.float64(55019.83824895382), np.float64(55035.427351973056), np.float64(55001.36402541876), np.float64(54948.041965680124), np.float64(54966.35109706641), np.float64(55054.62491606951), np.float64(54949.96640957356), np.float64(54928.835000860694), np.float64(54913.14145967245), np.float64(54889.56071190357), np.float64(54878.38093429327), np.float64(54851.85312425852), np.float64(54841.12574034453), np.float64(54800.54011492014), np.float64(54780.01949564696), np.float64(54713.93807928324), np.float64(54681.13869925022), np.float64(54680.09792331696), np.float64(54650.802823746206), np.float64(54691.112222447395), np.float64(54686.0038953352), np.float64(54601.33209855795), np.float64(54562.3704802227), np.float64(54495.90698241949), np.float64(54500.69748782873)]","[np.float64(55081.69899825335), np.float64(55025.97329051686), np.float64(55031.406546854974), np.float64(55071.870603971605), np.float64(55043.90446749062), np.float64(55035.43607216636), np.float64(55006.65384481885), np.float64(54970.913765959376), np.float64(55073.05038512478), np.float64(55064.157277229344), np.float64(54949.96640957356), np.float64(54934.274365265876), np.float64(54913.16504172728), np.float64(54893.097669241426), np.float64(54883.30856625716), np.float64(54878.38340154121), np.float64(54854.510864060365), np.float64(54800.55181966611), np.float64(54786.205651475575), np.float64(54722.46380365662), np.float64(54681.13869925022), np.float64(54719.17170675272), np.float64(54691.112222447395), np.float64(54713.044456182004), np.float64(54688.91509917802), np.float64(54601.34080109138), np.float64(54562.3704802227), np.float64(54576.36464601308), np.float64(54502.0866931347)]","[np.float64(55019.73318790384), np.float64(54996.461792293725), np.float64(55025.95239903558), np.float64(55011.225964401376), np.float64(55017.81772201578), np.float64(54999.34525447654), np.float64(54937.01868966533), np.float64(54948.01875104346), np.float64(54951.990357749615), np.float64(54949.96640957356), np.float64(54928.82572572659), np.float64(54855.67800176309), np.float64(54889.56071190357), np.float64(54848.54900044866), np.float64(54851.847052064695), np.float64(54826.0101478744), np.float64(54788.56268467654), np.float64(54737.36329669715), np.float64(54697.502550931174), np.float64(54681.13869925022), np.float64(54663.1589321208), np.float64(54650.79435860674), np.float64(54625.74444578603), np.float64(54674.80139950612), np.float64(54601.33209855795), np.float64(54527.42376768084), np.float64(54495.90698241949), np.float64(54495.90698241949), np.float64(54471.57094117025)]","[np.float64(55019.740378413204), np.float64(55025.9613390398), np.float64(55031.406546854974), np.float64(55019.83824895382), np.float64(55035.427351973056), np.float64(55001.36402541876), np.float64(54948.041965680124), np.float64(54966.35109706641), np.float64(55054.62491606951), np.float64(54949.96640957356), np.float64(54928.835000860694), np.float64(54913.14145967245), np.float64(54889.56071190357), np.float64(54878.38093429327), np.float64(54851.85312425852), np.float64(54841.12574034453), np.float64(54800.54011492014), np.float64(54780.01949564696), np.float64(54713.93807928324), np.float64(54681.13869925022), np.float64(54680.09792331696), np.float64(54650.802823746206), np.float64(54691.112222447395), np.float64(54686.0038953352), np.float64(54601.33209855795), np.float64(54562.3704802227), np.float64(54495.90698241949), np.float64(54500.69748782873), np.float64(54494.119299728874)]"
276,"[np.float64(55094.82214998007), np.float64(55078.13715445995), np.float64(55088.39617632628), np.float64(55064.510484557155), np.float64(55024.14983259916), np.float64(55022.567678043844), np.float64(55030.84392002344), np.float64(54980.223087205886), np.float64(54984.47942550659), np.float64(54926.58809929133), np.float64(54830.20995563984), np.float64(54829.05482570648), np.float64(54862.5614491725), np.float64(54879.96321762562), np.float64(54816.47781735182), np.float64(54818.36105259657), np.float64(54869.49634963751), np.float64(54827.96073608399), np.float64(54767.30443831921), np.float64(54738.83312539101), np.float64(54776.46911300898), np.float64(54726.86755036116), np.float64(54714.586214060786), np.float64(54695.35980391026), np.float64(54701.429580307005), np.float64(54700.48062239408), np.float64(54645.905047073364), np.float64(54574.07489544153), np.float64(54505.173004629614)]","[np.float64(55094.82214998007), np.float64(55090.02946577832), np.float64(55120.164862503254), np.float64(55075.75265374182), np.float64(55024.15535958552), np.float64(55030.84392002344), np.float64(55057.61894929992), np.float64(54985.123919731865), np.float64(55029.096022629325), np.float64(54930.3563132961), np.float64(54871.55829521219), np.float64(54862.5614491725), np.float64(54939.26643018276), np.float64(54895.069789072884), np.float64(54822.7289822236), np.float64(54876.859895172776), np.float64(54932.23148397294), np.float64(54832.91429153585), np.float64(54780.01431569488), np.float64(54789.73597185029), np.float64(54784.793817748054), np.float64(54831.83128743077), np.float64(54714.586214060786), np.float64(54811.79794532799), np.float64(54701.429580307005), np.float64(54732.76078900332), np.float64(54645.914778443446), np.float64(54603.028167260505), np.float64(54522.66937129949)]","[np.float64(55066.14331008167), np.float64(55038.44049780769), np.float64(55022.38149412012), np.float64(54997.708519131455), np.float64(55013.69616092453), np.float64(55003.121379769975), np.float64(54933.00289484732), np.float64(54980.223087205886), np.float64(54924.83417890953), np.float64(54808.17379477343), np.float64(54816.91567230369), np.float64(54810.222148089175), np.float64(54820.72207902489), np.float64(54779.512562164295), np.float64(54804.81851134362), np.float64(54810.82329249359), np.float64(54827.96073608399), np.float64(54565.92807634619), np.float64(54730.700984373696), np.float64(54723.150177285126), np.float64(54720.61877059234), np.float64(54648.76555637668), np.float64(54664.1818351546), np.float64(54677.81730510624), np.float64(54697.05014260155), np.float64(54589.595815917), np.float64(54456.127857364256), np.float64(54473.2770875339), np.float64(54405.158042588664)]","[np.float64(55078.13715445995), np.float64(55088.39617632628), np.float64(55064.510484557155), np.float64(55024.14983259916), np.float64(55022.567678043844), np.float64(55030.84392002344), np.float64(54980.223087205886), np.float64(54984.47942550659), np.float64(54926.58809929133), np.float64(54830.20995563984), np.float64(54829.05482570648), np.float64(54862.5614491725), np.float64(54879.96321762562), np.float64(54816.47781735182), np.float64(54818.36105259657), np.float64(54869.49634963751), np.float64(54827.96073608399), np.float64(54767.30443831921), np.float64(54738.83312539101), np.float64(54776.46911300898), np.float64(54726.86755036116), np.float64(54714.586214060786), np.float64(54695.35980391026), np.float64(54701.429580307005), np.float64(54700.48062239408), np.float64(54645.905047073364), np.float64(54574.07489544153), np.float64(54505.173004629614), np.float64(54428.20606616259)]"
277,"[np.float64(55174.26250880719), np.float64(55144.45191479683), np.float64(55083.492218356136), np.float64(55159.64399824143), np.float64(55119.833224189286), np.float64(55105.02837326527), np.float64(55116.28528831482), np.float64(55038.161288259034), np.float64(55043.35898662806), np.float64(55047.22603197575), np.float64(54975.53792140484), np.float64(54998.20564005137), np.float64(54984.69692990542), np.float64(54968.79232316971), np.float64(55006.04416891575), np.float64(54925.02191308737), np.float64(54914.44004721403), np.float64(54820.881605348586), np.float64(54821.930236680506), np.float64(54819.77811500311), np.float64(54816.63492532492), np.float64(54859.24312273741), np.float64(54810.99191599608), np.float64(54753.28551359177), np.float64(54781.377449398045), np.float64(54753.360461821554), np.float64(54719.96651825428), np.float64(54705.406858789924), np.float64(54658.06559052229)]","[np.float64(55174.26250880719), np.float64(55220.32859571442), np.float64(55159.65398031605), np.float64(55159.64399824143), np.float64(55128.652152795585), np.float64(55127.68436380672), np.float64(55116.29704583556), np.float64(55055.02010234416), np.float64(55047.22603197575), np.float64(55047.235621730004), np.float64(55021.46634413804), np.float64(54998.20564005137), np.float64(55028.16035519381), np.float64(55017.48623088396), np.float64(55006.04416891575), np.float64(54941.010330772006), np.float64(54922.636204170965), np.float64(54824.71684832268), np.float64(54840.281310137805), np.float64(54843.58691644946), np.float64(54859.25448171702), np.float64(54881.279397070095), np.float64(54810.99742168957), np.float64(54786.9166580665), np.float64(54825.07525105322), np.float64(54791.50372773549), np.float64(54734.83618168842), np.float64(54740.07751336881), np.float64(54692.73656890385)]","[np.float64(55078.08802209343), np.float64(55083.492218356136), np.float64(55083.492218356136), np.float64(55099.404418878745), np.float64(55088.5244718516), np.float64(55103.33626702235), np.float64(55038.161288259034), np.float64(55008.75017118709), np.float64(55043.35898662806), np.float64(54905.39920622641), np.float64(54975.53792140484), np.float64(54943.47009852993), np.float64(54948.41143897075), np.float64(54960.09478369928), np.float64(54914.12833176228), np.float64(54914.43155087571), np.float64(54805.535764405635), np.float64(54784.23821902579), np.float64(54789.31871100958), np.float64(54816.62645125098), np.float64(54751.86701193457), np.float64(54770.83604032181), np.float64(54730.2614379991), np.float64(54734.689398604096), np.float64(54737.62827410923), np.float64(54719.95760349138), np.float64(54693.9666079474), np.float64(54639.82388096467), np.float64(54611.294744404455)]","[np.float64(55144.45191479683), np.float64(55083.492218356136), np.float64(55159.64399824143), np.float64(55119.833224189286), np.float64(55105.02837326527), np.float64(55116.28528831482), np.float64(55038.161288259034), np.float64(55043.35898662806), np.float64(55047.22603197575), np.float64(54975.53792140484), np.float64(54998.20564005137), np.float64(54984.69692990542), np.float64(54968.79232316971), np.float64(55006.04416891575), np.float64(54925.02191308737), np.float64(54914.44004721403), np.float64(54820.881605348586), np.float64(54821.930236680506), np.float64(54819.77811500311), np.float64(54816.63492532492), np.float64(54859.24312273741), np.float64(54810.99191599608), np.float64(54753.28551359177), np.float64(54781.377449398045), np.float64(54753.360461821554), np.float64(54719.96651825428), np.float64(54705.406858789924), np.float64(54658.06559052229), np.float64(54683.96020391464)]"
278,"[np.float64(54958.03145722866), np.float64(55006.14203945637), np.float64(54967.99802646637), np.float64(54956.770472579), np.float64(54913.2456402874), np.float64(54901.12669181824), np.float64(54915.63458291769), np.float64(54854.13131864548), np.float64(54853.88071855068), np.float64(54885.169028947355), np.float64(54825.897470555305), np.float64(54782.81704778433), np.float64(54807.44359379053), np.float64(54765.13119720936), np.float64(54771.17637719393), np.float64(54785.25724367142), np.float64(54788.59411399841), np.float64(54686.82304600477), np.float64(54624.58098792791), np.float64(54702.42605694294), np.float64(54634.482911098006), np.float64(54582.18398483992), np.float64(54616.04873721838), np.float64(54547.785451684), np.float64(54596.48866579056), np.float64(54600.002862083915), np.float64(54553.14128824234), np.float64(54523.199470441345), np.float64(54557.9722296381)]","[np.float64(55006.14203945637), np.float64(55020.312009180525), np.float64(54967.99802646637), np.float64(54957.32070046586), np.float64(54913.2456402874), np.float64(54918.21318249071), np.float64(54919.694849515115), np.float64(54854.13131864548), np.float64(54898.737309612254), np.float64(54885.169028947355), np.float64(54834.18596703127), np.float64(54849.9262762972), np.float64(54807.452598960816), np.float64(54779.52002013227), np.float64(54785.25724367142), np.float64(54788.59411399841), np.float64(54807.075606281374), np.float64(54689.057276067935), np.float64(54711.77756084722), np.float64(54702.42605694294), np.float64(54634.49575556328), np.float64(54642.75530352188), np.float64(54616.04873721838), np.float64(54601.74511147318), np.float64(54600.002862083915), np.float64(54600.002862083915), np.float64(54553.14973256712), np.float64(54573.57082869484), np.float64(54557.98086382183)]","[np.float64(54939.27270080725), np.float64(54967.99802646637), np.float64(54948.84262451975), np.float64(54913.23069787941), np.float64(54901.12669181824), np.float64(54896.3705314814), np.float64(54820.80073616836), np.float64(54853.88071855068), np.float64(54853.88071855068), np.float64(54820.408573197434), np.float64(54782.81704778433), np.float64(54782.81704778433), np.float64(54755.00689794158), np.float64(54764.73522719717), np.float64(54767.887465971864), np.float64(54776.25444975938), np.float64(54686.81455835824), np.float64(54624.57117301299), np.float64(54612.42112162915), np.float64(54614.225559793274), np.float64(54569.514215332136), np.float64(54582.18398483992), np.float64(54535.876898492694), np.float64(54536.17804031214), np.float64(54589.63872200578), np.float64(54534.28052207257), np.float64(54523.190271623906), np.float64(54523.19358024119), np.float64(54530.336602127434)]","[np.float64(55006.14203945637), np.float64(54967.99802646637), np.float64(54956.770472579), np.float64(54913.2456402874), np.float64(54901.12669181824), np.float64(54915.63458291769), np.float64(54854.13131864548), np.float64(54853.88071855068), np.float64(54885.169028947355), np.float64(54825.897470555305), np.float64(54782.81704778433), np.float64(54807.44359379053), np.float64(54765.13119720936), np.float64(54771.17637719393), np.float64(54785.25724367142), np.float64(54788.59411399841), np.float64(54686.82304600477), np.float64(54624.58098792791), np.float64(54702.42605694294), np.float64(54634.482911098006), np.float64(54582.18398483992), np.float64(54616.04873721838), np.float64(54547.785451684), np.float64(54596.48866579056), np.float64(54600.002862083915), np.float64(54553.14128824234), np.float64(54523.199470441345), np.float64(54557.9722296381), np.float64(54536.809656884674)]"
279,"[np.float64(55090.99695716619), np.float64(55074.67537041664), np.float64(55085.43134283066), np.float64(55122.14464304924), np.float64(55128.066712195876), np.float64(55053.77279848099), np.float64(55019.997932467464), np.float64(54999.1475152278), np.float64(54984.53209531069), np.float64(54955.66453547001), np.float64(54963.8794795847), np.float64(54965.698197538855), np.float64(54904.09847927332), np.float64(54904.60882263184), np.float64(54874.013976526265), np.float64(54877.98082406998), np.float64(54827.97245479345), np.float64(54874.53990190506), np.float64(54767.36019877195), np.float64(54719.33473815918), np.float64(54702.66094624042), np.float64(54631.6610201025), np.float64(54623.690108454226), np.float64(54668.520095915796), np.float64(54661.633615612984), np.float64(54680.1717125535), np.float64(54617.95450844288), np.float64(54540.24104954958), np.float64(54434.018932390216)]","[np.float64(55090.99695716619), np.float64(55115.6712367241), np.float64(55127.77872055166), np.float64(55160.95657990177), np.float64(55143.31201157914), np.float64(55053.77279848099), np.float64(55042.42801355576), np.float64(55000.88091065109), np.float64(55005.52256359904), np.float64(55065.20999655348), np.float64(54965.698197538855), np.float64(54996.08782025175), np.float64(54904.60882263184), np.float64(54935.39217681601), np.float64(54881.66639445592), np.float64(54914.23653053677), np.float64(54883.98492741735), np.float64(54925.57719702466), np.float64(54767.37362766807), np.float64(54757.5080232688), np.float64(54720.156557239294), np.float64(54663.31608880875), np.float64(54704.537239336045), np.float64(54679.405290070856), np.float64(54699.543418658046), np.float64(54680.1717125535), np.float64(54653.85269356431), np.float64(54549.04687268295), np.float64(54466.888345012856)]","[np.float64(55064.109515978285), np.float64(55061.85582509008), np.float64(55085.43134283066), np.float64(55074.5877637017), np.float64(55053.66102735411), np.float64(54986.3985232761), np.float64(54995.56844643665), np.float64(54957.527074613485), np.float64(54919.56373379898), np.float64(54955.66453547001), np.float64(54924.820679594784), np.float64(54904.08299688183), np.float64(54904.08976038859), np.float64(54852.20768657879), np.float64(54852.846583744904), np.float64(54819.11047633421), np.float64(54817.88352310704), np.float64(54701.17429164452), np.float64(54712.1110322836), np.float64(54659.65363908969), np.float64(54626.08444518596), np.float64(54591.83059508095), np.float64(54619.101477852), np.float64(54596.96193214864), np.float64(54649.149085081495), np.float64(54587.538163404155), np.float64(54500.09634945159), np.float64(54434.018932390216), np.float64(54349.96887459663)]","[np.float64(55074.67537041664), np.float64(55085.43134283066), np.float64(55122.14464304924), np.float64(55128.066712195876), np.float64(55053.77279848099), np.float64(55019.997932467464), np.float64(54999.1475152278), np.float64(54984.53209531069), np.float64(54955.66453547001), np.float64(54963.8794795847), np.float64(54965.698197538855), np.float64(54904.09847927332), np.float64(54904.60882263184), np.float64(54874.013976526265), np.float64(54877.98082406998), np.float64(54827.97245479345), np.float64(54874.53990190506), np.float64(54767.36019877195), np.float64(54719.33473815918), np.float64(54702.66094624042), np.float64(54631.6610201025), np.float64(54623.690108454226), np.float64(54668.520095915796), np.float64(54661.633615612984), np.float64(54680.1717125535), np.float64(54617.95450844288), np.float64(54540.24104954958), np.float64(54434.018932390216), np.float64(54395.15956301451)]"
280,"[np.float64(55130.385213792324), np.float64(55114.85483309746), np.float64(55132.633403131964), np.float64(55129.710550947195), np.float64(55115.75949171305), np.float64(55053.003613297944), np.float64(55013.87548626662), np.float64(54997.97667449713), np.float64(55006.56893530131), np.float64(55002.14737607479), np.float64(54983.30858477593), np.float64(54986.346434845924), np.float64(54940.601357829575), np.float64(54956.2473802948), np.float64(54902.437126846315), np.float64(54872.18547151804), np.float64(54862.17292888165), np.float64(54858.781457095145), np.float64(54835.1301395154), np.float64(54774.89378363609), np.float64(54737.83806530237), np.float64(54701.424686779974), np.float64(54748.803944270614), np.float64(54749.07862566948), np.float64(54681.25459857464), np.float64(54632.49034415722), np.float64(54632.29241386652), np.float64(54582.63509076595), np.float64(54534.2950278759)]","[np.float64(55144.110456021655), np.float64(55152.51778533675), np.float64(55134.925697323866), np.float64(55129.72187401846), np.float64(55115.77130001962), np.float64(55062.82891519698), np.float64(55036.33380232987), np.float64(55030.84197702622), np.float64(55021.57514160507), np.float64(55011.98250294088), np.float64(54996.30033121781), np.float64(55022.29611692057), np.float64(54958.204034254195), np.float64(54964.66838282081), np.float64(54953.9735633673), np.float64(54877.78770894), np.float64(54884.100314146504), np.float64(54891.38099207179), np.float64(54837.69011894384), np.float64(54818.21201806758), np.float64(54737.83806530237), np.float64(54780.159928703535), np.float64(54761.036718260955), np.float64(54780.59526365801), np.float64(54681.25459857464), np.float64(54661.48898122886), np.float64(54632.30100623433), np.float64(54623.66955569966), np.float64(54558.90543967721)]","[np.float64(55108.37427073978), np.float64(55114.807123543906), np.float64(55063.057418170865), np.float64(55106.53355557187), np.float64(55039.6195607705), np.float64(55013.86558464), np.float64(54974.45455384316), np.float64(54997.96739975287), np.float64(54970.92069906504), np.float64(54983.29105487342), np.float64(54961.64597211839), np.float64(54937.20303746889), np.float64(54932.487755085654), np.float64(54891.504279455396), np.float64(54865.6206432277), np.float64(54832.87635545999), np.float64(54833.10290275327), np.float64(54829.66372758314), np.float64(54743.51590105065), np.float64(54728.87800452829), np.float64(54671.18565756942), np.float64(54656.28295145441), np.float64(54741.73143657914), np.float64(54658.67843168934), np.float64(54608.001955892316), np.float64(54615.08166842436), np.float64(54535.1636658696), np.float64(54523.50479834817), np.float64(54519.632035511524)]","[np.float64(55114.85483309746), np.float64(55132.633403131964), np.float64(55129.710550947195), np.float64(55115.75949171305), np.float64(55053.003613297944), np.float64(55013.87548626662), np.float64(54997.97667449713), np.float64(55006.56893530131), np.float64(55002.14737607479), np.float64(54983.30858477593), np.float64(54986.346434845924), np.float64(54940.601357829575), np.float64(54956.2473802948), np.float64(54902.437126846315), np.float64(54872.18547151804), np.float64(54862.17292888165), np.float64(54858.781457095145), np.float64(54835.1301395154), np.float64(54774.89378363609), np.float64(54737.83806530237), np.float64(54701.424686779974), np.float64(54748.803944270614), np.float64(54749.07862566948), np.float64(54681.25459857464), np.float64(54632.49034415722), np.float64(54632.29241386652), np.float64(54582.63509076595), np.float64(54534.2950278759), np.float64(54549.509260969164)]"
281,"[np.float64(55029.56606558323), np.float64(55027.92415848732), np.float64(54974.18292952538), np.float64(54962.381287651064), np.float64(54874.731264567374), np.float64(54930.4056942606), np.float64(54889.036975734234), np.float64(54923.15477497101), np.float64(54959.40100091219), np.float64(54916.17119678974), np.float64(54895.96762655735), np.float64(54857.29137811423), np.float64(54868.55936798811), np.float64(54835.5307648468), np.float64(54767.82881837368), np.float64(54714.66798747301), np.float64(54675.015351610185), np.float64(54659.334430570605), np.float64(54659.88340703726), np.float64(54598.08022106886), np.float64(54610.90151944399), np.float64(54630.070623817446), np.float64(54586.58506851912), np.float64(54597.01871203422), np.float64(54567.588525362014), np.float64(54474.62902544975), np.float64(54498.09271490097), np.float64(54506.30212160349), np.float64(54433.983776261804)]","[np.float64(55029.57459728554), np.float64(55030.649193408986), np.float64(54974.19168566943), np.float64(54962.381287651064), np.float64(54943.23810776187), np.float64(54933.362098257974), np.float64(54931.24475186334), np.float64(54959.409677372605), np.float64(54980.49904246849), np.float64(54916.17119678974), np.float64(54900.66996582792), np.float64(54874.64633939065), np.float64(54900.82465558126), np.float64(54835.5307648468), np.float64(54790.111451943325), np.float64(54724.3020226261), np.float64(54678.652305538664), np.float64(54667.94648834135), np.float64(54659.900501219156), np.float64(54614.01431165261), np.float64(54645.77685187776), np.float64(54642.15355321943), np.float64(54600.15575040356), np.float64(54597.01871203422), np.float64(54671.448652275205), np.float64(54498.101665737384), np.float64(54537.67248426957), np.float64(54510.749189928996), np.float64(54449.840899440605)]","[np.float64(55021.375685293715), np.float64(54974.17001490782), np.float64(54962.381287651064), np.float64(54874.7257525786), np.float64(54869.30493210292), np.float64(54860.32436416035), np.float64(54889.02203318566), np.float64(54892.81016276886), np.float64(54893.08339522642), np.float64(54894.89034674712), np.float64(54857.29137811423), np.float64(54844.58484855534), np.float64(54813.72781076881), np.float64(54759.8652310368), np.float64(54708.89710594137), np.float64(54645.60151248361), np.float64(54650.17381109579), np.float64(54659.3254079095), np.float64(54588.54540034043), np.float64(54592.015495960724), np.float64(54601.446921938936), np.float64(54579.99311263824), np.float64(54572.98671836276), np.float64(54553.27199424909), np.float64(54474.62120345795), np.float64(54463.32160929614), np.float64(54467.51449575289), np.float64(54433.978145283596), np.float64(54327.43106879431)]","[np.float64(55027.92415848732), np.float64(54974.18292952538), np.float64(54962.381287651064), np.float64(54874.731264567374), np.float64(54930.4056942606), np.float64(54889.036975734234), np.float64(54923.15477497101), np.float64(54959.40100091219), np.float64(54916.17119678974), np.float64(54895.96762655735), np.float64(54857.29137811423), np.float64(54868.55936798811), np.float64(54835.5307648468), np.float64(54767.82881837368), np.float64(54714.66798747301), np.float64(54675.015351610185), np.float64(54659.334430570605), np.float64(54659.88340703726), np.float64(54598.08022106886), np.float64(54610.90151944399), np.float64(54630.070623817446), np.float64(54586.58506851912), np.float64(54597.01871203422), np.float64(54567.588525362014), np.float64(54474.62902544975), np.float64(54498.09271490097), np.float64(54506.30212160349), np.float64(54433.983776261804), np.float64(54342.217266728876)]"
282,"[np.float64(55162.68893104792), np.float64(55051.42905658722), np.float64(55061.39755748033), np.float64(54999.908716235164), np.float64(55001.72666152716), np.float64(54997.874554314614), np.float64(54975.0620902896), np.float64(54920.079322009085), np.float64(54938.401717429166), np.float64(54863.883087801936), np.float64(54884.330304169656), np.float64(54940.57431465387), np.float64(54864.84762773514), np.float64(54946.78072347641), np.float64(54847.564462924005), np.float64(54813.70846738339), np.float64(54822.17697346449), np.float64(54868.099762778285), np.float64(54760.62953867197), np.float64(54649.1338734746), np.float64(54657.890453765394), np.float64(54656.512024466996), np.float64(54596.330913932325), np.float64(54573.92718819142), np.float64(54561.99187576294), np.float64(54568.9963158226), np.float64(54406.772417767046), np.float64(54266.62489424944), np.float64(54273.62328178882)]","[np.float64(55162.68893104792), np.float64(55061.40900880139), np.float64(55081.3716820236), np.float64(55001.73534757998), np.float64(55006.31187702389), np.float64(54997.88021375947), np.float64(54989.81859334217), np.float64(54938.401717429166), np.float64(54951.63506607616), np.float64(54884.343379096594), np.float64(54940.58322896939), np.float64(54973.19893924933), np.float64(54946.789431844736), np.float64(54946.789207841866), np.float64(54858.47570836966), np.float64(54873.23808477936), np.float64(54868.099762778285), np.float64(54966.247900475304), np.float64(54760.62953867197), np.float64(54672.392940965816), np.float64(54684.62251469982), np.float64(54699.57608158769), np.float64(54596.330913932325), np.float64(54596.92011968068), np.float64(54569.00179485072), np.float64(54585.4669482921), np.float64(54406.772417767046), np.float64(54371.698857642456), np.float64(54280.68590365181)]","[np.float64(55047.88297087619), np.float64(54931.18629317003), np.float64(54999.908716235164), np.float64(54954.26187892161), np.float64(54997.594426393196), np.float64(54975.0620902896), np.float64(54901.25320698305), np.float64(54920.07741229034), np.float64(54822.92209208136), np.float64(54863.87583652841), np.float64(54868.968471589964), np.float64(54843.96123854164), np.float64(54864.84762773514), np.float64(54826.83860734481), np.float64(54797.570100103374), np.float64(54806.27696549127), np.float64(54822.17697346449), np.float64(54709.20396521828), np.float64(54639.279589482365), np.float64(54608.63512194215), np.float64(54655.51705870888), np.float64(54558.85656754781), np.float64(54573.91373677718), np.float64(54468.66887856247), np.float64(54561.98117424791), np.float64(54356.65711272149), np.float64(54266.62489424944), np.float64(54254.83845676631), np.float64(54203.1060985351)]","[np.float64(55051.42905658722), np.float64(55061.39755748033), np.float64(54999.908716235164), np.float64(55001.72666152716), np.float64(54997.874554314614), np.float64(54975.0620902896), np.float64(54920.079322009085), np.float64(54938.401717429166), np.float64(54863.883087801936), np.float64(54884.330304169656), np.float64(54940.57431465387), np.float64(54864.84762773514), np.float64(54946.78072347641), np.float64(54847.564462924005), np.float64(54813.70846738339), np.float64(54822.17697346449), np.float64(54868.099762778285), np.float64(54760.62953867197), np.float64(54649.1338734746), np.float64(54657.890453765394), np.float64(54656.512024466996), np.float64(54596.330913932325), np.float64(54573.92718819142), np.float64(54561.99187576294), np.float64(54568.9963158226), np.float64(54406.772417767046), np.float64(54266.62489424944), np.float64(54273.62328178882), np.float64(54264.21702139616)]"
283,"[np.float64(55206.92345353604), np.float64(55170.17126265526), np.float64(55097.74010863781), np.float64(55171.36116238594), np.float64(55151.144585673814), np.float64(55087.67978972435), np.float64(55060.875237858294), np.float64(55082.94646131516), np.float64(55013.744906361106), np.float64(54942.09388357401), np.float64(55005.49197302342), np.float64(55043.618086006645), np.float64(55021.85644252301), np.float64(54963.10243900299), np.float64(54961.8816327858), np.float64(54945.08022283316), np.float64(54905.076927125454), np.float64(54901.94043385267), np.float64(54849.27565206051), np.float64(54879.514558463095), np.float64(54867.64234677792), np.float64(54823.68701288462), np.float64(54819.74463297606), np.float64(54803.546800949574), np.float64(54720.33868386269), np.float64(54740.55049582481), np.float64(54710.95341412544), np.float64(54724.3401724267), np.float64(54686.21483210564)]","[np.float64(55215.25192365017), np.float64(55170.18501403847), np.float64(55200.79985268851), np.float64(55171.36116238594), np.float64(55169.578397512734), np.float64(55229.35913271275), np.float64(55082.94646131516), np.float64(55129.00640057407), np.float64(55083.24693449395), np.float64(55031.64101162312), np.float64(55048.32487332759), np.float64(55047.901566245564), np.float64(55030.51536433404), np.float64(55004.51878660247), np.float64(54961.8816327858), np.float64(54989.224348325966), np.float64(54917.18607178966), np.float64(54916.923258432864), np.float64(54940.0809469255), np.float64(54894.41159610404), np.float64(54874.891753041426), np.float64(54826.71265908816), np.float64(54964.672556095014), np.float64(54816.32211089554), np.float64(54756.16948908198), np.float64(54781.93299575376), np.float64(54743.07811560369), np.float64(54724.3401724267), np.float64(54740.079869932684)]","[np.float64(55165.877763570796), np.float64(55097.731635522265), np.float64(55055.40977850118), np.float64(55146.13227836032), np.float64(55036.94756346197), np.float64(55060.86230330431), np.float64(55058.55673498765), np.float64(55012.525585719806), np.float64(54927.68870855902), np.float64(54894.5827315091), np.float64(54974.94875562225), np.float64(55007.03217765985), np.float64(54949.68092689996), np.float64(54939.18838776107), np.float64(54919.75890026779), np.float64(54860.23789775874), np.float64(54856.49161505064), np.float64(54834.52390511319), np.float64(54788.28899629576), np.float64(54854.006528797036), np.float64(54740.72569774601), np.float64(54814.452675324), np.float64(54760.76838004101), np.float64(54703.41936417883), np.float64(54691.9774827327), np.float64(54706.05731103173), np.float64(54650.352391609464), np.float64(54603.96112786099), np.float64(54642.697957923876)]","[np.float64(55170.17126265526), np.float64(55097.74010863781), np.float64(55171.36116238594), np.float64(55151.144585673814), np.float64(55087.67978972435), np.float64(55060.875237858294), np.float64(55082.94646131516), np.float64(55013.744906361106), np.float64(54942.09388357401), np.float64(55005.49197302342), np.float64(55043.618086006645), np.float64(55021.85644252301), np.float64(54963.10243900299), np.float64(54961.8816327858), np.float64(54945.08022283316), np.float64(54905.076927125454), np.float64(54901.94043385267), np.float64(54849.27565206051), np.float64(54879.514558463095), np.float64(54867.64234677792), np.float64(54823.68701288462), np.float64(54819.74463297606), np.float64(54803.546800949574), np.float64(54720.33868386269), np.float64(54740.55049582481), np.float64(54710.95341412544), np.float64(54724.3401724267), np.float64(54686.21483210564), np.float64(54681.108179094794)]"
284,"[np.float64(55144.05759953976), np.float64(55102.349295992855), np.float64(55077.92196804762), np.float64(55100.38029524803), np.float64(55113.478979339605), np.float64(55065.92999372721), np.float64(54989.962622544765), np.float64(55010.42026985169), np.float64(54993.97789025069), np.float64(54934.59931814909), np.float64(54917.181066236495), np.float64(54923.974440748694), np.float64(54905.37156896353), np.float64(54902.46417002201), np.float64(54849.287241992955), np.float64(54841.80671326399), np.float64(54820.78849955797), np.float64(54766.894412264824), np.float64(54745.7033797884), np.float64(54753.8272785449), np.float64(54779.56207964659), np.float64(54730.31748691797), np.float64(54639.29839925051), np.float64(54619.97321712017), np.float64(54630.82087877751), np.float64(54721.826187303064), np.float64(54674.2227290082), np.float64(54627.14687019348), np.float64(54576.15876529455)]","[np.float64(55147.910312604385), np.float64(55102.349295992855), np.float64(55118.36937941473), np.float64(55148.87251150506), np.float64(55124.438326921794), np.float64(55065.92999372721), np.float64(55024.46003250769), np.float64(55010.42877273328), np.float64(55011.72994024809), np.float64(54969.41505962798), np.float64(54926.687495024096), np.float64(54923.99834541809), np.float64(54905.37156896353), np.float64(54929.22446005563), np.float64(54849.311841866576), np.float64(54891.7972358125), np.float64(54820.78849955797), np.float64(54812.121576322716), np.float64(54753.835093524765), np.float64(54799.89321376594), np.float64(54781.84835803857), np.float64(54741.74600871516), np.float64(54709.22840069351), np.float64(54639.425318774454), np.float64(54738.78848691024), np.float64(54745.71847320043), np.float64(54674.2227290082), np.float64(54673.67898679443), np.float64(54582.52881708392)]","[np.float64(55102.349295992855), np.float64(55062.79716078417), np.float64(55077.92196804762), np.float64(55085.417671197385), np.float64(55056.10086529732), np.float64(54989.956935238806), np.float64(54988.27636881389), np.float64(54971.299618090714), np.float64(54895.43588088644), np.float64(54917.17179809), np.float64(54859.157056535914), np.float64(54899.87234047006), np.float64(54899.08502895697), np.float64(54839.46809131415), np.float64(54812.12004714257), np.float64(54819.00768037669), np.float64(54744.71576255528), np.float64(54710.00157133593), np.float64(54739.02489128566), np.float64(54733.77107795249), np.float64(54718.052395817744), np.float64(54596.38299185574), np.float64(54619.96521462099), np.float64(54571.83158931113), np.float64(54624.679727703064), np.float64(54645.31848123057), np.float64(54623.40913026734), np.float64(54535.13280372643), np.float64(54536.117744216885)]","[np.float64(55102.349295992855), np.float64(55077.92196804762), np.float64(55100.38029524803), np.float64(55113.478979339605), np.float64(55065.92999372721), np.float64(54989.962622544765), np.float64(55010.42026985169), np.float64(54993.97789025069), np.float64(54934.59931814909), np.float64(54917.181066236495), np.float64(54923.974440748694), np.float64(54905.37156896353), np.float64(54902.46417002201), np.float64(54849.287241992955), np.float64(54841.80671326399), np.float64(54820.78849955797), np.float64(54766.894412264824), np.float64(54745.7033797884), np.float64(54753.8272785449), np.float64(54779.56207964659), np.float64(54730.31748691797), np.float64(54639.29839925051), np.float64(54619.97321712017), np.float64(54630.82087877751), np.float64(54721.826187303064), np.float64(54674.2227290082), np.float64(54627.14687019348), np.float64(54576.15876529455), np.float64(54541.276674401764)]"
285,"[np.float64(55049.966407113076), np.float64(55052.82319668293), np.float64(54997.814672997), np.float64(55020.729128427505), np.float64(54942.78039390564), np.float64(54871.91529731512), np.float64(55001.83251624346), np.float64(54889.9310746336), np.float64(54926.73335977793), np.float64(54802.30809472561), np.float64(54880.92492446423), np.float64(54820.20771516562), np.float64(54930.77154979468), np.float64(54793.42351006985), np.float64(54712.25431965351), np.float64(54754.376383788585), np.float64(54806.21338685036), np.float64(54739.804748060706), np.float64(54658.06430275202), np.float64(54677.80491957188), np.float64(54736.825362761025), np.float64(54636.96006599188), np.float64(54734.87876921892), np.float64(54689.555565743445), np.float64(54668.74571326733), np.float64(54763.65296571493), np.float64(54601.3047978282), np.float64(54681.91161896706), np.float64(54632.2230030489)]","[np.float64(55052.833991350504), np.float64(55062.81847428502), np.float64(55020.729128427505), np.float64(55020.729128427505), np.float64(54954.856512828395), np.float64(55001.83251624346), np.float64(55019.51063100631), np.float64(54926.73335977793), np.float64(54950.93381561317), np.float64(54880.93346704658), np.float64(54883.99985752959), np.float64(54930.77154979468), np.float64(54935.886424611126), np.float64(54801.16578928063), np.float64(54756.01392201519), np.float64(54829.29760837689), np.float64(54824.48579387862), np.float64(54739.804748060706), np.float64(54693.88166086006), np.float64(54736.825362761025), np.float64(54748.74006951211), np.float64(54747.26335323145), np.float64(54734.87876921892), np.float64(54695.29649908755), np.float64(54771.530975744274), np.float64(54763.66136942607), np.float64(54681.91161896706), np.float64(54691.08493336286), np.float64(54637.25811255018)]","[np.float64(55049.966407113076), np.float64(54997.797813992904), np.float64(54965.0250097594), np.float64(54939.948509224196), np.float64(54868.874066992284), np.float64(54859.42584453795), np.float64(54881.37815662221), np.float64(54889.91911858366), np.float64(54787.89716406137), np.float64(54802.30809472561), np.float64(54816.75589344154), np.float64(54820.20771516562), np.float64(54793.42351006985), np.float64(54708.149315204624), np.float64(54712.24589585015), np.float64(54708.696895910114), np.float64(54739.7967348229), np.float64(54648.83636408234), np.float64(54645.594776002), np.float64(54677.80491957188), np.float64(54615.48105942371), np.float64(54636.96006599188), np.float64(54642.27123737502), np.float64(54665.76644948766), np.float64(54668.737084696295), np.float64(54601.296042493166), np.float64(54600.637874568136), np.float64(54632.2230030489), np.float64(54522.68084023933)]","[np.float64(55052.82319668293), np.float64(54997.814672997), np.float64(55020.729128427505), np.float64(54942.78039390564), np.float64(54871.91529731512), np.float64(55001.83251624346), np.float64(54889.9310746336), np.float64(54926.73335977793), np.float64(54802.30809472561), np.float64(54880.92492446423), np.float64(54820.20771516562), np.float64(54930.77154979468), np.float64(54793.42351006985), np.float64(54712.25431965351), np.float64(54754.376383788585), np.float64(54806.21338685036), np.float64(54739.804748060706), np.float64(54658.06430275202), np.float64(54677.80491957188), np.float64(54736.825362761025), np.float64(54636.96006599188), np.float64(54734.87876921892), np.float64(54689.555565743445), np.float64(54668.74571326733), np.float64(54763.65296571493), np.float64(54601.3047978282), np.float64(54681.91161896706), np.float64(54632.2230030489), np.float64(54556.35453262329)]"
286,"[np.float64(55148.381159448625), np.float64(55043.96539764881), np.float64(55131.04777159691), np.float64(55106.21028882027), np.float64(55082.680021646025), np.float64(55000.56406252623), np.float64(54962.79504823923), np.float64(54963.994735023974), np.float64(55013.49623792172), np.float64(54916.909217932225), np.float64(54947.28578697682), np.float64(54936.224741785525), np.float64(54927.88102064371), np.float64(54896.90254777432), np.float64(54835.36425615072), np.float64(54757.99617724419), np.float64(54790.39042474985), np.float64(54855.25167878151), np.float64(54809.149631845954), np.float64(54766.149050831795), np.float64(54830.89427676201), np.float64(54788.111200146675), np.float64(54733.45681328535), np.float64(54697.99741497994), np.float64(54667.873120131495), np.float64(54718.31121834755), np.float64(54632.27193831921), np.float64(54572.88654103518), np.float64(54560.71311988354)]","[np.float64(55173.402171627844), np.float64(55131.04777159691), np.float64(55184.71148879106), np.float64(55121.47875041535), np.float64(55082.680021646025), np.float64(55000.56406252623), np.float64(55049.67868478204), np.float64(55015.73602125394), np.float64(55026.872300677394), np.float64(55009.18902165176), np.float64(54947.28578697682), np.float64(55044.67907448008), np.float64(54948.37469389175), np.float64(54919.77241066817), np.float64(54858.05198448281), np.float64(54800.83433003421), np.float64(54908.669254345565), np.float64(54906.28583091657), np.float64(54809.149631845954), np.float64(54836.26215376465), np.float64(54840.08307866382), np.float64(54828.48345310134), np.float64(54740.58447933052), np.float64(54728.55354346746), np.float64(54722.12573256764), np.float64(54718.32608867427), np.float64(54716.69953469362), np.float64(54572.88654103518), np.float64(54622.24204496121)]","[np.float64(55032.24921705599), np.float64(55038.83507142072), np.float64(55106.21028882027), np.float64(55062.64936943057), np.float64(54997.48912561254), np.float64(54932.77722741744), np.float64(54949.19806900919), np.float64(54928.70201279597), np.float64(54907.59406759738), np.float64(54907.77823756838), np.float64(54908.47322129017), np.float64(54927.88102064371), np.float64(54887.94092099935), np.float64(54771.04769734001), np.float64(54751.13709327111), np.float64(54745.71817495377), np.float64(54790.39042474985), np.float64(54730.7339737932), np.float64(54766.13972487903), np.float64(54530.01531505487), np.float64(54782.21319059219), np.float64(54703.84545136875), np.float64(54697.98298964025), np.float64(54614.77794674639), np.float64(54658.10458020001), np.float64(54562.0670798718), np.float64(54490.343468562816), np.float64(54560.71311988354), np.float64(54510.26631020741)]","[np.float64(55043.96539764881), np.float64(55131.04777159691), np.float64(55106.21028882027), np.float64(55082.680021646025), np.float64(55000.56406252623), np.float64(54962.79504823923), np.float64(54963.994735023974), np.float64(55013.49623792172), np.float64(54916.909217932225), np.float64(54947.28578697682), np.float64(54936.224741785525), np.float64(54927.88102064371), np.float64(54896.90254777432), np.float64(54835.36425615072), np.float64(54757.99617724419), np.float64(54790.39042474985), np.float64(54855.25167878151), np.float64(54809.149631845954), np.float64(54766.149050831795), np.float64(54830.89427676201), np.float64(54788.111200146675), np.float64(54733.45681328535), np.float64(54697.99741497994), np.float64(54667.873120131495), np.float64(54718.31121834755), np.float64(54632.27193831921), np.float64(54572.88654103518), np.float64(54560.71311988354), np.float64(54570.665137317184)]"
287,"[np.float64(55090.0447798276), np.float64(55110.74839125633), np.float64(55124.31685394287), np.float64(55016.55649519444), np.float64(54998.443362443446), np.float64(54984.252134053706), np.float64(55001.373039810656), np.float64(55010.57351451397), np.float64(54946.483119766715), np.float64(54957.99681620837), np.float64(55002.80259358883), np.float64(54972.089143841265), np.float64(54918.307478892806), np.float64(54895.89731430054), np.float64(54897.976033072475), np.float64(54861.37412498236), np.float64(54834.33816079855), np.float64(54842.04443565607), np.float64(54787.60884096384), np.float64(54770.6033194232), np.float64(54720.9895229578), np.float64(54748.1502720809), np.float64(54734.53583599567), np.float64(54716.84934153557), np.float64(54687.17602383614), np.float64(54714.87634870291), np.float64(54675.709974894526), np.float64(54621.734886851315), np.float64(54624.910270786284)]","[np.float64(55124.04186058702), np.float64(55124.31685394287), np.float64(55133.86024974195), np.float64(55016.55649519444), np.float64(55010.46598757936), np.float64(55063.212269496675), np.float64(55020.82135594669), np.float64(55044.90560477494), np.float64(54964.388663131125), np.float64(55032.82349091765), np.float64(55003.991485168975), np.float64(54978.12355335255), np.float64(54928.079558009624), np.float64(54903.43618278414), np.float64(54941.234340280826), np.float64(54861.38341466144), np.float64(54847.631518058), np.float64(54842.04443565607), np.float64(54830.884554410986), np.float64(54778.726172201656), np.float64(54750.708829755196), np.float64(54748.159361604965), np.float64(54758.19445549076), np.float64(54716.84934153557), np.float64(54714.88630973185), np.float64(54739.792447276166), np.float64(54692.0313997161), np.float64(54624.910270786284), np.float64(54696.8083524453)]","[np.float64(55090.0447798276), np.float64(55110.74839125633), np.float64(55016.547179623034), np.float64(54998.43486049267), np.float64(54967.7804022633), np.float64(54984.252134053706), np.float64(55001.373039810656), np.float64(54946.483119766715), np.float64(54938.07854915622), np.float64(54918.98788940235), np.float64(54972.089143841265), np.float64(54880.607723124434), np.float64(54889.94155675035), np.float64(54887.82871072124), np.float64(54861.36342546059), np.float64(54807.29891862787), np.float64(54834.3226897006), np.float64(54740.645202489824), np.float64(54759.05814246709), np.float64(54718.29502300386), np.float64(54712.94552507327), np.float64(54680.78373436914), np.float64(54712.962835407176), np.float64(54677.99124846556), np.float64(54672.63715732859), np.float64(54674.739961016865), np.float64(54606.22755160395), np.float64(54612.998374974246), np.float64(54594.89322343383)]","[np.float64(55110.74839125633), np.float64(55124.31685394287), np.float64(55016.55649519444), np.float64(54998.443362443446), np.float64(54984.252134053706), np.float64(55001.373039810656), np.float64(55010.57351451397), np.float64(54946.483119766715), np.float64(54957.99681620837), np.float64(55002.80259358883), np.float64(54972.089143841265), np.float64(54918.307478892806), np.float64(54895.89731430054), np.float64(54897.976033072475), np.float64(54861.37412498236), np.float64(54834.33816079855), np.float64(54842.04443565607), np.float64(54787.60884096384), np.float64(54770.6033194232), np.float64(54720.9895229578), np.float64(54748.1502720809), np.float64(54734.53583599567), np.float64(54716.84934153557), np.float64(54687.17602383614), np.float64(54714.87634870291), np.float64(54675.709974894526), np.float64(54621.734886851315), np.float64(54624.910270786284), np.float64(54665.506327149866)]"
288,"[np.float64(55053.249191088675), np.float64(55055.278201928144), np.float64(55037.93051982641), np.float64(55016.14878712654), np.float64(54979.131058015824), np.float64(54959.78643055439), np.float64(54945.05755807638), np.float64(54946.81897025347), np.float64(54939.211209821704), np.float64(54926.270406365395), np.float64(54876.182066555026), np.float64(54879.41565770626), np.float64(54848.43847260714), np.float64(54855.76575667381), np.float64(54870.31086433411), np.float64(54819.28116445542), np.float64(54797.923752059934), np.float64(54781.53352715493), np.float64(54778.24984174013), np.float64(54748.93297885179), np.float64(54725.457699468134), np.float64(54743.92355249643), np.float64(54696.258667559625), np.float64(54698.26578630447), np.float64(54659.506991786955), np.float64(54639.74680085898), np.float64(54589.80256254196), np.float64(54576.167650909425), np.float64(54561.8867937088)]","[np.float64(55060.77457163563), np.float64(55055.278201928144), np.float64(55054.77861767164), np.float64(55016.14878712654), np.float64(54988.06361798745), np.float64(54959.79199541861), np.float64(54959.65613000935), np.float64(54946.81897025347), np.float64(54965.88246684285), np.float64(54926.270406365395), np.float64(54903.669317451495), np.float64(54879.41565770626), np.float64(54867.68777863662), np.float64(54875.86523385972), np.float64(54873.48826452286), np.float64(54819.29517322437), np.float64(54797.923752059934), np.float64(54801.19042226437), np.float64(54778.24984174013), np.float64(54753.9017159303), np.float64(54755.841849235534), np.float64(54747.09238024678), np.float64(54698.278246175185), np.float64(54720.13615205186), np.float64(54659.506991786955), np.float64(54652.89321543046), np.float64(54589.80256254196), np.float64(54603.94204948353), np.float64(54563.30976972207)]","[np.float64(55053.249191088675), np.float64(55008.526217629274), np.float64(55016.14878712654), np.float64(54969.58439503805), np.float64(54949.39016738306), np.float64(54945.05755807638), np.float64(54935.08843769147), np.float64(54939.211209821704), np.float64(54904.25211386652), np.float64(54876.15630287948), np.float64(54876.182066555026), np.float64(54823.55866324318), np.float64(54848.43847260714), np.float64(54844.76827602576), np.float64(54819.27596004739), np.float64(54780.678609716066), np.float64(54781.525086956055), np.float64(54755.44588803772), np.float64(54748.92748212294), np.float64(54709.49214595053), np.float64(54725.44927028709), np.float64(54674.50658756702), np.float64(54696.24671921808), np.float64(54618.283635760876), np.float64(54639.74680085898), np.float64(54559.845183174955), np.float64(54576.167650909425), np.float64(54541.80447905241), np.float64(54529.80417290004)]","[np.float64(55055.278201928144), np.float64(55037.93051982641), np.float64(55016.14878712654), np.float64(54979.131058015824), np.float64(54959.78643055439), np.float64(54945.05755807638), np.float64(54946.81897025347), np.float64(54939.211209821704), np.float64(54926.270406365395), np.float64(54876.182066555026), np.float64(54879.41565770626), np.float64(54848.43847260714), np.float64(54855.76575667381), np.float64(54870.31086433411), np.float64(54819.28116445542), np.float64(54797.923752059934), np.float64(54781.53352715493), np.float64(54778.24984174013), np.float64(54748.93297885179), np.float64(54725.457699468134), np.float64(54743.92355249643), np.float64(54696.258667559625), np.float64(54698.26578630447), np.float64(54659.506991786955), np.float64(54639.74680085898), np.float64(54589.80256254196), np.float64(54576.167650909425), np.float64(54561.8867937088), np.float64(54543.00924052477)]"
289,"[np.float64(55031.159037408834), np.float64(55030.75905596257), np.float64(55035.66314270973), np.float64(54998.76955465317), np.float64(54948.43692482233), np.float64(55005.831171712874), np.float64(54956.213511936665), np.float64(54953.39381015063), np.float64(54969.116454947), np.float64(54921.256472814086), np.float64(54883.721961493495), np.float64(54851.48031476498), np.float64(54858.03776976347), np.float64(54862.86574928761), np.float64(54819.45218034744), np.float64(54812.10596605778), np.float64(54793.33143449545), np.float64(54737.902582592964), np.float64(54745.33391849756), np.float64(54654.36067545175), np.float64(54686.791109302045), np.float64(54633.638391354085), np.float64(54592.07457563162), np.float64(54598.690624177456), np.float64(54513.634814305304), np.float64(54502.3776417017), np.float64(54460.88877420902), np.float64(54448.557086091045), np.float64(54370.876465339665)]","[np.float64(55031.159037408834), np.float64(55049.190329111676), np.float64(55051.49319047143), np.float64(54998.78098099209), np.float64(55005.840497992314), np.float64(55005.831171712874), np.float64(54956.84542893398), np.float64(54971.132435420644), np.float64(54977.43350165308), np.float64(54944.28261239535), np.float64(54883.721961493495), np.float64(54872.37389266012), np.float64(54873.12922815827), np.float64(54862.9183258945), np.float64(54819.45768687741), np.float64(54847.42901508293), np.float64(54793.339895479585), np.float64(54789.628934673565), np.float64(54745.33391849756), np.float64(54703.8287796421), np.float64(54701.73272437817), np.float64(54661.06766735103), np.float64(54618.69638551004), np.float64(54598.69710720594), np.float64(54557.17576915864), np.float64(54502.3776417017), np.float64(54478.131179544675), np.float64(54450.12851161568), np.float64(54392.59000163022)]","[np.float64(55030.7503028234), np.float64(55021.357505893124), np.float64(54998.76955465317), np.float64(54921.27787785378), np.float64(54944.73673117311), np.float64(54941.64443195468), np.float64(54953.384059896554), np.float64(54914.298255993075), np.float64(54901.13269787722), np.float64(54883.721961493495), np.float64(54845.12328971685), np.float64(54845.896966737346), np.float64(54857.74182587145), np.float64(54796.36800944969), np.float64(54795.17455181119), np.float64(54780.159483235875), np.float64(54737.886616922915), np.float64(54720.572421388206), np.float64(54641.08517033771), np.float64(54632.079481118075), np.float64(54631.2646068787), np.float64(54579.611915277535), np.float64(54579.136569256414), np.float64(54473.633500733486), np.float64(54502.37244957348), np.float64(54433.32298645648), np.float64(54430.1198804955), np.float64(54370.876465339665), np.float64(54313.48038124918)]","[np.float64(55030.75905596257), np.float64(55035.66314270973), np.float64(54998.76955465317), np.float64(54948.43692482233), np.float64(55005.831171712874), np.float64(54956.213511936665), np.float64(54953.39381015063), np.float64(54969.116454947), np.float64(54921.256472814086), np.float64(54883.721961493495), np.float64(54851.48031476498), np.float64(54858.03776976347), np.float64(54862.86574928761), np.float64(54819.45218034744), np.float64(54812.10596605778), np.float64(54793.33143449545), np.float64(54737.902582592964), np.float64(54745.33391849756), np.float64(54654.36067545175), np.float64(54686.791109302045), np.float64(54633.638391354085), np.float64(54592.07457563162), np.float64(54598.690624177456), np.float64(54513.634814305304), np.float64(54502.3776417017), np.float64(54460.88877420902), np.float64(54448.557086091045), np.float64(54370.876465339665), np.float64(54340.98255259275)]"
290,"[np.float64(55043.12860452652), np.float64(55024.41678737641), np.float64(55021.60687264443), np.float64(54985.481053223615), np.float64(54938.04642161131), np.float64(54891.22116289139), np.float64(54892.92269375086), np.float64(54946.53681978703), np.float64(54929.39930179358), np.float64(54886.121335062984), np.float64(54890.830968499184), np.float64(54855.245111153126), np.float64(54826.72074208975), np.float64(54812.080468206404), np.float64(54762.07480324745), np.float64(54749.91181303501), np.float64(54733.17311749458), np.float64(54720.1702435112), np.float64(54655.27640889168), np.float64(54608.577866766456), np.float64(54586.74500958681), np.float64(54512.52861964226), np.float64(54598.30905784607), np.float64(54557.05855663061), np.float64(54535.18487713337), np.float64(54469.31117811442), np.float64(54363.54699206352), np.float64(54386.88551024437), np.float64(54340.688039531706)]","[np.float64(55043.12860452652), np.float64(55026.69460005778), np.float64(55021.60687264443), np.float64(55015.59174753868), np.float64(54938.05828579306), np.float64(54914.28389011273), np.float64(54946.53681978703), np.float64(54961.63679160666), np.float64(54931.12834665433), np.float64(54935.453730491994), np.float64(54890.830968499184), np.float64(54881.77515750007), np.float64(54826.72074208975), np.float64(54813.13697018129), np.float64(54762.07480324745), np.float64(54765.06840738884), np.float64(54733.185038398195), np.float64(54727.586671380916), np.float64(54655.28189195199), np.float64(54622.6795767339), np.float64(54586.74500958681), np.float64(54614.98852732782), np.float64(54599.567223190345), np.float64(54560.493468569475), np.float64(54535.18487713337), np.float64(54470.27957970777), np.float64(54386.88551024437), np.float64(54449.15563262645), np.float64(54349.95423004974)]","[np.float64(55024.40293878258), np.float64(55004.4450648001), np.float64(54985.481053223615), np.float64(54937.46865188916), np.float64(54878.692243162935), np.float64(54891.22116289139), np.float64(54880.609960452945), np.float64(54926.67066135497), np.float64(54874.56622910546), np.float64(54886.121335062984), np.float64(54854.58197363326), np.float64(54819.86055643627), np.float64(54804.50341663985), np.float64(54754.56306864899), np.float64(54737.93169369876), np.float64(54724.67308230947), np.float64(54719.82711777128), np.float64(54633.640368218876), np.float64(54581.17961217044), np.float64(54586.736374622415), np.float64(54501.7696903118), np.float64(54503.25143564308), np.float64(54549.97471454191), np.float64(54516.01696427987), np.float64(54469.30510246216), np.float64(54334.365397741996), np.float64(54354.705675952595), np.float64(54336.40342720542), np.float64(54312.71900394753)]","[np.float64(55024.41678737641), np.float64(55021.60687264443), np.float64(54985.481053223615), np.float64(54938.04642161131), np.float64(54891.22116289139), np.float64(54892.92269375086), np.float64(54946.53681978703), np.float64(54929.39930179358), np.float64(54886.121335062984), np.float64(54890.830968499184), np.float64(54855.245111153126), np.float64(54826.72074208975), np.float64(54812.080468206404), np.float64(54762.07480324745), np.float64(54749.91181303501), np.float64(54733.17311749458), np.float64(54720.1702435112), np.float64(54655.27640889168), np.float64(54608.577866766456), np.float64(54586.74500958681), np.float64(54512.52861964226), np.float64(54598.30905784607), np.float64(54557.05855663061), np.float64(54535.18487713337), np.float64(54469.31117811442), np.float64(54363.54699206352), np.float64(54386.88551024437), np.float64(54340.688039531706), np.float64(54320.281259150506)]"
291,"[np.float64(55082.81240442991), np.float64(55085.382665114405), np.float64(55071.70680238724), np.float64(55128.99017225743), np.float64(55054.423122468), np.float64(54966.479101431374), np.float64(55031.62572535515), np.float64(55054.53129517079), np.float64(54989.03182219267), np.float64(54947.30986828089), np.float64(54927.171588001256), np.float64(54916.86620640517), np.float64(54924.82256624937), np.float64(54883.30060306072), np.float64(54901.92948780537), np.float64(54872.18508518696), np.float64(54818.35796194792), np.float64(54752.54839388847), np.float64(54814.89411747218), np.float64(54865.88067704678), np.float64(54823.07351912737), np.float64(54794.30962479353), np.float64(54768.88878208399), np.float64(54725.98813204288), np.float64(54681.60719007492), np.float64(54696.963464229106), np.float64(54682.25326442003), np.float64(54642.70480917215), np.float64(54643.26640578747)]","[np.float64(55086.1365026584), np.float64(55085.39082209451), np.float64(55158.43924738831), np.float64(55128.99017225743), np.float64(55081.47327101192), np.float64(55031.62572535515), np.float64(55070.512819051815), np.float64(55054.533128905714), np.float64(55051.53460760894), np.float64(54957.219795623714), np.float64(54927.19749455776), np.float64(54962.235975846204), np.float64(54934.546930367535), np.float64(54944.76503196897), np.float64(54901.92948780537), np.float64(54896.25259328847), np.float64(54821.38561567576), np.float64(54839.95830445511), np.float64(54884.225637258896), np.float64(54870.081445557735), np.float64(54825.81993125825), np.float64(54797.323391247315), np.float64(54848.52214314398), np.float64(54745.06168676344), np.float64(54723.52835850889), np.float64(54696.97208282326), np.float64(54745.17687472371), np.float64(54643.26640578747), np.float64(54696.20643404252)]","[np.float64(55082.81240442991), np.float64(55071.69183582601), np.float64(55071.69558244473), np.float64(55042.141599929804), np.float64(54945.09892029626), np.float64(54966.479101431374), np.float64(55018.22188101554), np.float64(54988.99957289076), np.float64(54941.08501014064), np.float64(54915.42792122568), np.float64(54916.85774526317), np.float64(54848.90208640528), np.float64(54883.30060306072), np.float64(54843.69323637805), np.float64(54872.18508518696), np.float64(54772.509679841314), np.float64(54752.53995819643), np.float64(54716.714517539505), np.float64(54812.03314869056), np.float64(54802.387152985284), np.float64(54770.18518517108), np.float64(54768.88878208399), np.float64(54710.305237193956), np.float64(54659.78695365095), np.float64(54681.60719007492), np.float64(54634.85034018619), np.float64(54642.67905240838), np.float64(54635.78705486656), np.float64(54621.89635357513)]","[np.float64(55085.382665114405), np.float64(55071.70680238724), np.float64(55128.99017225743), np.float64(55054.423122468), np.float64(54966.479101431374), np.float64(55031.62572535515), np.float64(55054.53129517079), np.float64(54989.03182219267), np.float64(54947.30986828089), np.float64(54927.171588001256), np.float64(54916.86620640517), np.float64(54924.82256624937), np.float64(54883.30060306072), np.float64(54901.92948780537), np.float64(54872.18508518696), np.float64(54818.35796194792), np.float64(54752.54839388847), np.float64(54814.89411747218), np.float64(54865.88067704678), np.float64(54823.07351912737), np.float64(54794.30962479353), np.float64(54768.88878208399), np.float64(54725.98813204288), np.float64(54681.60719007492), np.float64(54696.963464229106), np.float64(54682.25326442003), np.float64(54642.70480917215), np.float64(54643.26640578747), np.float64(54678.0105764842)]"
292,"[np.float64(55055.995103638175), np.float64(55064.26786863804), np.float64(55093.56747540474), np.float64(55010.84343116284), np.float64(55020.9327249074), np.float64(55017.07984503269), np.float64(54964.738808686736), np.float64(54956.97394028187), np.float64(54896.06150501013), np.float64(54940.28237713337), np.float64(54983.47985822201), np.float64(54950.01689016819), np.float64(54884.9058087039), np.float64(54853.68085660458), np.float64(54815.60586810112), np.float64(54928.24906538725), np.float64(54766.23777820349), np.float64(54838.401204781534), np.float64(54759.18363021135), np.float64(54774.96319445372), np.float64(54720.85430707932), np.float64(54698.40280506134), np.float64(54723.18323961496), np.float64(54638.5075795269), np.float64(54653.451638417246), np.float64(54621.33426151991), np.float64(54582.15011648178), np.float64(54498.80523819208), np.float64(54558.46428665877)]","[np.float64(55064.26786863804), np.float64(55115.185127124714), np.float64(55099.53857313327), np.float64(55022.00179694019), np.float64(55029.04593639638), np.float64(55022.474752472575), np.float64(54964.738808686736), np.float64(54956.97962057189), np.float64(54975.27955876063), np.float64(54983.485380660626), np.float64(54993.26872655512), np.float64(54967.92691982906), np.float64(54884.9058087039), np.float64(54876.86478044103), np.float64(54928.24906538725), np.float64(54928.24906538725), np.float64(54870.44392979087), np.float64(54838.401204781534), np.float64(54825.168800652755), np.float64(54774.97808862617), np.float64(54720.871578178565), np.float64(54739.611661426396), np.float64(54723.36205886695), np.float64(54654.623227507), np.float64(54653.451638417246), np.float64(54627.134266562985), np.float64(54582.15011648178), np.float64(54583.71626108878), np.float64(54584.07687760688)]","[np.float64(55055.995103638175), np.float64(55044.41692346104), np.float64(55003.87517876877), np.float64(55004.148681386796), np.float64(55017.07393619131), np.float64(54957.86659633869), np.float64(54935.14218732669), np.float64(54896.06150501013), np.float64(54891.933364246244), np.float64(54940.28237713337), np.float64(54946.376300239), np.float64(54884.9058087039), np.float64(54799.81984104992), np.float64(54815.59790580936), np.float64(54792.430882100874), np.float64(54759.30160241369), np.float64(54735.01825705185), np.float64(54759.16696959818), np.float64(54713.22805067549), np.float64(54714.78828478301), np.float64(54685.50300790931), np.float64(54698.388117178576), np.float64(54605.860530715516), np.float64(54629.8810290313), np.float64(54608.44965727251), np.float64(54576.780547301016), np.float64(54492.03845364594), np.float64(54484.102957415154), np.float64(54552.879654296215)]","[np.float64(55064.26786863804), np.float64(55093.56747540474), np.float64(55010.84343116284), np.float64(55020.9327249074), np.float64(55017.07984503269), np.float64(54964.738808686736), np.float64(54956.97394028187), np.float64(54896.06150501013), np.float64(54940.28237713337), np.float64(54983.47985822201), np.float64(54950.01689016819), np.float64(54884.9058087039), np.float64(54853.68085660458), np.float64(54815.60586810112), np.float64(54928.24906538725), np.float64(54766.23777820349), np.float64(54838.401204781534), np.float64(54759.18363021135), np.float64(54774.96319445372), np.float64(54720.85430707932), np.float64(54698.40280506134), np.float64(54723.18323961496), np.float64(54638.5075795269), np.float64(54653.451638417246), np.float64(54621.33426151991), np.float64(54582.15011648178), np.float64(54498.80523819208), np.float64(54558.46428665877), np.float64(54573.924483873845)]"
293,"[np.float64(55144.82047464848), np.float64(55104.92483653546), np.float64(55120.81141448736), np.float64(55106.971876158714), np.float64(55043.64126587153), np.float64(55064.68343210459), np.float64(54975.64467756033), np.float64(55006.15903802395), np.float64(54947.029907023905), np.float64(54941.405441586976), np.float64(54961.8241982317), np.float64(54919.19037419081), np.float64(54905.443941652775), np.float64(54921.710669388776), np.float64(54821.23471195698), np.float64(54817.29902845383), np.float64(54848.95538359404), np.float64(54861.41971204996), np.float64(54751.05071706295), np.float64(54764.1872616005), np.float64(54693.05160447598), np.float64(54675.89914834738), np.float64(54726.79878342867), np.float64(54655.726355824474), np.float64(54646.76115674973), np.float64(54631.214550149445), np.float64(54499.84833211183), np.float64(54609.53802828074), np.float64(54577.40468303204)]","[np.float64(55144.82047464848), np.float64(55153.486980675356), np.float64(55120.81141448736), np.float64(55126.14382185438), np.float64(55064.68343210459), np.float64(55064.68343210459), np.float64(55015.638970706306), np.float64(55024.32175332573), np.float64(54967.5845764975), np.float64(54971.35957003848), np.float64(54985.567678547464), np.float64(54929.37530972123), np.float64(54940.84449260482), np.float64(54964.15851375121), np.float64(54858.90996018004), np.float64(54848.96389903939), np.float64(54883.723720026406), np.float64(54861.43322216661), np.float64(54773.84908355853), np.float64(54764.1872616005), np.float64(54711.59758048639), np.float64(54750.533436640064), np.float64(54726.79878342867), np.float64(54702.30085202301), np.float64(54646.76115674973), np.float64(54671.145792823874), np.float64(54628.20908335914), np.float64(54661.18692976637), np.float64(54582.28998850931)]","[np.float64(55046.913206348545), np.float64(55104.91371149308), np.float64(55061.49097987519), np.float64(55043.63278207566), np.float64(55030.26647623324), np.float64(54958.78977787193), np.float64(54926.43831703695), np.float64(54943.717072986685), np.float64(54918.931615715825), np.float64(54931.90107684942), np.float64(54919.18192100536), np.float64(54905.443941652775), np.float64(54825.81384970673), np.float64(54810.661381085854), np.float64(54809.983961436876), np.float64(54801.949491419764), np.float64(54846.52769365079), np.float64(54657.38903325392), np.float64(54740.02222226732), np.float64(54687.324476805166), np.float64(54658.90500543714), np.float64(54660.30636431526), np.float64(54642.902356963874), np.float64(54608.55610697114), np.float64(54608.16903300208), np.float64(54448.40650683951), np.float64(54472.70284649046), np.float64(54552.61833960477), np.float64(54563.311474388196)]","[np.float64(55104.92483653546), np.float64(55120.81141448736), np.float64(55106.971876158714), np.float64(55043.64126587153), np.float64(55064.68343210459), np.float64(54975.64467756033), np.float64(55006.15903802395), np.float64(54947.029907023905), np.float64(54941.405441586976), np.float64(54961.8241982317), np.float64(54919.19037419081), np.float64(54905.443941652775), np.float64(54921.710669388776), np.float64(54821.23471195698), np.float64(54817.29902845383), np.float64(54848.95538359404), np.float64(54861.41971204996), np.float64(54751.05071706295), np.float64(54764.1872616005), np.float64(54693.05160447598), np.float64(54675.89914834738), np.float64(54726.79878342867), np.float64(54655.726355824474), np.float64(54646.76115674973), np.float64(54631.214550149445), np.float64(54499.84833211183), np.float64(54609.53802828074), np.float64(54577.40468303204), np.float64(54572.9545353055)]"
294,"[np.float64(55151.390936126714), np.float64(55102.630287466054), np.float64(55096.11932097435), np.float64(55109.04518629551), np.float64(55121.58111477852), np.float64(55100.39446072102), np.float64(55066.464675943855), np.float64(55054.483003785615), np.float64(54998.824799997805), np.float64(54988.62952275992), np.float64(54909.09103583813), np.float64(54959.4133635068), np.float64(54910.10798802137), np.float64(54882.63611360073), np.float64(54894.034425826074), np.float64(54866.14608649969), np.float64(54870.71702707768), np.float64(54859.23011625767), np.float64(54842.740346710685), np.float64(54793.34933450222), np.float64(54763.41138001204), np.float64(54779.9015358901), np.float64(54708.13590154886), np.float64(54671.0790242219), np.float64(54719.0547769022), np.float64(54669.434670362476), np.float64(54581.318216886524), np.float64(54591.18150694847), np.float64(54578.30715243817)]","[np.float64(55151.390936126714), np.float64(55103.01310076854), np.float64(55130.64766266343), np.float64(55121.58111477852), np.float64(55138.04190716041), np.float64(55100.39446072102), np.float64(55116.36699075309), np.float64(55054.483003785615), np.float64(55012.305062152234), np.float64(54988.62952275992), np.float64(54980.89344238172), np.float64(54959.4133635068), np.float64(54912.68281125671), np.float64(54894.108234638086), np.float64(54931.79397961874), np.float64(54870.71702707768), np.float64(54872.43277313893), np.float64(54869.10186986833), np.float64(54854.81203482817), np.float64(54812.399077967406), np.float64(54782.47140077751), np.float64(54791.942837658105), np.float64(54708.13590154886), np.float64(54731.037737116065), np.float64(54719.05685771544), np.float64(54691.0877338174), np.float64(54591.18150694847), np.float64(54613.61202571569), np.float64(54584.441605428816)]","[np.float64(55094.79420581486), np.float64(55087.34831228532), np.float64(55096.11932097435), np.float64(55086.88547403534), np.float64(55075.40009293892), np.float64(55066.464675943855), np.float64(55046.5557866831), np.float64(54996.12362642364), np.float64(54969.68833102529), np.float64(54899.96355744533), np.float64(54908.9306162524), np.float64(54885.17139381606), np.float64(54869.56710305867), np.float64(54880.457386800495), np.float64(54845.61569141856), np.float64(54861.65552183556), np.float64(54853.005443297625), np.float64(54829.80689290096), np.float64(54787.868901573325), np.float64(54740.691184733456), np.float64(54745.676621262624), np.float64(54634.350933706875), np.float64(54664.93487274726), np.float64(54636.906898465815), np.float64(54663.37386737253), np.float64(54573.01612805347), np.float64(54581.30980938366), np.float64(54514.18627565086), np.float64(54547.79920122455)]","[np.float64(55102.630287466054), np.float64(55096.11932097435), np.float64(55109.04518629551), np.float64(55121.58111477852), np.float64(55100.39446072102), np.float64(55066.464675943855), np.float64(55054.483003785615), np.float64(54998.824799997805), np.float64(54988.62952275992), np.float64(54909.09103583813), np.float64(54959.4133635068), np.float64(54910.10798802137), np.float64(54882.63611360073), np.float64(54894.034425826074), np.float64(54866.14608649969), np.float64(54870.71702707768), np.float64(54859.23011625767), np.float64(54842.740346710685), np.float64(54793.34933450222), np.float64(54763.41138001204), np.float64(54779.9015358901), np.float64(54708.13590154886), np.float64(54671.0790242219), np.float64(54719.0547769022), np.float64(54669.434670362476), np.float64(54581.318216886524), np.float64(54591.18150694847), np.float64(54578.30715243817), np.float64(54575.468906760216)]"
295,"[np.float64(55006.13302506447), np.float64(54966.77773535729), np.float64(54978.8361586237), np.float64(55015.8466762209), np.float64(55019.40890634537), np.float64(55021.77325256348), np.float64(54912.07364056349), np.float64(54915.84719378949), np.float64(54904.96772420645), np.float64(54907.90590085745), np.float64(54957.99333922863), np.float64(54851.31483628511), np.float64(54858.22050436497), np.float64(54836.07291613102), np.float64(54835.01333875179), np.float64(54818.42685765743), np.float64(54787.9233144641), np.float64(54746.21823034286), np.float64(54732.545844595435), np.float64(54767.73867445469), np.float64(54742.21094681263), np.float64(54613.50358805418), np.float64(54645.76635421515), np.float64(54595.501203546526), np.float64(54588.54930451393), np.float64(54560.528067295556), np.float64(54566.368491806985), np.float64(54582.827097313406), np.float64(54503.30844205379)]","[np.float64(55006.13302506447), np.float64(54978.849880375), np.float64(55015.86075232447), np.float64(55031.215570968234), np.float64(55021.77325256348), np.float64(55064.50120293045), np.float64(54915.84719378949), np.float64(54919.36068192206), np.float64(54930.90136945212), np.float64(54963.37479789967), np.float64(54958.00514170278), np.float64(54900.85681187069), np.float64(54858.22050436497), np.float64(54846.9047096993), np.float64(54835.01333875179), np.float64(54818.43383481407), np.float64(54831.867588515684), np.float64(54746.231146694445), np.float64(54785.40631376378), np.float64(54767.73867445469), np.float64(54744.94747387478), np.float64(54651.922894083065), np.float64(54653.498570707234), np.float64(54606.26448657019), np.float64(54588.54930451393), np.float64(54582.14006781026), np.float64(54585.39021648477), np.float64(54582.83872591411), np.float64(54512.01816630348)]","[np.float64(54966.76900715979), np.float64(54966.772243841304), np.float64(54971.27386223576), np.float64(55015.8466762209), np.float64(55014.881192753935), np.float64(54912.06563404719), np.float64(54903.03985264091), np.float64(54904.96772420645), np.float64(54904.95927467714), np.float64(54894.13488422313), np.float64(54838.759311391106), np.float64(54851.31483628511), np.float64(54749.433895811955), np.float64(54835.004629674), np.float64(54740.91095273191), np.float64(54787.9140236307), np.float64(54739.910518089535), np.float64(54732.545844595435), np.float64(54705.53325741307), np.float64(54707.30691536042), np.float64(54593.9993512579), np.float64(54613.50358805418), np.float64(54565.339538483124), np.float64(54580.332133129705), np.float64(54550.64271409681), np.float64(54548.73391032568), np.float64(54556.63759711663), np.float64(54492.569511523194), np.float64(54465.08406004334)]","[np.float64(54966.77773535729), np.float64(54978.8361586237), np.float64(55015.8466762209), np.float64(55019.40890634537), np.float64(55021.77325256348), np.float64(54912.07364056349), np.float64(54915.84719378949), np.float64(54904.96772420645), np.float64(54907.90590085745), np.float64(54957.99333922863), np.float64(54851.31483628511), np.float64(54858.22050436497), np.float64(54836.07291613102), np.float64(54835.01333875179), np.float64(54818.42685765743), np.float64(54787.9233144641), np.float64(54746.21823034286), np.float64(54732.545844595435), np.float64(54767.73867445469), np.float64(54742.21094681263), np.float64(54613.50358805418), np.float64(54645.76635421515), np.float64(54595.501203546526), np.float64(54588.54930451393), np.float64(54560.528067295556), np.float64(54566.368491806985), np.float64(54582.827097313406), np.float64(54503.30844205379), np.float64(54472.35739869118)]"
296,"[np.float64(55125.99662148476), np.float64(55074.42477032185), np.float64(55031.00978483439), np.float64(55069.85138298035), np.float64(55073.30505407095), np.float64(55036.104976689814), np.float64(54975.09544353962), np.float64(54986.36021398783), np.float64(54989.96674340963), np.float64(54965.0329354167), np.float64(54958.79458989143), np.float64(54930.75416489601), np.float64(54911.125712866786), np.float64(54867.63204461575), np.float64(54837.31278134823), np.float64(54846.17328469992), np.float64(54825.986197927), np.float64(54773.8666580677), np.float64(54692.32723369837), np.float64(54706.19458786488), np.float64(54674.82051196814), np.float64(54621.14083842516), np.float64(54585.464965937135), np.float64(54572.78957193375), np.float64(54624.77557001591), np.float64(54584.3364928484), np.float64(54571.210765581134), np.float64(54549.01990826607), np.float64(54525.468006551266)]","[np.float64(55126.00590244716), np.float64(55074.42477032185), np.float64(55104.75983072743), np.float64(55074.49677638894), np.float64(55083.06592056186), np.float64(55039.8516005053), np.float64(54987.075694918894), np.float64(54989.96674340963), np.float64(55050.25434471343), np.float64(54977.61316941728), np.float64(54962.2363044722), np.float64(54930.75416489601), np.float64(54915.600157990004), np.float64(54872.91696620094), np.float64(54877.49283077364), np.float64(54872.67504365226), np.float64(54825.994706990874), np.float64(54843.18132726764), np.float64(54709.142993618116), np.float64(54706.20364210762), np.float64(54686.32883133437), np.float64(54634.906908170466), np.float64(54605.54739568751), np.float64(54647.747764968684), np.float64(54624.77557001591), np.float64(54592.95078051025), np.float64(54571.210765581134), np.float64(54578.02804035153), np.float64(54532.42882912096)]","[np.float64(55056.65509159842), np.float64(55016.06858665073), np.float64(55031.00978483439), np.float64(55046.8848781452), np.float64(55006.78539965493), np.float64(54971.50035119141), np.float64(54956.58273720095), np.float64(54986.36021398783), np.float64(54926.967342273245), np.float64(54958.7816861036), np.float64(54912.305805396245), np.float64(54909.28548205396), np.float64(54837.49649531954), np.float64(54820.18660675885), np.float64(54810.88155120912), np.float64(54817.90599066791), np.float64(54765.74571008395), np.float64(54639.75065642322), np.float64(54690.68649038447), np.float64(54629.51897837769), np.float64(54612.1552240668), np.float64(54519.159230421865), np.float64(54568.90740479803), np.float64(54520.502786719684), np.float64(54575.645741134256), np.float64(54531.5851960857), np.float64(54549.01990826607), np.float64(54510.90282902068), np.float64(54457.76126007287)]","[np.float64(55074.42477032185), np.float64(55031.00978483439), np.float64(55069.85138298035), np.float64(55073.30505407095), np.float64(55036.104976689814), np.float64(54975.09544353962), np.float64(54986.36021398783), np.float64(54989.96674340963), np.float64(54965.0329354167), np.float64(54958.79458989143), np.float64(54930.75416489601), np.float64(54911.125712866786), np.float64(54867.63204461575), np.float64(54837.31278134823), np.float64(54846.17328469992), np.float64(54825.986197927), np.float64(54773.8666580677), np.float64(54692.32723369837), np.float64(54706.19458786488), np.float64(54674.82051196814), np.float64(54621.14083842516), np.float64(54585.464965937135), np.float64(54572.78957193375), np.float64(54624.77557001591), np.float64(54584.3364928484), np.float64(54571.210765581134), np.float64(54549.01990826607), np.float64(54525.468006551266), np.float64(54502.45452158689)]"
297,"[np.float64(55130.95646868468), np.float64(55070.71521927834), np.float64(55063.06071278572), np.float64(55121.990368170744), np.float64(55141.08516819954), np.float64(55041.30164484263), np.float64(55046.38395899534), np.float64(54905.12676383495), np.float64(55078.04919975043), np.float64(55018.123969168664), np.float64(55021.39387544155), np.float64(54869.7920216918), np.float64(54950.8091264391), np.float64(54887.19430525303), np.float64(54754.88801491738), np.float64(54875.858836216925), np.float64(54847.238141937254), np.float64(54872.03789304495), np.float64(54809.83833138704), np.float64(54871.19195675373), np.float64(54640.64952781916), np.float64(54612.521019337175), np.float64(54604.996320087914), np.float64(54646.276955127716), np.float64(54647.189726696015), np.float64(54693.94287028074), np.float64(54498.19779695511), np.float64(54549.95560214519), np.float64(54419.20944549322)]","[np.float64(55130.96156495022), np.float64(55079.53274254505), np.float64(55130.3445390617), np.float64(55141.08516819954), np.float64(55141.09069693313), np.float64(55056.86825102823), np.float64(55046.38395899534), np.float64(55087.85556232746), np.float64(55078.04919975043), np.float64(55028.031045350304), np.float64(55035.93140613506), np.float64(54950.8091264391), np.float64(54983.78167048198), np.float64(54887.20788812603), np.float64(54885.157347269545), np.float64(54876.67456606416), np.float64(54898.439101312455), np.float64(54888.14878952748), np.float64(54887.95537176638), np.float64(54876.70652951583), np.float64(54666.123412879715), np.float64(54619.72791061828), np.float64(54646.276955127716), np.float64(54668.14742233513), np.float64(54693.95361422987), np.float64(54693.954860684345), np.float64(54566.23071776566), np.float64(54556.93612400365), np.float64(54442.75635110571)]","[np.float64(55043.192116598846), np.float64(55063.05324376707), np.float64(55055.08882740054), np.float64(55121.96438537891), np.float64(55024.94825794814), np.float64(55041.30164484263), np.float64(54886.018627731915), np.float64(54902.82268751976), np.float64(55012.62378000647), np.float64(55018.09787258522), np.float64(54860.74218517987), np.float64(54869.7920216918), np.float64(54883.71258242717), np.float64(54746.411384092804), np.float64(54745.83357667287), np.float64(54837.713562535966), np.float64(54847.22884897858), np.float64(54809.823167401744), np.float64(54793.86937225233), np.float64(54632.09785590948), np.float64(54591.466734644055), np.float64(54603.54911519943), np.float64(54596.25584727939), np.float64(54646.271768153194), np.float64(54564.16591734712), np.float64(54498.19779695511), np.float64(54450.3574667756), np.float64(54419.19608895118), np.float64(54388.00206719764)]","[np.float64(55070.71521927834), np.float64(55063.06071278572), np.float64(55121.990368170744), np.float64(55141.08516819954), np.float64(55041.30164484263), np.float64(55046.38395899534), np.float64(54905.12676383495), np.float64(55078.04919975043), np.float64(55018.123969168664), np.float64(55021.39387544155), np.float64(54869.7920216918), np.float64(54950.8091264391), np.float64(54887.19430525303), np.float64(54754.88801491738), np.float64(54875.858836216925), np.float64(54847.238141937254), np.float64(54872.03789304495), np.float64(54809.83833138704), np.float64(54871.19195675373), np.float64(54640.64952781916), np.float64(54612.521019337175), np.float64(54604.996320087914), np.float64(54646.276955127716), np.float64(54647.189726696015), np.float64(54693.94287028074), np.float64(54498.19779695511), np.float64(54549.95560214519), np.float64(54419.20944549322), np.float64(54406.090929739476)]"
298,"[np.float64(55062.76504073143), np.float64(55056.88302124024), np.float64(55066.08246572733), np.float64(55063.013837947845), np.float64(55029.02172508955), np.float64(55042.00064654589), np.float64(55001.11497064829), np.float64(54989.28036185503), np.float64(54967.41994639159), np.float64(55000.89064106703), np.float64(54944.05348359585), np.float64(54943.26729984522), np.float64(54933.462216999535), np.float64(54926.71520221711), np.float64(54912.04814271212), np.float64(54903.216871745586), np.float64(54887.21915921927), np.float64(54853.53971698284), np.float64(54840.38965085745), np.float64(54776.27993955612), np.float64(54749.4532380414), np.float64(54765.10608568907), np.float64(54748.3135613513), np.float64(54763.94516078949), np.float64(54693.307613205914), np.float64(54652.365661747455), np.float64(54657.06331892014), np.float64(54574.389884049895), np.float64(54534.90710508585)]","[np.float64(55071.93451128595), np.float64(55066.08246572733), np.float64(55075.65648419138), np.float64(55063.013837947845), np.float64(55052.436741341444), np.float64(55042.00064654589), np.float64(55016.732053610685), np.float64(54989.28036185503), np.float64(55012.82225445145), np.float64(55000.89064106703), np.float64(54961.97409079721), np.float64(54943.26729984522), np.float64(54942.81172171465), np.float64(54930.023056848055), np.float64(54918.31920188427), np.float64(54903.216871745586), np.float64(54895.86226894342), np.float64(54855.94494991437), np.float64(54841.81623099013), np.float64(54800.45687965708), np.float64(54765.114050575525), np.float64(54767.60461435272), np.float64(54781.048956456936), np.float64(54774.57527582863), np.float64(54693.31310076834), np.float64(54661.89448697843), np.float64(54665.38056201489), np.float64(54579.60236776131), np.float64(54544.232611564556)]","[np.float64(55056.88302124024), np.float64(55038.42249863418), np.float64(55063.004554310995), np.float64(55029.02172508955), np.float64(54997.892952880065), np.float64(55001.11497064829), np.float64(54972.14525842055), np.float64(54967.41994639159), np.float64(54947.448219139565), np.float64(54944.044435377786), np.float64(54943.26729984522), np.float64(54907.69311487125), np.float64(54926.71520221711), np.float64(54904.66305651569), np.float64(54903.216871745586), np.float64(54861.490848072535), np.float64(54853.53971698284), np.float64(54803.64043106445), np.float64(54776.27993955612), np.float64(54718.70964752213), np.float64(54749.448519063924), np.float64(54715.868972100696), np.float64(54748.3135613513), np.float64(54649.25886355358), np.float64(54652.365661747455), np.float64(54599.800516460324), np.float64(54574.389884049895), np.float64(54490.86579919462), np.float64(54517.90638517351)]","[np.float64(55056.88302124024), np.float64(55066.08246572733), np.float64(55063.013837947845), np.float64(55029.02172508955), np.float64(55042.00064654589), np.float64(55001.11497064829), np.float64(54989.28036185503), np.float64(54967.41994639159), np.float64(55000.89064106703), np.float64(54944.05348359585), np.float64(54943.26729984522), np.float64(54933.462216999535), np.float64(54926.71520221711), np.float64(54912.04814271212), np.float64(54903.216871745586), np.float64(54887.21915921927), np.float64(54853.53971698284), np.float64(54840.38965085745), np.float64(54776.27993955612), np.float64(54749.4532380414), np.float64(54765.10608568907), np.float64(54748.3135613513), np.float64(54763.94516078949), np.float64(54693.307613205914), np.float64(54652.365661747455), np.float64(54657.06331892014), np.float64(54574.389884049895), np.float64(54534.90710508585), np.float64(54523.531972725395)]"
299,"[np.float64(55097.24998327255), np.float64(55018.36761530399), np.float64(55110.89596972943), np.float64(55101.58796620846), np.float64(55068.26729676962), np.float64(54991.76691747189), np.float64(54981.75720793009), np.float64(54996.145465171336), np.float64(55055.65513228655), np.float64(54959.491917493346), np.float64(55029.004855299), np.float64(54963.2206563139), np.float64(54842.56443729162), np.float64(54907.105036525725), np.float64(54909.68650081158), np.float64(54888.2279984498), np.float64(54852.06174304247), np.float64(54898.154131701), np.float64(54891.23726001978), np.float64(54908.85691920281), np.float64(54820.52476420641), np.float64(54752.41755642891), np.float64(54746.12242023468), np.float64(54780.584698019025), np.float64(54681.89719594002), np.float64(54658.92942682028), np.float64(54536.1661580801), np.float64(54600.49479032755), np.float64(54557.56387768507)]","[np.float64(55114.055488634425), np.float64(55110.89596972943), np.float64(55142.67103953461), np.float64(55101.58796620846), np.float64(55068.276565085784), np.float64(54991.76691747189), np.float64(55005.94446836351), np.float64(55055.66408928554), np.float64(55055.65513228655), np.float64(55037.23965790414), np.float64(55029.004855299), np.float64(55020.86678817236), np.float64(54907.112867449934), np.float64(54923.06592065974), np.float64(54928.15005260567), np.float64(54888.2279984498), np.float64(54898.154131701), np.float64(54909.62127751438), np.float64(54908.85691920281), np.float64(54915.60402223555), np.float64(54820.533693154175), np.float64(54766.0071702148), np.float64(54780.584698019025), np.float64(54797.689425340934), np.float64(54681.89719594002), np.float64(54664.131966634784), np.float64(54600.49479032755), np.float64(54600.503191137286), np.float64(54559.16177080545)]","[np.float64(55018.36761530399), np.float64(54997.00186050723), np.float64(55101.58796620846), np.float64(55065.50375955506), np.float64(54991.76138689528), np.float64(54965.68799350484), np.float64(54981.74758191658), np.float64(54996.145465171336), np.float64(54921.72867294176), np.float64(54959.491917493346), np.float64(54941.27239704318), np.float64(54842.56443729162), np.float64(54840.674450490216), np.float64(54895.782388472806), np.float64(54888.221121660106), np.float64(54828.653638209136), np.float64(54834.069836635375), np.float64(54891.23726001978), np.float64(54869.55247132801), np.float64(54820.51631329445), np.float64(54737.81719739016), np.float64(54746.12242023468), np.float64(54722.6416442994), np.float64(54676.44066956697), np.float64(54645.075989183315), np.float64(54536.15784673711), np.float64(54511.05691314064), np.float64(54557.56387768507), np.float64(54449.25585880028)]","[np.float64(55018.36761530399), np.float64(55110.89596972943), np.float64(55101.58796620846), np.float64(55068.26729676962), np.float64(54991.76691747189), np.float64(54981.75720793009), np.float64(54996.145465171336), np.float64(55055.65513228655), np.float64(54959.491917493346), np.float64(55029.004855299), np.float64(54963.2206563139), np.float64(54842.56443729162), np.float64(54907.105036525725), np.float64(54909.68650081158), np.float64(54888.2279984498), np.float64(54852.06174304247), np.float64(54898.154131701), np.float64(54891.23726001978), np.float64(54908.85691920281), np.float64(54820.52476420641), np.float64(54752.41755642891), np.float64(54746.12242023468), np.float64(54780.584698019025), np.float64(54681.89719594002), np.float64(54658.92942682028), np.float64(54536.1661580801), np.float64(54600.49479032755), np.float64(54557.56387768507), np.float64(54498.79545113802)]"
300,"[np.float64(55047.7764249897), np.float64(55091.00326724053), np.float64(55045.38889890671), np.float64(55026.13544558048), np.float64(55000.54616251946), np.float64(55001.10685769558), np.float64(54996.79308484078), np.float64(54964.48086830139), np.float64(54945.984366340635), np.float64(54953.95566431999), np.float64(54954.91659849644), np.float64(54935.51002928495), np.float64(54932.471406552795), np.float64(54934.37357202053), np.float64(54907.49368559361), np.float64(54894.78609733343), np.float64(54863.304235064985), np.float64(54806.53545819521), np.float64(54800.41056523085), np.float64(54797.741017458444), np.float64(54809.68482917071), np.float64(54758.955179765224), np.float64(54773.617989628314), np.float64(54730.43686322212), np.float64(54769.171962766646), np.float64(54712.52488018751), np.float64(54702.802729747295), np.float64(54637.825447614196), np.float64(54646.37572710752)]","[np.float64(55094.244638121316), np.float64(55091.00326724053), np.float64(55051.74616009972), np.float64(55026.51037238409), np.float64(55007.39052238634), np.float64(55001.13282747705), np.float64(55008.757729783036), np.float64(54974.2566752394), np.float64(54984.87859531996), np.float64(54954.91659849644), np.float64(54979.01003176127), np.float64(54935.51002928495), np.float64(54976.90787121939), np.float64(54934.37357202053), np.float64(54925.179215020544), np.float64(54894.78609733343), np.float64(54883.157057272525), np.float64(54806.53545819521), np.float64(54825.94665477354), np.float64(54826.49472566922), np.float64(54809.68482917071), np.float64(54792.47567394266), np.float64(54787.56594170131), np.float64(54812.37740830577), np.float64(54769.171962766646), np.float64(54771.66896943949), np.float64(54706.184266212884), np.float64(54676.17826803091), np.float64(54653.654649446726)]","[np.float64(55027.27562161969), np.float64(55039.022934648856), np.float64(55007.56400256384), np.float64(54993.865712764375), np.float64(54992.28667839162), np.float64(54956.47465662121), np.float64(54964.48086830139), np.float64(54945.97506058575), np.float64(54941.38393379651), np.float64(54943.10229618113), np.float64(54935.51002928495), np.float64(54903.45581485807), np.float64(54932.2344996113), np.float64(54887.14577600785), np.float64(54894.77502569427), np.float64(54849.3194777794), np.float64(54789.84537695636), np.float64(54800.395527699955), np.float64(54788.01203899467), np.float64(54789.17743737497), np.float64(54752.07866665782), np.float64(54737.73463094324), np.float64(54705.26166913758), np.float64(54713.81465760704), np.float64(54700.13016509453), np.float64(54702.79723808951), np.float64(54585.48627421367), np.float64(54624.71263970188), np.float64(54622.14699270775)]","[np.float64(55091.00326724053), np.float64(55045.38889890671), np.float64(55026.13544558048), np.float64(55000.54616251946), np.float64(55001.10685769558), np.float64(54996.79308484078), np.float64(54964.48086830139), np.float64(54945.984366340635), np.float64(54953.95566431999), np.float64(54954.91659849644), np.float64(54935.51002928495), np.float64(54932.471406552795), np.float64(54934.37357202053), np.float64(54907.49368559361), np.float64(54894.78609733343), np.float64(54863.304235064985), np.float64(54806.53545819521), np.float64(54800.41056523085), np.float64(54797.741017458444), np.float64(54809.68482917071), np.float64(54758.955179765224), np.float64(54773.617989628314), np.float64(54730.43686322212), np.float64(54769.171962766646), np.float64(54712.52488018751), np.float64(54702.802729747295), np.float64(54637.825447614196), np.float64(54646.37572710752), np.float64(54642.00812545538)]"
301,"[np.float64(55091.13333203793), np.float64(55090.33079360485), np.float64(55029.49034469128), np.float64(55002.12599908829), np.float64(54955.7181067133), np.float64(54976.435497283936), np.float64(54982.62413487673), np.float64(54946.392847070696), np.float64(54904.45750962496), np.float64(54930.169388415816), np.float64(54898.83677872181), np.float64(54936.07845108271), np.float64(54922.352751646045), np.float64(54889.85664151192), np.float64(54857.834302060604), np.float64(54817.24674498082), np.float64(54828.01598142862), np.float64(54806.09401054621), np.float64(54859.98565107584), np.float64(54817.96119992733), np.float64(54757.780475723746), np.float64(54790.79529972315), np.float64(54773.576265871525), np.float64(54747.888339607714), np.float64(54715.53813384533), np.float64(54679.39171010017), np.float64(54688.911680607795), np.float64(54651.37021532774), np.float64(54618.8607123828)]","[np.float64(55091.146320797285), np.float64(55124.41623371744), np.float64(55048.87603706883), np.float64(55002.12599908829), np.float64(54989.03233730515), np.float64(55007.60302760221), np.float64(54993.79185074046), np.float64(54958.89126923322), np.float64(54936.66943354719), np.float64(54948.035389791396), np.float64(54936.0921614183), np.float64(54936.09041730382), np.float64(54922.99413346213), np.float64(54902.03801516778), np.float64(54868.10314097254), np.float64(54837.37842358255), np.float64(54837.34814456356), np.float64(54862.94186494337), np.float64(54888.01491353227), np.float64(54827.30739642481), np.float64(54825.625069607166), np.float64(54790.80104229959), np.float64(54881.927625755576), np.float64(54747.888339607714), np.float64(54760.45442462979), np.float64(54688.92015736213), np.float64(54735.481731235814), np.float64(54651.37021532774), np.float64(54702.210591273455)]","[np.float64(55060.40181847163), np.float64(55029.49034469128), np.float64(55002.11751304934), np.float64(54946.72228213542), np.float64(54928.2197869121), np.float64(54976.418665389174), np.float64(54946.392847070696), np.float64(54901.81332274657), np.float64(54903.40397514689), np.float64(54842.30218423273), np.float64(54896.22669072732), np.float64(54913.88596594607), np.float64(54877.9035890756), np.float64(54847.43617501315), np.float64(54782.59911145071), np.float64(54805.07262765522), np.float64(54801.58428965745), np.float64(54774.98416934192), np.float64(54815.690009464706), np.float64(54728.01189516286), np.float64(54750.18700071609), np.float64(54740.497687950025), np.float64(54735.474963694345), np.float64(54703.13069352674), np.float64(54661.2783944935), np.float64(54679.37628019883), np.float64(54639.456998500056), np.float64(54598.186672703305), np.float64(54587.78735872708)]","[np.float64(55090.33079360485), np.float64(55029.49034469128), np.float64(55002.12599908829), np.float64(54955.7181067133), np.float64(54976.435497283936), np.float64(54982.62413487673), np.float64(54946.392847070696), np.float64(54904.45750962496), np.float64(54930.169388415816), np.float64(54898.83677872181), np.float64(54936.07845108271), np.float64(54922.352751646045), np.float64(54889.85664151192), np.float64(54857.834302060604), np.float64(54817.24674498082), np.float64(54828.01598142862), np.float64(54806.09401054621), np.float64(54859.98565107584), np.float64(54817.96119992733), np.float64(54757.780475723746), np.float64(54790.79529972315), np.float64(54773.576265871525), np.float64(54747.888339607714), np.float64(54715.53813384533), np.float64(54679.39171010017), np.float64(54688.911680607795), np.float64(54651.37021532774), np.float64(54618.8607123828), np.float64(54655.07281241179)]"
302,"[np.float64(55066.41071836949), np.float64(55077.91952128411), np.float64(54961.15198215008), np.float64(55046.02428475857), np.float64(55051.62557033062), np.float64(55064.792377469545), np.float64(54930.11697616577), np.float64(55072.41198538781), np.float64(54938.49611099005), np.float64(55035.35961525679), np.float64(54852.07577973843), np.float64(54856.99107008696), np.float64(54970.48702884674), np.float64(55077.272030391694), np.float64(54910.236378717425), np.float64(54907.37443806649), np.float64(54838.506673166754), np.float64(54914.64518901825), np.float64(54703.747695572376), np.float64(54768.082766671185), np.float64(54642.66952426672), np.float64(54610.884134545326), np.float64(54733.822797596455), np.float64(54646.064988141065), np.float64(54704.273234620094), np.float64(54612.72783524275), np.float64(54575.317851307394), np.float64(54587.376532127855), np.float64(54514.7331535697)]","[np.float64(55110.76631294466), np.float64(55077.91952128411), np.float64(55046.03925579735), np.float64(55051.62557033062), np.float64(55064.8009022265), np.float64(55064.792377469545), np.float64(55072.41198538781), np.float64(55072.42392922711), np.float64(55048.02519005038), np.float64(55035.35961525679), np.float64(54876.89832787022), np.float64(54983.028700459145), np.float64(55077.272030391694), np.float64(55085.10275333463), np.float64(54910.236378717425), np.float64(54942.59181416286), np.float64(54914.64518901825), np.float64(54958.9297478638), np.float64(54778.27175852957), np.float64(54768.082766671185), np.float64(54665.72389366682), np.float64(54736.296022088914), np.float64(54745.2592195031), np.float64(54728.174096698065), np.float64(54704.273234620094), np.float64(54666.20315625491), np.float64(54587.376532127855), np.float64(54608.81103467744), np.float64(54524.40144932405)]","[np.float64(54806.615831431714), np.float64(54961.15198215008), np.float64(54916.0594353871), np.float64(55046.02428475857), np.float64(55037.624595273584), np.float64(54930.107423065456), np.float64(54918.237380161605), np.float64(54938.49611099005), np.float64(54936.06520066366), np.float64(54824.92038295254), np.float64(54848.38353517214), np.float64(54856.99107008696), np.float64(54970.48702884674), np.float64(54909.26806984372), np.float64(54904.785614734), np.float64(54817.93223422167), np.float64(54837.83402469169), np.float64(54703.73149065421), np.float64(54703.738162875874), np.float64(54458.600531959986), np.float64(54590.32611425844), np.float64(54610.884134545326), np.float64(54646.03933178594), np.float64(54642.29745750414), np.float64(54561.66204386411), np.float64(54568.24033607492), np.float64(54575.3092148102), np.float64(54477.84300369004), np.float64(54441.927805332)]","[np.float64(55077.91952128411), np.float64(54961.15198215008), np.float64(55046.02428475857), np.float64(55051.62557033062), np.float64(55064.792377469545), np.float64(54930.11697616577), np.float64(55072.41198538781), np.float64(54938.49611099005), np.float64(55035.35961525679), np.float64(54852.07577973843), np.float64(54856.99107008696), np.float64(54970.48702884674), np.float64(55077.272030391694), np.float64(54910.236378717425), np.float64(54907.37443806649), np.float64(54838.506673166754), np.float64(54914.64518901825), np.float64(54703.747695572376), np.float64(54768.082766671185), np.float64(54642.66952426672), np.float64(54610.884134545326), np.float64(54733.822797596455), np.float64(54646.064988141065), np.float64(54704.273234620094), np.float64(54612.72783524275), np.float64(54575.317851307394), np.float64(54587.376532127855), np.float64(54514.7331535697), np.float64(54450.61957895756)]"
303,"[np.float64(55109.58501959324), np.float64(55121.92572210312), np.float64(55061.56792948723), np.float64(55053.41119258881), np.float64(55060.0896979928), np.float64(55031.44054399014), np.float64(54978.151451170444), np.float64(54995.2889691639), np.float64(54991.44330080271), np.float64(55001.65840970278), np.float64(55014.78194776058), np.float64(54995.78901036024), np.float64(54964.58620790958), np.float64(54943.61100573063), np.float64(54913.417686395645), np.float64(54931.241328389646), np.float64(54847.02244041681), np.float64(54841.59358728409), np.float64(54850.78697925091), np.float64(54860.36155121803), np.float64(54829.07787679434), np.float64(54791.52288992643), np.float64(54777.72108326673), np.float64(54749.38936463594), np.float64(54768.58654240132), np.float64(54717.42136909008), np.float64(54691.23404551506), np.float64(54626.74186644316), np.float64(54622.17041075707)]","[np.float64(55121.92572210312), np.float64(55121.92572210312), np.float64(55067.649478080275), np.float64(55065.13935480937), np.float64(55066.25392980242), np.float64(55037.74204551389), np.float64(54995.30246416085), np.float64(55000.24888303504), np.float64(55004.98113964487), np.float64(55014.78194776058), np.float64(55014.79566713652), np.float64(54998.89782572854), np.float64(54964.58620790958), np.float64(54943.61100573063), np.float64(54956.74345735842), np.float64(54931.241328389646), np.float64(54854.22046727842), np.float64(54850.79542016548), np.float64(54881.93568795779), np.float64(54872.464518474815), np.float64(54829.07787679434), np.float64(54795.10056884845), np.float64(54810.857525115265), np.float64(54778.845760993696), np.float64(54780.67370652929), np.float64(54717.42136909008), np.float64(54771.01413184516), np.float64(54626.75354992836), np.float64(54636.254030617834)]","[np.float64(55109.56831881622), np.float64(55059.49302968567), np.float64(55053.397289591994), np.float64(55053.40223021439), np.float64(55031.43177830965), np.float64(54952.87556928743), np.float64(54978.151451170444), np.float64(54991.43391396046), np.float64(54980.76516092236), np.float64(55001.65840970278), np.float64(54995.78152325454), np.float64(54950.48102806013), np.float64(54943.61100573063), np.float64(54901.19599905405), np.float64(54906.28928062953), np.float64(54846.733515188396), np.float64(54789.297317771525), np.float64(54841.59358728409), np.float64(54839.287631366446), np.float64(54805.778363428355), np.float64(54788.53110058395), np.float64(54752.70791397588), np.float64(54738.71391298022), np.float64(54736.61164181033), np.float64(54704.864922751156), np.float64(54691.22564168407), np.float64(54619.67217600146), np.float64(54606.94528510305), np.float64(54580.6360434215)]","[np.float64(55121.92572210312), np.float64(55061.56792948723), np.float64(55053.41119258881), np.float64(55060.0896979928), np.float64(55031.44054399014), np.float64(54978.151451170444), np.float64(54995.2889691639), np.float64(54991.44330080271), np.float64(55001.65840970278), np.float64(55014.78194776058), np.float64(54995.78901036024), np.float64(54964.58620790958), np.float64(54943.61100573063), np.float64(54913.417686395645), np.float64(54931.241328389646), np.float64(54847.02244041681), np.float64(54841.59358728409), np.float64(54850.78697925091), np.float64(54860.36155121803), np.float64(54829.07787679434), np.float64(54791.52288992643), np.float64(54777.72108326673), np.float64(54749.38936463594), np.float64(54768.58654240132), np.float64(54717.42136909008), np.float64(54691.23404551506), np.float64(54626.74186644316), np.float64(54622.17041075707), np.float64(54601.591069159505)]"
304,"[np.float64(55113.30641812325), np.float64(55084.708131046296), np.float64(55058.3348534441), np.float64(55038.45683153629), np.float64(55053.0114686966), np.float64(54947.39756543637), np.float64(54941.97540870905), np.float64(54916.64419481039), np.float64(54914.48228607893), np.float64(54821.40418252468), np.float64(54875.93532977104), np.float64(54827.35908981323), np.float64(54783.73909129858), np.float64(54812.7843634367), np.float64(54837.62661096334), np.float64(54822.606573626996), np.float64(54677.67820297718), np.float64(54771.48866148472), np.float64(54604.919053871636), np.float64(54639.03221713543), np.float64(54630.55289378405), np.float64(54536.73033023596), np.float64(54577.5957881403), np.float64(54387.092970035075), np.float64(54577.42116649151), np.float64(54496.39865310908), np.float64(54289.855497281555), np.float64(54505.25464926481), np.float64(54309.07791534424)]","[np.float64(55113.30641812325), np.float64(55108.977406024154), np.float64(55075.78583648499), np.float64(55053.0114686966), np.float64(55053.0114686966), np.float64(55070.917612105244), np.float64(54941.97540870905), np.float64(54961.27185204251), np.float64(54914.48228607893), np.float64(54889.38936642857), np.float64(54885.13266252449), np.float64(54827.35908981323), np.float64(54824.893217675366), np.float64(54850.98309240845), np.float64(54837.63533079376), np.float64(54854.15216665496), np.float64(54771.48866148472), np.float64(54786.81070282016), np.float64(54639.03221713543), np.float64(54711.914570970934), np.float64(54633.639582638156), np.float64(54591.95889699722), np.float64(54577.5957881403), np.float64(54610.64787771759), np.float64(54577.42116649151), np.float64(54536.23487107303), np.float64(54535.97906278398), np.float64(54512.503908243845), np.float64(54318.274367899445)]","[np.float64(55079.48671536341), np.float64(55050.37477059664), np.float64(55038.45683153629), np.float64(55038.45683153629), np.float64(54917.2122629041), np.float64(54941.97540870905), np.float64(54896.75272101799), np.float64(54914.48228607893), np.float64(54808.92198413966), np.float64(54821.3956854185), np.float64(54808.7267519026), np.float64(54783.73909129858), np.float64(54749.42979820535), np.float64(54807.89993084695), np.float64(54815.46508054702), np.float64(54646.373875055964), np.float64(54670.56741443487), np.float64(54592.970498383394), np.float64(54590.63441083373), np.float64(54630.55289378405), np.float64(54515.265252120436), np.float64(54472.66009626011), np.float64(54374.90093216182), np.float64(54373.05600297135), np.float64(54473.88248473263), np.float64(54289.855497281555), np.float64(54202.34502965442), np.float64(54293.855279813266), np.float64(54085.04587331048)]","[np.float64(55084.708131046296), np.float64(55058.3348534441), np.float64(55038.45683153629), np.float64(55053.0114686966), np.float64(54947.39756543637), np.float64(54941.97540870905), np.float64(54916.64419481039), np.float64(54914.48228607893), np.float64(54821.40418252468), np.float64(54875.93532977104), np.float64(54827.35908981323), np.float64(54783.73909129858), np.float64(54812.7843634367), np.float64(54837.62661096334), np.float64(54822.606573626996), np.float64(54677.67820297718), np.float64(54771.48866148472), np.float64(54604.919053871636), np.float64(54639.03221713543), np.float64(54630.55289378405), np.float64(54536.73033023596), np.float64(54577.5957881403), np.float64(54387.092970035075), np.float64(54577.42116649151), np.float64(54496.39865310908), np.float64(54289.855497281555), np.float64(54505.25464926481), np.float64(54309.07791534424), np.float64(54136.68848754406)]"
305,"[np.float64(55116.932135322095), np.float64(55084.72641738415), np.float64(55082.24449774027), np.float64(55088.610332522396), np.float64(55084.4603640461), np.float64(55054.506312427526), np.float64(54992.342550783156), np.float64(54933.21947230339), np.float64(54922.092106943135), np.float64(54947.06210128069), np.float64(54953.793920373915), np.float64(54924.268567478655), np.float64(54947.91537786245), np.float64(54876.962970447545), np.float64(54844.439044475555), np.float64(54877.42373465061), np.float64(54873.83008293152), np.float64(54841.854103209975), np.float64(54763.06587124825), np.float64(54708.71346651554), np.float64(54709.87400508404), np.float64(54682.56310194731), np.float64(54635.747759058475), np.float64(54659.2902600503), np.float64(54629.80328270912), np.float64(54630.1719713378), np.float64(54613.323944101336), np.float64(54549.426972448826), np.float64(54533.19012098313)]","[np.float64(55116.932135322095), np.float64(55084.72641738415), np.float64(55118.40400822092), np.float64(55088.610332522396), np.float64(55105.04568414931), np.float64(55054.517490596176), np.float64(54995.55879810868), np.float64(54933.21947230339), np.float64(54984.51359888873), np.float64(54953.79943978334), np.float64(54963.2782044721), np.float64(54947.91537786245), np.float64(54947.9283989864), np.float64(54883.706859458965), np.float64(54879.76119807727), np.float64(54877.42373465061), np.float64(54877.05798625847), np.float64(54841.859836214724), np.float64(54763.06587124825), np.float64(54742.42264940026), np.float64(54709.87400508404), np.float64(54682.56310194731), np.float64(54757.70886953164), np.float64(54659.40742388045), np.float64(54630.1719713378), np.float64(54637.952702035924), np.float64(54630.43418803808), np.float64(54549.426972448826), np.float64(54554.73438448594)]","[np.float64(55084.72641738415), np.float64(55028.796904168456), np.float64(55082.23573052148), np.float64(55084.4603640461), np.float64(55037.416204292895), np.float64(54992.342550783156), np.float64(54929.689165641634), np.float64(54921.69574181122), np.float64(54905.02497028244), np.float64(54947.06210128069), np.float64(54917.09851112941), np.float64(54924.25665256505), np.float64(54876.962970447545), np.float64(54839.92512023314), np.float64(54826.50917204324), np.float64(54855.74559039885), np.float64(54841.854103209975), np.float64(54743.580945670925), np.float64(54708.69987454914), np.float64(54687.02848273679), np.float64(54682.55744643669), np.float64(54571.58396658412), np.float64(54633.05014902361), np.float64(54604.25247445425), np.float64(54629.80328270912), np.float64(54591.09944896108), np.float64(54549.426972448826), np.float64(54509.47515813129), np.float64(54520.646333341676)]","[np.float64(55084.72641738415), np.float64(55082.24449774027), np.float64(55088.610332522396), np.float64(55084.4603640461), np.float64(55054.506312427526), np.float64(54992.342550783156), np.float64(54933.21947230339), np.float64(54922.092106943135), np.float64(54947.06210128069), np.float64(54953.793920373915), np.float64(54924.268567478655), np.float64(54947.91537786245), np.float64(54876.962970447545), np.float64(54844.439044475555), np.float64(54877.42373465061), np.float64(54873.83008293152), np.float64(54841.854103209975), np.float64(54763.06587124825), np.float64(54708.71346651554), np.float64(54709.87400508404), np.float64(54682.56310194731), np.float64(54635.747759058475), np.float64(54659.2902600503), np.float64(54629.80328270912), np.float64(54630.1719713378), np.float64(54613.323944101336), np.float64(54549.426972448826), np.float64(54533.19012098313), np.float64(54542.696312348846)]"
306,"[np.float64(55122.82638863087), np.float64(55101.95858649254), np.float64(55059.01956089735), np.float64(55068.427881722455), np.float64(55048.74727499724), np.float64(55058.936113383774), np.float64(55055.36409620524), np.float64(55056.42251459122), np.float64(54986.04419516325), np.float64(54941.8996878171), np.float64(54999.22001669407), np.float64(54949.04835814715), np.float64(54912.324498212336), np.float64(54859.68727470398), np.float64(54895.50995300293), np.float64(54878.092731306555), np.float64(54822.432209532264), np.float64(54830.789194707875), np.float64(54835.74002751589), np.float64(54791.5070503521), np.float64(54718.060618252755), np.float64(54809.43010821104), np.float64(54758.43826877832), np.float64(54727.068700077536), np.float64(54671.5489315939), np.float64(54662.64412894488), np.float64(54663.775048797135), np.float64(54694.023613476755), np.float64(54654.254949512484)]","[np.float64(55132.84533572443), np.float64(55121.84503933916), np.float64(55068.427881722455), np.float64(55082.804920928014), np.float64(55095.37347678483), np.float64(55058.936113383774), np.float64(55074.21087423316), np.float64(55072.27364525554), np.float64(55036.40824371245), np.float64(54999.22001669407), np.float64(55012.63548139374), np.float64(54979.97047718425), np.float64(54937.281661414185), np.float64(54919.606295958845), np.float64(54907.17207956776), np.float64(54884.2270480377), np.float64(54856.58334359887), np.float64(54835.751184056004), np.float64(54911.297884182146), np.float64(54822.92972487921), np.float64(54809.44799858536), np.float64(54851.79033568756), np.float64(54758.43826877832), np.float64(54790.508651745986), np.float64(54712.60413847247), np.float64(54709.52684072846), np.float64(54706.90976622845), np.float64(54747.6077063847), np.float64(54664.067975553735)]","[np.float64(55085.231937782555), np.float64(55055.317801577694), np.float64(55005.71232229186), np.float64(55031.95199140104), np.float64(55036.69576125193), np.float64(55055.36409620524), np.float64(54976.34168885263), np.float64(54960.716022017674), np.float64(54919.48333104466), np.float64(54933.944434710866), np.float64(54949.03998192163), np.float64(54869.368639953536), np.float64(54843.21251108126), np.float64(54834.49373105687), np.float64(54878.092731306555), np.float64(54742.233660455495), np.float64(54800.603476007556), np.float64(54810.430028963696), np.float64(54773.672718256836), np.float64(54718.060618252755), np.float64(54651.77873256816), np.float64(54758.43826877832), np.float64(54704.96973850353), np.float64(54629.79250893209), np.float64(54659.895637528076), np.float64(54644.02948296264), np.float64(54611.23081341482), np.float64(54641.34980389874), np.float64(54635.03740527726)]","[np.float64(55101.95858649254), np.float64(55059.01956089735), np.float64(55068.427881722455), np.float64(55048.74727499724), np.float64(55058.936113383774), np.float64(55055.36409620524), np.float64(55056.42251459122), np.float64(54986.04419516325), np.float64(54941.8996878171), np.float64(54999.22001669407), np.float64(54949.04835814715), np.float64(54912.324498212336), np.float64(54859.68727470398), np.float64(54895.50995300293), np.float64(54878.092731306555), np.float64(54822.432209532264), np.float64(54830.789194707875), np.float64(54835.74002751589), np.float64(54791.5070503521), np.float64(54718.060618252755), np.float64(54809.43010821104), np.float64(54758.43826877832), np.float64(54727.068700077536), np.float64(54671.5489315939), np.float64(54662.64412894488), np.float64(54663.775048797135), np.float64(54694.023613476755), np.float64(54654.254949512484), np.float64(54658.409553961756)]"
307,"[np.float64(54997.22796486139), np.float64(55039.7569644022), np.float64(54960.85940074444), np.float64(55016.399902329445), np.float64(54921.62026791573), np.float64(54979.725106441976), np.float64(54969.67071127176), np.float64(55004.96720663786), np.float64(54879.62492037535), np.float64(54843.72780895472), np.float64(54913.08750209808), np.float64(54890.81641669512), np.float64(54839.85496864081), np.float64(54810.939503746034), np.float64(54790.02637209416), np.float64(54799.859270777706), np.float64(54758.89568477869), np.float64(54772.41070499897), np.float64(54735.194659266475), np.float64(54807.04193824292), np.float64(54680.58431414843), np.float64(54670.629206066136), np.float64(54697.26415858746), np.float64(54666.90291400909), np.float64(54633.995232496265), np.float64(54594.45334487677), np.float64(54613.14185338497), np.float64(54600.8951581049), np.float64(54578.586341032984)]","[np.float64(55039.76177760711), np.float64(55039.77060727724), np.float64(55024.731978495955), np.float64(55016.399902329445), np.float64(54988.24373228585), np.float64(55005.9704095715), np.float64(55004.96720663786), np.float64(55004.97569394385), np.float64(54913.571975981904), np.float64(54913.08750209808), np.float64(54931.214499887916), np.float64(54901.27145127579), np.float64(54839.85496864081), np.float64(54834.60477675519), np.float64(54799.859270777706), np.float64(54805.24659536579), np.float64(54772.41070499897), np.float64(54775.69897326107), np.float64(54836.092703296104), np.float64(54807.04193824292), np.float64(54680.58431414843), np.float64(54700.43028577945), np.float64(54713.26339361508), np.float64(54692.244831090014), np.float64(54633.995232496265), np.float64(54645.62829963421), np.float64(54613.14185338497), np.float64(54600.8951581049), np.float64(54600.37990698028)]","[np.float64(54990.92290587973), np.float64(54960.85940074444), np.float64(54913.09789379055), np.float64(54921.60984743243), np.float64(54916.03881885364), np.float64(54969.67071127176), np.float64(54947.01718408781), np.float64(54879.62492037535), np.float64(54842.54002471091), np.float64(54842.01792558855), np.float64(54885.52563476633), np.float64(54839.18746286615), np.float64(54810.939503746034), np.float64(54785.96027025309), np.float64(54788.89998437947), np.float64(54729.821081579474), np.float64(54747.042667519105), np.float64(54712.85455841639), np.float64(54728.14902763413), np.float64(54665.407479779686), np.float64(54655.66214535454), np.float64(54670.629206066136), np.float64(54647.714509304664), np.float64(54619.51418037624), np.float64(54586.88999970928), np.float64(54580.78436932914), np.float64(54600.88967433272), np.float64(54404.106830884615), np.float64(54577.54539475226)]","[np.float64(55039.7569644022), np.float64(54960.85940074444), np.float64(55016.399902329445), np.float64(54921.62026791573), np.float64(54979.725106441976), np.float64(54969.67071127176), np.float64(55004.96720663786), np.float64(54879.62492037535), np.float64(54843.72780895472), np.float64(54913.08750209808), np.float64(54890.81641669512), np.float64(54839.85496864081), np.float64(54810.939503746034), np.float64(54790.02637209416), np.float64(54799.859270777706), np.float64(54758.89568477869), np.float64(54772.41070499897), np.float64(54735.194659266475), np.float64(54807.04193824292), np.float64(54680.58431414843), np.float64(54670.629206066136), np.float64(54697.26415858746), np.float64(54666.90291400909), np.float64(54633.995232496265), np.float64(54594.45334487677), np.float64(54613.14185338497), np.float64(54600.8951581049), np.float64(54578.586341032984), np.float64(54579.62750329733)]"
308,"[np.float64(55046.14353228569), np.float64(55052.11646835804), np.float64(55164.01288766384), np.float64(55107.47900009155), np.float64(55024.67562920094), np.float64(55075.88484425545), np.float64(55051.12076438427), np.float64(54949.8721447897), np.float64(54933.17401401282), np.float64(55101.73567345858), np.float64(54899.07244068146), np.float64(54947.67353460551), np.float64(54911.622792191505), np.float64(54954.85736106396), np.float64(54901.55732219696), np.float64(54900.267877824306), np.float64(54810.10515738726), np.float64(54936.43645121813), np.float64(54788.5100225997), np.float64(54851.9579487586), np.float64(54610.45440560579), np.float64(54759.26141153574), np.float64(54826.75963275194), np.float64(54784.948307583334), np.float64(54899.01114281655), np.float64(54770.318979747295), np.float64(54682.673978967665), np.float64(54889.74885514021), np.float64(54786.27728650332)]","[np.float64(55052.11646835804), np.float64(55236.9787219633), np.float64(55164.01288766384), np.float64(55107.48995017929), np.float64(55075.890519069275), np.float64(55110.8614210073), np.float64(55051.12076438427), np.float64(54960.73746605624), np.float64(55105.026367705694), np.float64(55113.2135711892), np.float64(54958.2788030201), np.float64(54961.99411827444), np.float64(54954.85736106396), np.float64(55006.73701493026), np.float64(54901.55732219696), np.float64(54945.049876259734), np.float64(54936.43645121813), np.float64(54964.50824633903), np.float64(54886.22576956138), np.float64(54851.9579487586), np.float64(54791.65674823026), np.float64(54829.40500971934), np.float64(54880.87320268993), np.float64(54904.18379393042), np.float64(54899.01114281655), np.float64(54770.318979747295), np.float64(54914.275682801876), np.float64(54889.74885514021), np.float64(54805.18398183096)]","[np.float64(55007.7009294659), np.float64(55052.11646835804), np.float64(55106.155203640774), np.float64(54998.0273460253), np.float64(55018.99164531298), np.float64(55051.12076438427), np.float64(54940.07668955636), np.float64(54933.17401401282), np.float64(54929.699859594235), np.float64(54899.07244068146), np.float64(54871.428081008235), np.float64(54902.79793748333), np.float64(54911.622792191505), np.float64(54844.79124756613), np.float64(54900.267877824306), np.float64(54776.42320000064), np.float64(54810.10515738726), np.float64(54706.22530746635), np.float64(54788.5100225997), np.float64(54579.84106959086), np.float64(54597.383733116316), np.float64(54759.26141153574), np.float64(54769.76662635644), np.float64(54784.60664808929), np.float64(54763.245469636786), np.float64(54655.402776515235), np.float64(54682.673978967665), np.float64(54786.27728650332), np.float64(54712.01027424357)]","[np.float64(55052.11646835804), np.float64(55164.01288766384), np.float64(55107.47900009155), np.float64(55024.67562920094), np.float64(55075.88484425545), np.float64(55051.12076438427), np.float64(54949.8721447897), np.float64(54933.17401401282), np.float64(55101.73567345858), np.float64(54899.07244068146), np.float64(54947.67353460551), np.float64(54911.622792191505), np.float64(54954.85736106396), np.float64(54901.55732219696), np.float64(54900.267877824306), np.float64(54810.10515738726), np.float64(54936.43645121813), np.float64(54788.5100225997), np.float64(54851.9579487586), np.float64(54610.45440560579), np.float64(54759.26141153574), np.float64(54826.75963275194), np.float64(54784.948307583334), np.float64(54899.01114281655), np.float64(54770.318979747295), np.float64(54682.673978967665), np.float64(54889.74885514021), np.float64(54786.27728650332), np.float64(54736.32416257143)]"
309,"[np.float64(55067.112681944374), np.float64(55054.394018859864), np.float64(54996.996294989585), np.float64(54987.221345968246), np.float64(54966.70562022209), np.float64(54961.68022551537), np.float64(54960.941302933694), np.float64(54925.04547928333), np.float64(54917.90028593302), np.float64(54950.69709042549), np.float64(54929.512496800424), np.float64(54903.99146556378), np.float64(54934.77921965599), np.float64(54871.147399902344), np.float64(54818.871653509144), np.float64(54791.13887683153), np.float64(54858.93251254797), np.float64(54801.99439388752), np.float64(54766.91488781214), np.float64(54735.83532497645), np.float64(54714.46851185799), np.float64(54689.05784253359), np.float64(54664.44237135172), np.float64(54678.03980886936), np.float64(54585.62014225483), np.float64(54647.56433906794), np.float64(54623.77368474484), np.float64(54545.00103480339), np.float64(54520.86564437866)]","[np.float64(55067.112681944374), np.float64(55054.394018859864), np.float64(55016.778989845625), np.float64(54987.221345968246), np.float64(54978.26412006525), np.float64(55022.15713092611), np.float64(54960.941302933694), np.float64(54929.98149238358), np.float64(54993.514593636726), np.float64(54950.69709042549), np.float64(54935.46539802538), np.float64(54957.59103840053), np.float64(54934.77921965599), np.float64(54871.1588654079), np.float64(54821.92477360948), np.float64(54913.1317839262), np.float64(54858.93251254797), np.float64(54811.77740841069), np.float64(54779.73579353662), np.float64(54735.83532497645), np.float64(54752.704670199695), np.float64(54690.80054047508), np.float64(54756.17131060786), np.float64(54678.05330828829), np.float64(54653.69247586281), np.float64(54677.71354611681), np.float64(54623.77368474484), np.float64(54559.13958103116), np.float64(54557.77837535155)]","[np.float64(55054.394018859864), np.float64(54976.01933148154), np.float64(54987.212022214764), np.float64(54956.155471290804), np.float64(54959.05460075978), np.float64(54948.35305822042), np.float64(54925.04547928333), np.float64(54917.884341925324), np.float64(54888.76121117927), np.float64(54887.43163295752), np.float64(54903.976548772756), np.float64(54883.60104770853), np.float64(54871.13546861722), np.float64(54805.10355675416), np.float64(54761.05618755883), np.float64(54788.72017079953), np.float64(54775.66009049005), np.float64(54760.502903693676), np.float64(54727.11120786631), np.float64(54694.66793711424), np.float64(54688.46178275353), np.float64(54648.59444282146), np.float64(54650.873332709765), np.float64(54564.01113657007), np.float64(54578.18073199599), np.float64(54616.64988278995), np.float64(54545.00103480339), np.float64(54435.74091472335), np.float64(54501.73189190543)]","[np.float64(55054.394018859864), np.float64(54996.996294989585), np.float64(54987.221345968246), np.float64(54966.70562022209), np.float64(54961.68022551537), np.float64(54960.941302933694), np.float64(54925.04547928333), np.float64(54917.90028593302), np.float64(54950.69709042549), np.float64(54929.512496800424), np.float64(54903.99146556378), np.float64(54934.77921965599), np.float64(54871.147399902344), np.float64(54818.871653509144), np.float64(54791.13887683153), np.float64(54858.93251254797), np.float64(54801.99439388752), np.float64(54766.91488781214), np.float64(54735.83532497645), np.float64(54714.46851185799), np.float64(54689.05784253359), np.float64(54664.44237135172), np.float64(54678.03980886936), np.float64(54585.62014225483), np.float64(54647.56433906794), np.float64(54623.77368474484), np.float64(54545.00103480339), np.float64(54520.86564437866), np.float64(54544.31001727581)]"
310,"[np.float64(55172.485128278735), np.float64(55201.907073221206), np.float64(55189.27868283272), np.float64(55072.197442860604), np.float64(55040.265633659365), np.float64(54973.54831633568), np.float64(55102.518895337584), np.float64(54917.66101821661), np.float64(55121.454011852744), np.float64(54961.86875508309), np.float64(54984.47762262821), np.float64(54998.23461488247), np.float64(54942.8836730814), np.float64(54917.34693104744), np.float64(54816.334488520624), np.float64(54777.34814499617), np.float64(54917.190080628396), np.float64(54779.051478734014), np.float64(54727.28246994257), np.float64(54868.907967400555), np.float64(54643.7383735919), np.float64(54826.303762075906), np.float64(54703.66914158583), np.float64(54856.34576840401), np.float64(54618.20613875389), np.float64(54881.39818003893), np.float64(54692.5452532053), np.float64(54692.06607388735), np.float64(54636.54141187668)]","[np.float64(55206.22069765643), np.float64(55231.804304613026), np.float64(55197.76436527909), np.float64(55072.76922125155), np.float64(55041.57608080798), np.float64(55102.53389127725), np.float64(55128.74774537214), np.float64(55147.15494100858), np.float64(55121.454011852744), np.float64(54989.195100947), np.float64(55007.39609506984), np.float64(54998.23461488247), np.float64(54947.18835325659), np.float64(54937.18831174515), np.float64(54816.334488520624), np.float64(54930.25992046911), np.float64(54917.20179307192), np.float64(54795.875389919616), np.float64(54868.916586062085), np.float64(54931.62215823978), np.float64(54826.303762075906), np.float64(54904.51822001884), np.float64(54856.34576840401), np.float64(54866.70003604946), np.float64(54927.65516817796), np.float64(54881.72460891091), np.float64(54692.5452532053), np.float64(54692.07984348925), np.float64(54642.17277896611)]","[np.float64(55172.485128278735), np.float64(55183.01224788691), np.float64(55072.197442860604), np.float64(55030.905822231034), np.float64(54963.88824595922), np.float64(54973.54831633568), np.float64(54910.44898937359), np.float64(54917.65158463319), np.float64(54941.056691635946), np.float64(54961.86875508309), np.float64(54981.88757279461), np.float64(54929.25428657398), np.float64(54917.34693104744), np.float64(54780.38429785382), np.float64(54774.20466345826), np.float64(54764.80216931083), np.float64(54777.28220108166), np.float64(54715.440463305415), np.float64(54713.43443533753), np.float64(54643.7383735919), np.float64(54613.276117820984), np.float64(54703.66914158583), np.float64(54680.66768045872), np.float64(54618.190745173306), np.float64(54611.3999018444), np.float64(54692.5452532053), np.float64(54671.09683786328), np.float64(54630.275200639066), np.float64(54577.52459048872)]","[np.float64(55201.907073221206), np.float64(55189.27868283272), np.float64(55072.197442860604), np.float64(55040.265633659365), np.float64(54973.54831633568), np.float64(55102.518895337584), np.float64(54917.66101821661), np.float64(55121.454011852744), np.float64(54961.86875508309), np.float64(54984.47762262821), np.float64(54998.23461488247), np.float64(54942.8836730814), np.float64(54917.34693104744), np.float64(54816.334488520624), np.float64(54777.34814499617), np.float64(54917.190080628396), np.float64(54779.051478734014), np.float64(54727.28246994257), np.float64(54868.907967400555), np.float64(54643.7383735919), np.float64(54826.303762075906), np.float64(54703.66914158583), np.float64(54856.34576840401), np.float64(54618.20613875389), np.float64(54881.39818003893), np.float64(54692.5452532053), np.float64(54692.06607388735), np.float64(54636.54141187668), np.float64(54609.383238294125)]"
311,"[np.float64(55077.4927542162), np.float64(55051.6302063036), np.float64(55053.70918262959), np.float64(55053.34165299416), np.float64(55013.86737331391), np.float64(55007.27476218701), np.float64(54986.24444344044), np.float64(54971.676413469315), np.float64(54967.03876639128), np.float64(54918.088557946685), np.float64(54954.817182631494), np.float64(54947.64662020683), np.float64(54923.42018442393), np.float64(54887.2169700098), np.float64(54848.05175519467), np.float64(54873.52475260019), np.float64(54826.33621388674), np.float64(54849.3914226079), np.float64(54799.47989365578), np.float64(54759.075586285595), np.float64(54719.61070732832), np.float64(54705.3284335804), np.float64(54674.40584994078), np.float64(54717.57126554966), np.float64(54662.43795692444), np.float64(54608.86890284777), np.float64(54613.8055701828), np.float64(54551.775736646654), np.float64(54510.319707295894)]","[np.float64(55077.4927542162), np.float64(55053.70918262959), np.float64(55075.36876559862), np.float64(55053.34165299416), np.float64(55023.62666330868), np.float64(55007.3134467087), np.float64(54993.88894530537), np.float64(54971.676413469315), np.float64(54988.138850527066), np.float64(54954.817182631494), np.float64(54964.69843200594), np.float64(54947.64662020683), np.float64(54936.15624783818), np.float64(54887.22247687341), np.float64(54918.32366610347), np.float64(54873.52475260019), np.float64(54879.843705215004), np.float64(54849.3914226079), np.float64(54807.38381829289), np.float64(54777.11171040006), np.float64(54719.61070732832), np.float64(54705.3284335804), np.float64(54747.292726143576), np.float64(54717.580529096136), np.float64(54662.43795692444), np.float64(54613.8055701828), np.float64(54672.301394661474), np.float64(54551.775736646654), np.float64(54531.803823585025)]","[np.float64(55051.6302063036), np.float64(55038.24677927292), np.float64(55053.34165299416), np.float64(55013.86737331391), np.float64(54986.69640739799), np.float64(54986.24444344044), np.float64(54942.69065570286), np.float64(54967.03876639128), np.float64(54911.01115834817), np.float64(54918.088557946685), np.float64(54947.64662020683), np.float64(54914.60627562922), np.float64(54887.2169700098), np.float64(54843.132806567904), np.float64(54844.49178882999), np.float64(54792.11071002155), np.float64(54826.33621388674), np.float64(54735.21153501537), np.float64(54759.075586285595), np.float64(54687.495528367166), np.float64(54705.3284335804), np.float64(54636.74738835867), np.float64(54672.58842260691), np.float64(54656.95149522915), np.float64(54608.86890284777), np.float64(54596.365743025075), np.float64(54551.775736646654), np.float64(54505.08457815384), np.float64(54444.71099246145)]","[np.float64(55051.6302063036), np.float64(55053.70918262959), np.float64(55053.34165299416), np.float64(55013.86737331391), np.float64(55007.27476218701), np.float64(54986.24444344044), np.float64(54971.676413469315), np.float64(54967.03876639128), np.float64(54918.088557946685), np.float64(54954.817182631494), np.float64(54947.64662020683), np.float64(54923.42018442393), np.float64(54887.2169700098), np.float64(54848.05175519467), np.float64(54873.52475260019), np.float64(54826.33621388674), np.float64(54849.3914226079), np.float64(54799.47989365578), np.float64(54759.075586285595), np.float64(54719.61070732832), np.float64(54705.3284335804), np.float64(54674.40584994078), np.float64(54717.57126554966), np.float64(54662.43795692444), np.float64(54608.86890284777), np.float64(54613.8055701828), np.float64(54551.775736646654), np.float64(54510.319707295894), np.float64(54481.08886746168)]"
312,"[np.float64(54995.549227535725), np.float64(54938.91734064579), np.float64(55027.14698912859), np.float64(54998.82518632889), np.float64(55022.71036298991), np.float64(54915.756019654276), np.float64(54893.87590130568), np.float64(54861.9130568409), np.float64(54851.86703217745), np.float64(54886.95336343527), np.float64(54813.5946284914), np.float64(54896.36425980091), np.float64(54857.586663837435), np.float64(54857.23252701283), np.float64(54826.28277142048), np.float64(54775.3309816432), np.float64(54779.99824743748), np.float64(54756.89809553385), np.float64(54718.86354301691), np.float64(54710.774414057734), np.float64(54676.983837246895), np.float64(54567.54036275387), np.float64(54653.448547768596), np.float64(54626.032691354754), np.float64(54608.441234340666), np.float64(54567.682661368846), np.float64(54575.99135515928), np.float64(54518.73786155939), np.float64(54446.10839092016)]","[np.float64(54995.549227535725), np.float64(55065.364643674), np.float64(55037.06015882801), np.float64(55022.71036298991), np.float64(55022.71962722119), np.float64(54983.992065102924), np.float64(54893.87590130568), np.float64(54878.39491048369), np.float64(54918.81002566968), np.float64(54886.95336343527), np.float64(54912.46747636616), np.float64(54896.37321409942), np.float64(54874.28921250214), np.float64(54867.53971963687), np.float64(54828.284621630686), np.float64(54789.716312697325), np.float64(54797.46612048903), np.float64(54761.202683627496), np.float64(54735.9804520038), np.float64(54717.033214597395), np.float64(54696.66905215145), np.float64(54686.30633968475), np.float64(54679.369181439484), np.float64(54626.04457359961), np.float64(54618.86667042968), np.float64(54577.96350350453), np.float64(54575.999730715834), np.float64(54540.10196184189), np.float64(54455.50378431355)]","[np.float64(54938.91734064579), np.float64(54925.049786255644), np.float64(54998.81353739418), np.float64(54977.26086102058), np.float64(54914.60790247549), np.float64(54893.86702445318), np.float64(54852.65069832589), np.float64(54851.86703217745), np.float64(54848.894190731204), np.float64(54796.769946124135), np.float64(54809.55027015583), np.float64(54841.34159900294), np.float64(54835.32652099332), np.float64(54817.263466396136), np.float64(54764.59010568165), np.float64(54767.12340739323), np.float64(54752.44546565075), np.float64(54696.91872352326), np.float64(54690.56804963432), np.float64(54666.9270182999), np.float64(54562.70991668126), np.float64(54541.681646796096), np.float64(54613.17581363476), np.float64(54590.828076170306), np.float64(54556.33488767018), np.float64(54562.656327233504), np.float64(54496.503222168125), np.float64(54429.67238589203), np.float64(54401.421908742435)]","[np.float64(54938.91734064579), np.float64(55027.14698912859), np.float64(54998.82518632889), np.float64(55022.71036298991), np.float64(54915.756019654276), np.float64(54893.87590130568), np.float64(54861.9130568409), np.float64(54851.86703217745), np.float64(54886.95336343527), np.float64(54813.5946284914), np.float64(54896.36425980091), np.float64(54857.586663837435), np.float64(54857.23252701283), np.float64(54826.28277142048), np.float64(54775.3309816432), np.float64(54779.99824743748), np.float64(54756.89809553385), np.float64(54718.86354301691), np.float64(54710.774414057734), np.float64(54676.983837246895), np.float64(54567.54036275387), np.float64(54653.448547768596), np.float64(54626.032691354754), np.float64(54608.441234340666), np.float64(54567.682661368846), np.float64(54575.99135515928), np.float64(54518.73786155939), np.float64(54446.10839092016), np.float64(54418.48662003994)]"
313,"[np.float64(55048.314326632026), np.float64(55086.556854047776), np.float64(55028.643120629786), np.float64(54963.15729801655), np.float64(54930.130884084705), np.float64(54876.75808619738), np.float64(54928.402825157646), np.float64(54914.77576892376), np.float64(54898.715341985226), np.float64(54844.0063536644), np.float64(54859.37589185238), np.float64(54859.07275073051), np.float64(54817.254342825414), np.float64(54832.46999246597), np.float64(54745.86332085609), np.float64(54725.67185566425), np.float64(54744.26223607779), np.float64(54684.5984228611), np.float64(54629.25688178301), np.float64(54645.20784824848), np.float64(54545.60242352009), np.float64(54490.17691982031), np.float64(54534.82571800471), np.float64(54501.44516724825), np.float64(54476.606010370255), np.float64(54458.02425801754), np.float64(54379.57509596825), np.float64(54332.8963855052), np.float64(54333.3240540123)]","[np.float64(55086.556854047776), np.float64(55121.07126279029), np.float64(55034.387488963555), np.float64(54963.15729801655), np.float64(54940.51841916508), np.float64(54928.402825157646), np.float64(54951.119867590336), np.float64(54914.78481971275), np.float64(54905.18727723949), np.float64(54859.37589185238), np.float64(54876.397615434325), np.float64(54859.07275073051), np.float64(54832.47550139414), np.float64(54832.478479839854), np.float64(54745.87076983414), np.float64(54776.04872162516), np.float64(54744.26223607779), np.float64(54710.80275121161), np.float64(54645.20784824848), np.float64(54649.14578278145), np.float64(54567.56172180252), np.float64(54573.164905141966), np.float64(54534.82571800471), np.float64(54521.480893118176), np.float64(54484.66242363321), np.float64(54488.23305346505), np.float64(54379.57509596825), np.float64(54380.12271231502), np.float64(54363.40313636554)]","[np.float64(55048.305540162626), np.float64(55008.460037626624), np.float64(54963.15729801655), np.float64(54919.22210124316), np.float64(54863.42734214185), np.float64(54850.62105944634), np.float64(54914.77576892376), np.float64(54889.145583378144), np.float64(54823.72939245916), np.float64(54837.69568794596), np.float64(54859.07275073051), np.float64(54808.24865115431), np.float64(54817.24560372505), np.float64(54736.66086596572), np.float64(54705.14223352648), np.float64(54707.332509674256), np.float64(54676.83122088467), np.float64(54614.661818336295), np.float64(54623.189530888085), np.float64(54531.524213302444), np.float64(54482.90036433293), np.float64(54479.99632379868), np.float64(54494.358882827546), np.float64(54436.50426577835), np.float64(54450.56701194639), np.float64(54370.89973870291), np.float64(54325.83231294615), np.float64(54311.31187853712), np.float64(54324.084604345866)]","[np.float64(55086.556854047776), np.float64(55028.643120629786), np.float64(54963.15729801655), np.float64(54930.130884084705), np.float64(54876.75808619738), np.float64(54928.402825157646), np.float64(54914.77576892376), np.float64(54898.715341985226), np.float64(54844.0063536644), np.float64(54859.37589185238), np.float64(54859.07275073051), np.float64(54817.254342825414), np.float64(54832.46999246597), np.float64(54745.86332085609), np.float64(54725.67185566425), np.float64(54744.26223607779), np.float64(54684.5984228611), np.float64(54629.25688178301), np.float64(54645.20784824848), np.float64(54545.60242352009), np.float64(54490.17691982031), np.float64(54534.82571800471), np.float64(54501.44516724825), np.float64(54476.606010370255), np.float64(54458.02425801754), np.float64(54379.57509596825), np.float64(54332.8963855052), np.float64(54333.3240540123), np.float64(54351.92808479071)]"
314,"[np.float64(55065.92484264613), np.float64(55016.303577113154), np.float64(55043.99527391911), np.float64(55146.315318379406), np.float64(54994.16513204813), np.float64(54938.621926145555), np.float64(55057.30682643652), np.float64(54899.60132793188), np.float64(55005.25489451647), np.float64(54937.68790636778), np.float64(54905.85074828148), np.float64(54838.54144296408), np.float64(54987.98718294859), np.float64(54903.709701428415), np.float64(54727.69597297668), np.float64(54833.30395249367), np.float64(54906.08859945059), np.float64(54827.72095325947), np.float64(54713.05994873524), np.float64(54809.53918235302), np.float64(54814.64480514765), np.float64(54621.66444581747), np.float64(54734.584384934904), np.float64(54696.88040304661), np.float64(54708.76987085342), np.float64(54725.85162839413), np.float64(54544.5662835598), np.float64(54592.896945726876), np.float64(54510.292277789114)]","[np.float64(55065.9367874145), np.float64(55043.99527391911), np.float64(55146.3270188193), np.float64(55146.315318379406), np.float64(55000.65959529937), np.float64(55057.3125393863), np.float64(55062.6948226015), np.float64(55005.25489451647), np.float64(55033.564494507664), np.float64(54950.76223179987), np.float64(54905.862515536595), np.float64(54987.98718294859), np.float64(54987.98718294859), np.float64(54918.62937371154), np.float64(54842.43703733909), np.float64(54914.59960669189), np.float64(54922.444705111), np.float64(54827.72095325947), np.float64(54833.679006340884), np.float64(54814.64480514765), np.float64(54819.90051976036), np.float64(54734.584384934904), np.float64(54777.991174557865), np.float64(54736.849831750806), np.float64(54725.85162839413), np.float64(54741.6745989139), np.float64(54592.896945726876), np.float64(54592.896945726876), np.float64(54528.09215852336)]","[np.float64(55003.56178058892), np.float64(55016.292811980915), np.float64(55040.35474367437), np.float64(54978.70878177263), np.float64(54919.01059704443), np.float64(54938.621926145555), np.float64(54899.26628798676), np.float64(54894.102129658386), np.float64(54932.69303975154), np.float64(54905.85074828148), np.float64(54750.177661560585), np.float64(54838.54144296408), np.float64(54903.70100921245), np.float64(54714.37791874002), np.float64(54711.39967174114), np.float64(54831.674394674024), np.float64(54827.71349018762), np.float64(54699.36188460031), np.float64(54676.18014120671), np.float64(54803.30346535566), np.float64(54567.73419632962), np.float64(54621.66444581747), np.float64(54638.595448844564), np.float64(54696.88040304661), np.float64(54688.468499493196), np.float64(54544.5662835598), np.float64(54528.73331079452), np.float64(54510.292277789114), np.float64(54401.40539752399)]","[np.float64(55016.303577113154), np.float64(55043.99527391911), np.float64(55146.315318379406), np.float64(54994.16513204813), np.float64(54938.621926145555), np.float64(55057.30682643652), np.float64(54899.60132793188), np.float64(55005.25489451647), np.float64(54937.68790636778), np.float64(54905.85074828148), np.float64(54838.54144296408), np.float64(54987.98718294859), np.float64(54903.709701428415), np.float64(54727.69597297668), np.float64(54833.30395249367), np.float64(54906.08859945059), np.float64(54827.72095325947), np.float64(54713.05994873524), np.float64(54809.53918235302), np.float64(54814.64480514765), np.float64(54621.66444581747), np.float64(54734.584384934904), np.float64(54696.88040304661), np.float64(54708.76987085342), np.float64(54725.85162839413), np.float64(54544.5662835598), np.float64(54592.896945726876), np.float64(54510.292277789114), np.float64(54458.39346175432)]"
315,"[np.float64(55102.60530472279), np.float64(55067.82984120846), np.float64(55106.4055147934), np.float64(55055.5233933878), np.float64(55057.99320799112), np.float64(55049.96537689686), np.float64(55013.30229971886), np.float64(54966.439438107016), np.float64(55005.457589557176), np.float64(55046.669586441516), np.float64(54902.24524907589), np.float64(54874.060207479), np.float64(54896.19028203726), np.float64(54917.341264858245), np.float64(54925.556466526985), np.float64(54885.398252055646), np.float64(54893.53386952162), np.float64(54897.80707761288), np.float64(54837.96323411226), np.float64(54764.62149773598), np.float64(54777.113513252734), np.float64(54701.56325086117), np.float64(54687.03977774143), np.float64(54694.470856091975), np.float64(54668.20407709122), np.float64(54628.11836408615), np.float64(54549.82579490185), np.float64(54521.457374818325), np.float64(54571.186426723005)]","[np.float64(55102.60530472279), np.float64(55128.496014943834), np.float64(55106.4055147934), np.float64(55058.00669432298), np.float64(55086.258136418), np.float64(55049.96537689686), np.float64(55048.964856919796), np.float64(55012.51831079785), np.float64(55070.8073853312), np.float64(55046.695450324114), np.float64(54902.24524907589), np.float64(54919.01626299014), np.float64(54935.39207086489), np.float64(54925.565928416676), np.float64(54971.28061401105), np.float64(54895.81505936905), np.float64(54902.59311163611), np.float64(54897.80707761288), np.float64(54891.31489771369), np.float64(54790.7189150378), np.float64(54777.113513252734), np.float64(54747.90458476069), np.float64(54694.470856091975), np.float64(54704.10479678857), np.float64(54692.23504039716), np.float64(54641.60246840555), np.float64(54549.82579490185), np.float64(54727.277177455006), np.float64(54571.19206532204)]","[np.float64(55045.1723128574), np.float64(55063.76703077138), np.float64(55042.90924316455), np.float64(55052.86781205161), np.float64(55049.9524365245), np.float64(55013.291557443285), np.float64(54939.25918087896), np.float64(54966.43083663772), np.float64(54984.84744864831), np.float64(54902.24524907589), np.float64(54874.060207479), np.float64(54828.53182751167), np.float64(54876.2599181753), np.float64(54911.6471274127), np.float64(54885.398252055646), np.float64(54851.81798440754), np.float64(54869.745509118366), np.float64(54827.51470592607), np.float64(54728.58600248943), np.float64(54764.62149773598), np.float64(54656.80186222684), np.float64(54687.03977774143), np.float64(54665.73180451042), np.float64(54638.69592615978), np.float64(54628.11836408615), np.float64(54531.52594532547), np.float64(54497.40386045103), np.float64(54521.45189679159), np.float64(54506.45030194915)]","[np.float64(55067.82984120846), np.float64(55106.4055147934), np.float64(55055.5233933878), np.float64(55057.99320799112), np.float64(55049.96537689686), np.float64(55013.30229971886), np.float64(54966.439438107016), np.float64(55005.457589557176), np.float64(55046.669586441516), np.float64(54902.24524907589), np.float64(54874.060207479), np.float64(54896.19028203726), np.float64(54917.341264858245), np.float64(54925.556466526985), np.float64(54885.398252055646), np.float64(54893.53386952162), np.float64(54897.80707761288), np.float64(54837.96323411226), np.float64(54764.62149773598), np.float64(54777.113513252734), np.float64(54701.56325086117), np.float64(54687.03977774143), np.float64(54694.470856091975), np.float64(54668.20407709122), np.float64(54628.11836408615), np.float64(54549.82579490185), np.float64(54521.457374818325), np.float64(54571.186426723005), np.float64(54527.787152032855)]"
316,"[np.float64(55129.913761096), np.float64(55110.1900140667), np.float64(55014.976143517495), np.float64(55044.388816514016), np.float64(55076.335048742294), np.float64(54985.63880508185), np.float64(55009.44568531036), np.float64(54939.3654847002), np.float64(54968.23291576386), np.float64(54884.88958279848), np.float64(54936.00878271103), np.float64(54875.78903906822), np.float64(54842.369211318495), np.float64(54822.93431116104), np.float64(54788.27062610626), np.float64(54797.35957990408), np.float64(54839.65832612038), np.float64(54799.93061325073), np.float64(54717.981677935124), np.float64(54670.31833832264), np.float64(54701.48778752327), np.float64(54506.71794262409), np.float64(54691.6429125762), np.float64(54536.70470360756), np.float64(54509.16625146389), np.float64(54438.5628297925), np.float64(54397.003521265986), np.float64(54331.21082299709), np.float64(54220.81839059114)]","[np.float64(55129.913761096), np.float64(55110.1900140667), np.float64(55044.388816514016), np.float64(55093.593080902836), np.float64(55076.35199944127), np.float64(55016.967299229786), np.float64(55009.44568531036), np.float64(55001.25275342606), np.float64(54968.23291576386), np.float64(54947.94299270917), np.float64(54936.00878271103), np.float64(54875.78903906822), np.float64(54863.78782885059), np.float64(54822.93431116104), np.float64(54797.35957990408), np.float64(54841.628519736165), np.float64(54883.781887764126), np.float64(54799.93061325073), np.float64(54724.645004305836), np.float64(54724.76750099256), np.float64(54701.48778752327), np.float64(54777.13331705876), np.float64(54691.6429125762), np.float64(54588.25719346772), np.float64(54509.18271422822), np.float64(54438.5628297925), np.float64(54397.003521265986), np.float64(54399.30968061478), np.float64(54231.158068820485)]","[np.float64(55110.1900140667), np.float64(54963.42954157395), np.float64(55014.967016946226), np.float64(55044.388816514016), np.float64(54983.9252430185), np.float64(54985.63880508185), np.float64(54901.20172487842), np.float64(54939.35679709165), np.float64(54874.8254295838), np.float64(54884.88958279848), np.float64(54875.78903906822), np.float64(54818.06899622679), np.float64(54822.93431116104), np.float64(54775.22811595878), np.float64(54786.19047967682), np.float64(54768.094716037274), np.float64(54795.47107555397), np.float64(54702.771428096974), np.float64(54661.04143774612), np.float64(54665.97390414644), np.float64(54506.70929600288), np.float64(54495.7946227245), np.float64(54531.160272463116), np.float64(54477.303553659185), np.float64(54438.5628297925), np.float64(54367.367290488604), np.float64(54319.18201286501), np.float64(54210.17629206199), np.float64(54120.295156925495)]","[np.float64(55110.1900140667), np.float64(55014.976143517495), np.float64(55044.388816514016), np.float64(55076.335048742294), np.float64(54985.63880508185), np.float64(55009.44568531036), np.float64(54939.3654847002), np.float64(54968.23291576386), np.float64(54884.88958279848), np.float64(54936.00878271103), np.float64(54875.78903906822), np.float64(54842.369211318495), np.float64(54822.93431116104), np.float64(54788.27062610626), np.float64(54797.35957990408), np.float64(54839.65832612038), np.float64(54799.93061325073), np.float64(54717.981677935124), np.float64(54670.31833832264), np.float64(54701.48778752327), np.float64(54506.71794262409), np.float64(54691.6429125762), np.float64(54536.70470360756), np.float64(54509.16625146389), np.float64(54438.5628297925), np.float64(54397.003521265986), np.float64(54331.21082299709), np.float64(54220.81839059114), np.float64(54141.89571541309)]"
317,"[np.float64(55013.188203272824), np.float64(54981.47299703121), np.float64(54999.63519382954), np.float64(55011.90712940693), np.float64(54945.87825407028), np.float64(54945.56532589436), np.float64(54939.97820579529), np.float64(54950.17412691832), np.float64(54937.114204711914), np.float64(54853.42626442194), np.float64(54851.27478662968), np.float64(54767.79417735338), np.float64(54779.107110409735), np.float64(54766.75327264309), np.float64(54686.45075161934), np.float64(54737.391466572284), np.float64(54705.55096028328), np.float64(54719.586754801276), np.float64(54735.01450020552), np.float64(54607.56220235348), np.float64(54687.95036010027), np.float64(54548.941225502494), np.float64(54584.692947659496), np.float64(54488.87176465034), np.float64(54480.587280941014), np.float64(54470.60203903437), np.float64(54412.85056467056), np.float64(54455.87252267123), np.float64(54404.98640917778)]","[np.float64(55013.19938736286), np.float64(55002.914989502555), np.float64(55098.51446016559), np.float64(55011.90712940693), np.float64(54953.3053770392), np.float64(54945.57490326502), np.float64(54950.17412691832), np.float64(54950.18608588508), np.float64(54942.97122344454), np.float64(54871.98221785023), np.float64(54851.28325913543), np.float64(54827.97207560713), np.float64(54779.120503507365), np.float64(54787.664574372866), np.float64(54737.397134997365), np.float64(54768.57412718208), np.float64(54719.586754801276), np.float64(54783.95844036134), np.float64(54735.01450020552), np.float64(54691.217258508426), np.float64(54748.08532434469), np.float64(54594.94375199048), np.float64(54615.78558650544), np.float64(54488.87176465034), np.float64(54540.333147058736), np.float64(54470.60203903437), np.float64(54478.41545846174), np.float64(54455.87252267123), np.float64(54446.5916418906)]","[np.float64(54981.47299703121), np.float64(54968.19493063513), np.float64(54999.63519382954), np.float64(54920.953941448526), np.float64(54940.26232446806), np.float64(54934.336493024486), np.float64(54939.970199008785), np.float64(54909.97554303845), np.float64(54830.462040502745), np.float64(54851.26633001247), np.float64(54762.29773000576), np.float64(54766.96748607568), np.float64(54766.75327264309), np.float64(54674.16889887798), np.float64(54683.48470652028), np.float64(54686.042035126346), np.float64(54704.88260767025), np.float64(54704.67604682928), np.float64(54607.56220235348), np.float64(54554.68974230445), np.float64(54548.941225502494), np.float64(54536.82617509998), np.float64(54488.17789419975), np.float64(54450.361905709324), np.float64(54470.60203903437), np.float64(54398.067392235236), np.float64(54407.86585849251), np.float64(54404.978067317825), np.float64(54357.25810906963)]","[np.float64(54981.47299703121), np.float64(54999.63519382954), np.float64(55011.90712940693), np.float64(54945.87825407028), np.float64(54945.56532589436), np.float64(54939.97820579529), np.float64(54950.17412691832), np.float64(54937.114204711914), np.float64(54853.42626442194), np.float64(54851.27478662968), np.float64(54767.79417735338), np.float64(54779.107110409735), np.float64(54766.75327264309), np.float64(54686.45075161934), np.float64(54737.391466572284), np.float64(54705.55096028328), np.float64(54719.586754801276), np.float64(54735.01450020552), np.float64(54607.56220235348), np.float64(54687.95036010027), np.float64(54548.941225502494), np.float64(54584.692947659496), np.float64(54488.87176465034), np.float64(54480.587280941014), np.float64(54470.60203903437), np.float64(54412.85056467056), np.float64(54455.87252267123), np.float64(54404.98640917778), np.float64(54367.323249607085)]"
318,"[np.float64(55097.56419921875), np.float64(55034.773293452265), np.float64(55069.99818879128), np.float64(55057.21526597023), np.float64(54973.93593518734), np.float64(54953.42819361687), np.float64(54927.54233706236), np.float64(54899.84883737803), np.float64(54905.98351739645), np.float64(54865.523192019464), np.float64(54852.610719509124), np.float64(54852.38291294813), np.float64(54809.421351373196), np.float64(54785.32420772553), np.float64(54784.07790365696), np.float64(54776.97482039452), np.float64(54741.84406106234), np.float64(54760.74955886126), np.float64(54711.29995310545), np.float64(54601.9593714571), np.float64(54585.58807677508), np.float64(54587.34047456026), np.float64(54529.57882681132), np.float64(54538.708989257815), np.float64(54562.76479547977), np.float64(54485.474240343574), np.float64(54439.12635806322), np.float64(54412.47685373783), np.float64(54403.269167521)]","[np.float64(55097.56419921875), np.float64(55069.99818879128), np.float64(55106.10016422991), np.float64(55057.21526597023), np.float64(55005.833405927566), np.float64(54953.42819361687), np.float64(54936.722615557184), np.float64(54905.98351739645), np.float64(54961.58346638217), np.float64(54865.523192019464), np.float64(54859.96757655874), np.float64(54852.38291294813), np.float64(54826.07440234256), np.float64(54785.32420772553), np.float64(54815.189971158165), np.float64(54776.97482039452), np.float64(54760.79601741301), np.float64(54760.74955886126), np.float64(54711.31341302772), np.float64(54620.46316792935), np.float64(54587.34047456026), np.float64(54587.34047456026), np.float64(54538.708989257815), np.float64(54576.3082633592), np.float64(54562.76479547977), np.float64(54485.483083967265), np.float64(54467.43013736731), np.float64(54412.47685373783), np.float64(54403.936140473284)]","[np.float64(55034.773293452265), np.float64(54988.84802043909), np.float64(55057.21526597023), np.float64(54973.93593518734), np.float64(54934.516223316656), np.float64(54927.54233706236), np.float64(54870.621748131176), np.float64(54899.84883737803), np.float64(54853.49891002787), np.float64(54852.610719509124), np.float64(54852.38291294813), np.float64(54806.76590656226), np.float64(54785.32420772553), np.float64(54784.068666128995), np.float64(54770.55804928783), np.float64(54720.68339866864), np.float64(54741.84406106234), np.float64(54684.98873868651), np.float64(54601.9593714571), np.float64(54545.95038213679), np.float64(54585.58807677508), np.float64(54424.4221679013), np.float64(54529.57035056829), np.float64(54500.68757209589), np.float64(54485.474240343574), np.float64(54420.42825261229), np.float64(54412.47685373783), np.float64(54386.009605947824), np.float64(54346.692531301735)]","[np.float64(55034.773293452265), np.float64(55069.99818879128), np.float64(55057.21526597023), np.float64(54973.93593518734), np.float64(54953.42819361687), np.float64(54927.54233706236), np.float64(54899.84883737803), np.float64(54905.98351739645), np.float64(54865.523192019464), np.float64(54852.610719509124), np.float64(54852.38291294813), np.float64(54809.421351373196), np.float64(54785.32420772553), np.float64(54784.07790365696), np.float64(54776.97482039452), np.float64(54741.84406106234), np.float64(54760.74955886126), np.float64(54711.29995310545), np.float64(54601.9593714571), np.float64(54585.58807677508), np.float64(54587.34047456026), np.float64(54529.57882681132), np.float64(54538.708989257815), np.float64(54562.76479547977), np.float64(54485.474240343574), np.float64(54439.12635806322), np.float64(54412.47685373783), np.float64(54403.269167521), np.float64(54394.741295230386)]"
319,"[np.float64(55146.250672311784), np.float64(55131.385940070155), np.float64(55080.103193333154), np.float64(55100.89205515385), np.float64(55108.12391544342), np.float64(55065.36775322676), np.float64(55055.43595378638), np.float64(55015.171884598734), np.float64(55013.47769402981), np.float64(55002.36333514929), np.float64(54897.16010182858), np.float64(54936.682157785894), np.float64(54950.54629252672), np.float64(54903.48305386067), np.float64(54930.14479200363), np.float64(54866.62475070953), np.float64(54911.903654887676), np.float64(54850.87686561585), np.float64(54818.01953592062), np.float64(54827.32174447537), np.float64(54754.86225951195), np.float64(54750.01934185267), np.float64(54651.23319657087), np.float64(54725.99431334019), np.float64(54705.39307964802), np.float64(54736.426797862056), np.float64(54706.7082794261), np.float64(54698.31266114235), np.float64(54649.39477573156)]","[np.float64(55146.303531860205), np.float64(55161.05974538168), np.float64(55112.848535005985), np.float64(55109.198609492196), np.float64(55108.13465232512), np.float64(55065.36775322676), np.float64(55093.83405036057), np.float64(55015.171884598734), np.float64(55016.18873955703), np.float64(55002.36333514929), np.float64(54966.83245427406), np.float64(54950.54629252672), np.float64(54966.91363533023), np.float64(54961.57137761281), np.float64(54931.206594507334), np.float64(54916.979048243404), np.float64(54917.253589538406), np.float64(54860.13123949384), np.float64(54827.32174447537), np.float64(54833.34275002582), np.float64(54761.35474623793), np.float64(54786.38995631517), np.float64(54725.99431334019), np.float64(54731.26410966205), np.float64(54739.183995186075), np.float64(54736.443987447856), np.float64(54742.75856119219), np.float64(54713.07828513811), np.float64(54652.94441345714)]","[np.float64(55049.24728401224), np.float64(55080.103193333154), np.float64(55059.93218633922), np.float64(55100.89205515385), np.float64(55061.24199441414), np.float64(55055.41002278782), np.float64(54967.23409018915), np.float64(55013.47769402981), np.float64(55002.36333514929), np.float64(54886.75152413343), np.float64(54897.16010182858), np.float64(54928.7957742094), np.float64(54896.92669822052), np.float64(54865.21619569769), np.float64(54866.62475070953), np.float64(54820.63523977243), np.float64(54850.87686561585), np.float64(54648.939091690285), np.float64(54817.73924336532), np.float64(54745.70990305259), np.float64(54738.59628036241), np.float64(54621.53721427229), np.float64(54645.99928360927), np.float64(54675.9355666975), np.float64(54705.37667363289), np.float64(54681.43115408616), np.float64(54692.286967314954), np.float64(54634.65859789297), np.float64(54601.93764046864)]","[np.float64(55131.385940070155), np.float64(55080.103193333154), np.float64(55100.89205515385), np.float64(55108.12391544342), np.float64(55065.36775322676), np.float64(55055.43595378638), np.float64(55015.171884598734), np.float64(55013.47769402981), np.float64(55002.36333514929), np.float64(54897.16010182858), np.float64(54936.682157785894), np.float64(54950.54629252672), np.float64(54903.48305386067), np.float64(54930.14479200363), np.float64(54866.62475070953), np.float64(54911.903654887676), np.float64(54850.87686561585), np.float64(54818.01953592062), np.float64(54827.32174447537), np.float64(54754.86225951195), np.float64(54750.01934185267), np.float64(54651.23319657087), np.float64(54725.99431334019), np.float64(54705.39307964802), np.float64(54736.426797862056), np.float64(54706.7082794261), np.float64(54698.31266114235), np.float64(54649.39477573156), np.float64(54617.50185719252)]"
320,"[np.float64(55084.01737107277), np.float64(55066.84134874821), np.float64(55041.11916779519), np.float64(55090.80546572685), np.float64(55066.09830530167), np.float64(55051.56414368868), np.float64(55008.829744789604), np.float64(55001.8925263381), np.float64(55015.10504932165), np.float64(54939.65664955854), np.float64(54906.906977458), np.float64(54954.885048124794), np.float64(54974.66829014063), np.float64(54962.800843205456), np.float64(54876.908368988035), np.float64(54833.215225121974), np.float64(54791.41587621689), np.float64(54832.223255681994), np.float64(54835.91696715117), np.float64(54814.9849052763), np.float64(54766.54993371725), np.float64(54796.17972478151), np.float64(54702.26882019282), np.float64(54702.70614697695), np.float64(54666.51864336014), np.float64(54659.91276819944), np.float64(54616.21086749554), np.float64(54616.350976901056), np.float64(54560.864947998525)]","[np.float64(55084.01737107277), np.float64(55066.84134874821), np.float64(55114.94977560433), np.float64(55090.80546572685), np.float64(55070.59120080817), np.float64(55051.56414368868), np.float64(55025.41863216656), np.float64(55015.10504932165), np.float64(55015.10504932165), np.float64(54939.65664955854), np.float64(54971.40097628094), np.float64(54974.66829014063), np.float64(54998.88498901765), np.float64(54967.74856095376), np.float64(54905.65656514483), np.float64(54833.215225121974), np.float64(54855.318301059706), np.float64(54835.91696715117), np.float64(54850.4605218399), np.float64(54822.09171587973), np.float64(54796.185450098164), np.float64(54796.17972478151), np.float64(54703.94511654826), np.float64(54705.11880201086), np.float64(54666.51864336014), np.float64(54659.91276819944), np.float64(54697.13199938374), np.float64(54616.350976901056), np.float64(54570.10199933243)]","[np.float64(55066.84134874821), np.float64(55041.105804868035), np.float64(55041.10968443301), np.float64(55066.09830530167), np.float64(55030.703273470084), np.float64(55008.829744789604), np.float64(54966.24594917362), np.float64(55001.8925263381), np.float64(54936.05483701166), np.float64(54895.4950030598), np.float64(54906.906977458), np.float64(54914.5709662768), np.float64(54962.800843205456), np.float64(54872.869984537094), np.float64(54833.215225121974), np.float64(54755.95543034367), np.float64(54791.41587621689), np.float64(54794.121331853916), np.float64(54814.9849052763), np.float64(54733.07213431569), np.float64(54766.54195301396), np.float64(54702.260341482746), np.float64(54702.26882019282), np.float64(54659.987921943786), np.float64(54659.91276819944), np.float64(54600.495117016566), np.float64(54616.21086749554), np.float64(54556.51036017086), np.float64(54505.52917223581)]","[np.float64(55066.84134874821), np.float64(55041.11916779519), np.float64(55090.80546572685), np.float64(55066.09830530167), np.float64(55051.56414368868), np.float64(55008.829744789604), np.float64(55001.8925263381), np.float64(55015.10504932165), np.float64(54939.65664955854), np.float64(54906.906977458), np.float64(54954.885048124794), np.float64(54974.66829014063), np.float64(54962.800843205456), np.float64(54876.908368988035), np.float64(54833.215225121974), np.float64(54791.41587621689), np.float64(54832.223255681994), np.float64(54835.91696715117), np.float64(54814.9849052763), np.float64(54766.54993371725), np.float64(54796.17972478151), np.float64(54702.26882019282), np.float64(54702.70614697695), np.float64(54666.51864336014), np.float64(54659.91276819944), np.float64(54616.21086749554), np.float64(54616.350976901056), np.float64(54560.864947998525), np.float64(54516.430434787275)]"
321,"[np.float64(55065.915055592064), np.float64(55004.70385761738), np.float64(55028.370113332276), np.float64(55024.00212534905), np.float64(55050.960308208465), np.float64(54973.6433537817), np.float64(54930.923764240746), np.float64(54952.864922900204), np.float64(54943.50734022379), np.float64(54868.83572348833), np.float64(54923.24903975487), np.float64(54862.50092396975), np.float64(54895.16341402292), np.float64(54886.89683032036), np.float64(54838.337331376075), np.float64(54770.62740072727), np.float64(54775.934945900444), np.float64(54784.844642076496), np.float64(54774.586392872334), np.float64(54726.07029178619), np.float64(54691.713482387066), np.float64(54608.12354141474), np.float64(54654.45648555994), np.float64(54610.766561119555), np.float64(54581.39702842713), np.float64(54600.42254641533), np.float64(54519.69596264124), np.float64(54527.0264661336), np.float64(54444.087235479354)]","[np.float64(55065.915055592064), np.float64(55035.528417291775), np.float64(55028.370113332276), np.float64(55082.91673864151), np.float64(55050.971919520496), np.float64(54973.6433537817), np.float64(54962.729704430036), np.float64(54964.83675099713), np.float64(54961.96391645291), np.float64(54974.08532539932), np.float64(54923.24903975487), np.float64(54895.16341402292), np.float64(54905.64119694787), np.float64(54886.9085804458), np.float64(54838.48657169125), np.float64(54788.80842693239), np.float64(54790.19880899667), np.float64(54784.856308898605), np.float64(54785.093214544446), np.float64(54732.816721974035), np.float64(54710.04021343833), np.float64(54661.829924144346), np.float64(54654.465692639424), np.float64(54644.26173067005), np.float64(54634.92538167632), np.float64(54624.37974007748), np.float64(54528.58632190114), np.float64(54573.901865762506), np.float64(54480.33497801773)]","[np.float64(55004.70385761738), np.float64(54948.73082437271), np.float64(55024.00212534905), np.float64(55001.85078235534), np.float64(54970.13902350193), np.float64(54930.91085373266), np.float64(54930.923764240746), np.float64(54938.046152230585), np.float64(54848.94748553876), np.float64(54864.28063903012), np.float64(54862.49247548274), np.float64(54813.43190517099), np.float64(54886.89683032036), np.float64(54821.28486513578), np.float64(54760.13114867038), np.float64(54770.60281620075), np.float64(54771.0470251515), np.float64(54746.35380683954), np.float64(54709.238172661), np.float64(54688.964502325965), np.float64(54605.19131622411), np.float64(54599.30050433649), np.float64(54602.08982838023), np.float64(54545.712329437425), np.float64(54574.38744449143), np.float64(54509.97173212491), np.float64(54455.32752925776), np.float64(54444.087235479354), np.float64(54417.9391053486)]","[np.float64(55004.70385761738), np.float64(55028.370113332276), np.float64(55024.00212534905), np.float64(55050.960308208465), np.float64(54973.6433537817), np.float64(54930.923764240746), np.float64(54952.864922900204), np.float64(54943.50734022379), np.float64(54868.83572348833), np.float64(54923.24903975487), np.float64(54862.50092396975), np.float64(54895.16341402292), np.float64(54886.89683032036), np.float64(54838.337331376075), np.float64(54770.62740072727), np.float64(54775.934945900444), np.float64(54784.844642076496), np.float64(54774.586392872334), np.float64(54726.07029178619), np.float64(54691.713482387066), np.float64(54608.12354141474), np.float64(54654.45648555994), np.float64(54610.766561119555), np.float64(54581.39702842713), np.float64(54600.42254641533), np.float64(54519.69596264124), np.float64(54527.0264661336), np.float64(54444.087235479354), np.float64(54463.92121564388)]"
322,"[np.float64(55026.82028181076), np.float64(55055.63748983383), np.float64(55017.272881796365), np.float64(54990.60509113312), np.float64(54996.57983008385), np.float64(54998.623006396294), np.float64(55005.5165694356), np.float64(54966.399002120495), np.float64(54978.90350900889), np.float64(54957.28867133617), np.float64(54897.48127173424), np.float64(54908.05347933054), np.float64(54840.79864669561), np.float64(54849.164646263125), np.float64(54807.43702616215), np.float64(54812.58978134871), np.float64(54813.10991176128), np.float64(54825.01354504109), np.float64(54800.20980184555), np.float64(54767.89616875887), np.float64(54676.61025509119), np.float64(54674.86455371141), np.float64(54665.9498352313), np.float64(54668.86869532824), np.float64(54727.71709240913), np.float64(54644.996138815884), np.float64(54583.767169611456), np.float64(54581.02563548088), np.float64(54551.679282653335)]","[np.float64(55055.63748983383), np.float64(55069.90798405454), np.float64(55035.02629427278), np.float64(54996.57983008385), np.float64(55004.99496807724), np.float64(55049.1844128875), np.float64(55025.49501440832), np.float64(54978.90831149558), np.float64(54996.30181832665), np.float64(54965.80865121134), np.float64(54922.504784573444), np.float64(54917.35114136848), np.float64(54862.248839818356), np.float64(54853.63635161699), np.float64(54825.775518254944), np.float64(54824.70454908402), np.float64(54829.14239825395), np.float64(54848.74251271588), np.float64(54802.90429185075), np.float64(54778.05506514752), np.float64(54682.42898357713), np.float64(54683.82019606961), np.float64(54679.41858647246), np.float64(54741.561891759055), np.float64(54727.72274287783), np.float64(54645.010968548646), np.float64(54588.35414182683), np.float64(54588.21309696732), np.float64(54570.21179495187)]","[np.float64(55026.82028181076), np.float64(54978.0630535164), np.float64(54990.59957827798), np.float64(54922.07728812743), np.float64(54994.06951909634), np.float64(54986.87321978707), np.float64(54966.386996586734), np.float64(54966.399002120495), np.float64(54937.170215296355), np.float64(54897.48127173424), np.float64(54897.47149947118), np.float64(54793.59765418566), np.float64(54840.79864669561), np.float64(54794.73228778426), np.float64(54802.23025325996), np.float64(54799.31765098885), np.float64(54795.101256656344), np.float64(54795.88733657575), np.float64(54749.57320009694), np.float64(54669.86770396082), np.float64(54673.11722697337), np.float64(54643.70148539591), np.float64(54630.70196223898), np.float64(54663.42532785437), np.float64(54635.72709438136), np.float64(54574.287606126774), np.float64(54574.18496177837), np.float64(54551.674039748716), np.float64(54503.76521158781)]","[np.float64(55055.63748983383), np.float64(55017.272881796365), np.float64(54990.60509113312), np.float64(54996.57983008385), np.float64(54998.623006396294), np.float64(55005.5165694356), np.float64(54966.399002120495), np.float64(54978.90350900889), np.float64(54957.28867133617), np.float64(54897.48127173424), np.float64(54908.05347933054), np.float64(54840.79864669561), np.float64(54849.164646263125), np.float64(54807.43702616215), np.float64(54812.58978134871), np.float64(54813.10991176128), np.float64(54825.01354504109), np.float64(54800.20980184555), np.float64(54767.89616875887), np.float64(54676.61025509119), np.float64(54674.86455371141), np.float64(54665.9498352313), np.float64(54668.86869532824), np.float64(54727.71709240913), np.float64(54644.996138815884), np.float64(54583.767169611456), np.float64(54581.02563548088), np.float64(54551.679282653335), np.float64(54527.05286542416)]"
323,"[np.float64(55060.24075344563), np.float64(55081.33983912468), np.float64(55071.51440950871), np.float64(55041.20725128174), np.float64(55027.390635263924), np.float64(54956.11036153793), np.float64(55013.047192428116), np.float64(54924.52264455319), np.float64(54955.13204246283), np.float64(54899.57093655348), np.float64(54939.45073509216), np.float64(54871.32524097681), np.float64(54881.48819518089), np.float64(54826.758216204646), np.float64(54809.1057188797), np.float64(54832.9034559393), np.float64(54860.36477064371), np.float64(54795.533392882346), np.float64(54738.38871587038), np.float64(54739.430650796894), np.float64(54784.141905839446), np.float64(54663.345191080574), np.float64(54729.919437127115), np.float64(54644.19437304497), np.float64(54696.74673249245), np.float64(54665.65197396756), np.float64(54605.903039135934), np.float64(54598.50956367731), np.float64(54628.57565130949)]","[np.float64(55081.33983912468), np.float64(55084.80354014823), np.float64(55084.292649944786), np.float64(55041.20725128174), np.float64(55043.365822040745), np.float64(55017.75744696849), np.float64(55013.047192428116), np.float64(54961.39702368286), np.float64(54980.47355764568), np.float64(54939.45073509216), np.float64(54966.37304990451), np.float64(54901.51465327098), np.float64(54900.7955137506), np.float64(54829.44141855007), np.float64(54844.04338367796), np.float64(54874.25845901512), np.float64(54866.515872429096), np.float64(54801.77449217995), np.float64(54748.37054089303), np.float64(54784.141905839446), np.float64(54815.547681205106), np.float64(54752.21986902489), np.float64(54741.58134303536), np.float64(54711.17004535551), np.float64(54718.6884204158), np.float64(54674.43414788272), np.float64(54605.908685601215), np.float64(54669.319112746474), np.float64(54657.25429309327)]","[np.float64(55044.79648628719), np.float64(55063.19278876686), np.float64(55041.20725128174), np.float64(55002.75544622852), np.float64(54956.10114960806), np.float64(54936.045809995696), np.float64(54918.02152273687), np.float64(54904.60112127013), np.float64(54892.86494215974), np.float64(54884.61293756885), np.float64(54871.32524097681), np.float64(54863.25607054112), np.float64(54826.74332402964), np.float64(54804.21973635714), np.float64(54809.10067875063), np.float64(54810.83454165582), np.float64(54773.485659571656), np.float64(54734.2684367419), np.float64(54738.37496092541), np.float64(54718.63599189616), np.float64(54663.335755934684), np.float64(54646.517116688716), np.float64(54631.34902282041), np.float64(54593.93728846753), np.float64(54647.14553416687), np.float64(54598.247138141516), np.float64(54593.144105618354), np.float64(54586.477265577196), np.float64(54612.54372966986)]","[np.float64(55081.33983912468), np.float64(55071.51440950871), np.float64(55041.20725128174), np.float64(55027.390635263924), np.float64(54956.11036153793), np.float64(55013.047192428116), np.float64(54924.52264455319), np.float64(54955.13204246283), np.float64(54899.57093655348), np.float64(54939.45073509216), np.float64(54871.32524097681), np.float64(54881.48819518089), np.float64(54826.758216204646), np.float64(54809.1057188797), np.float64(54832.9034559393), np.float64(54860.36477064371), np.float64(54795.533392882346), np.float64(54738.38871587038), np.float64(54739.430650796894), np.float64(54784.141905839446), np.float64(54663.345191080574), np.float64(54729.919437127115), np.float64(54644.19437304497), np.float64(54696.74673249245), np.float64(54665.65197396756), np.float64(54605.903039135934), np.float64(54598.50956367731), np.float64(54628.57565130949), np.float64(54644.24060399771)]"
324,"[np.float64(55099.29534879446), np.float64(55079.24386423111), np.float64(55055.25115875244), np.float64(55060.65567302704), np.float64(55045.73891486645), np.float64(55006.62237776756), np.float64(54957.782273681165), np.float64(54988.390770151615), np.float64(54968.305674784184), np.float64(54973.90850568056), np.float64(54922.23839764595), np.float64(54929.13157435417), np.float64(54906.05254188299), np.float64(54923.15915338993), np.float64(54886.85510656357), np.float64(54841.227474195955), np.float64(54815.23177083731), np.float64(54809.07713037968), np.float64(54787.82454248428), np.float64(54765.52989088535), np.float64(54678.17386575461), np.float64(54709.05820261717), np.float64(54668.53683692932), np.float64(54644.414066653255), np.float64(54634.94586451054), np.float64(54611.08232239008), np.float64(54592.80615792274), np.float64(54567.55787642956), np.float64(54524.17534275293)]","[np.float64(55105.82424352567), np.float64(55079.24386423111), np.float64(55070.749597845526), np.float64(55060.66536914632), np.float64(55049.7360454027), np.float64(55006.64454668646), np.float64(54991.02546036482), np.float64(54992.666945412144), np.float64(54986.750500634094), np.float64(54982.83921710427), np.float64(54941.29053825003), np.float64(54929.13157435417), np.float64(54933.56527486007), np.float64(54944.946254570685), np.float64(54886.85510656357), np.float64(54851.13035111879), np.float64(54828.022911013366), np.float64(54824.94661545057), np.float64(54804.14463467417), np.float64(54772.80186580018), np.float64(54724.334134767676), np.float64(54711.78243393403), np.float64(54701.0767356436), np.float64(54661.75488357519), np.float64(54634.94586451054), np.float64(54619.1522695383), np.float64(54603.59130797097), np.float64(54582.33966281793), np.float64(54547.03025162256)]","[np.float64(55079.24386423111), np.float64(55052.88592519792), np.float64(55042.574157775176), np.float64(55045.73891486645), np.float64(54971.80056451218), np.float64(54957.782273681165), np.float64(54949.00811011539), np.float64(54967.28721989888), np.float64(54949.01877037511), np.float64(54900.62415249615), np.float64(54922.23839764595), np.float64(54902.506949018956), np.float64(54906.05254188299), np.float64(54874.799990015956), np.float64(54829.73863177227), np.float64(54794.61856025831), np.float64(54809.07713037968), np.float64(54750.24671895741), np.float64(54765.52989088535), np.float64(54635.42830586063), np.float64(54672.656778907796), np.float64(54658.977357551885), np.float64(54644.414066653255), np.float64(54593.36201504708), np.float64(54611.07652274157), np.float64(54560.10473761617), np.float64(54567.551964295526), np.float64(54483.01936661053), np.float64(54519.88213449561)]","[np.float64(55079.24386423111), np.float64(55055.25115875244), np.float64(55060.65567302704), np.float64(55045.73891486645), np.float64(55006.62237776756), np.float64(54957.782273681165), np.float64(54988.390770151615), np.float64(54968.305674784184), np.float64(54973.90850568056), np.float64(54922.23839764595), np.float64(54929.13157435417), np.float64(54906.05254188299), np.float64(54923.15915338993), np.float64(54886.85510656357), np.float64(54841.227474195955), np.float64(54815.23177083731), np.float64(54809.07713037968), np.float64(54787.82454248428), np.float64(54765.52989088535), np.float64(54678.17386575461), np.float64(54709.05820261717), np.float64(54668.53683692932), np.float64(54644.414066653255), np.float64(54634.94586451054), np.float64(54611.08232239008), np.float64(54592.80615792274), np.float64(54567.55787642956), np.float64(54524.17534275293), np.float64(54537.60215070963)]"
325,"[np.float64(55007.32202335596), np.float64(55007.10554917336), np.float64(55092.56893833637), np.float64(55001.854794669154), np.float64(54977.57646174431), np.float64(55004.09860558987), np.float64(54842.57332290649), np.float64(54825.92399862289), np.float64(54913.460054037576), np.float64(54922.88447199106), np.float64(54905.561515078545), np.float64(54819.98583234787), np.float64(54804.97880149126), np.float64(54800.035952858925), np.float64(54874.02440746546), np.float64(54815.02559881687), np.float64(54809.59957877875), np.float64(54692.429353880885), np.float64(54647.06970650673), np.float64(54657.48441979885), np.float64(54569.812375843525), np.float64(54554.960778858665), np.float64(54497.44882976532), np.float64(54617.02911672592), np.float64(54589.990577001576), np.float64(54576.08484728098), np.float64(54606.924240961074), np.float64(54538.42593735218), np.float64(54527.46302025556)]","[np.float64(55018.76536698077), np.float64(55092.577868851775), np.float64(55095.15159192613), np.float64(55017.01940662226), np.float64(55026.49771118182), np.float64(55004.09860558987), np.float64(54866.349395937425), np.float64(54914.62564909204), np.float64(54925.01284045259), np.float64(54980.904247163744), np.float64(54905.561515078545), np.float64(54820.71738447893), np.float64(54804.97880149126), np.float64(54908.3682816427), np.float64(54874.02440746546), np.float64(54821.05250666403), np.float64(54820.11416866562), np.float64(54702.82022131335), np.float64(54660.04785342211), np.float64(54666.3357541222), np.float64(54575.02417775726), np.float64(54591.072575617756), np.float64(54617.02911672592), np.float64(54628.873024764325), np.float64(54602.952692577666), np.float64(54608.1755993192), np.float64(54606.924240961074), np.float64(54560.29756427272), np.float64(54603.672001533065)]","[np.float64(54984.25951152817), np.float64(55007.10554917336), np.float64(55001.854794669154), np.float64(54954.26334503134), np.float64(54976.530209577504), np.float64(54825.7104491708), np.float64(54825.92399862289), np.float64(54759.219372856795), np.float64(54913.460054037576), np.float64(54905.43873919108), np.float64(54819.969907931045), np.float64(54804.963855969785), np.float64(54793.474001360686), np.float64(54775.1159680931), np.float64(54814.63183774536), np.float64(54809.59051075869), np.float64(54692.429353880885), np.float64(54563.37017142998), np.float64(54647.06970650673), np.float64(54549.28926144307), np.float64(54544.26959042788), np.float64(54489.92505384272), np.float64(54497.4424399295), np.float64(54563.62036913214), np.float64(54572.44627775891), np.float64(54563.347794470246), np.float64(54515.89448390384), np.float64(54527.46302025556), np.float64(54509.717545654894)]","[np.float64(55007.10554917336), np.float64(55092.56893833637), np.float64(55001.854794669154), np.float64(54977.57646174431), np.float64(55004.09860558987), np.float64(54842.57332290649), np.float64(54825.92399862289), np.float64(54913.460054037576), np.float64(54922.88447199106), np.float64(54905.561515078545), np.float64(54819.98583234787), np.float64(54804.97880149126), np.float64(54800.035952858925), np.float64(54874.02440746546), np.float64(54815.02559881687), np.float64(54809.59957877875), np.float64(54692.429353880885), np.float64(54647.06970650673), np.float64(54657.48441979885), np.float64(54569.812375843525), np.float64(54554.960778858665), np.float64(54497.44882976532), np.float64(54617.02911672592), np.float64(54589.990577001576), np.float64(54576.08484728098), np.float64(54606.924240961074), np.float64(54538.42593735218), np.float64(54527.46302025556), np.float64(54580.97451100111)]"
326,"[np.float64(55103.163681912425), np.float64(55045.69126736641), np.float64(55049.60917963982), np.float64(55028.16316864968), np.float64(54951.99773839951), np.float64(54963.30307361126), np.float64(54928.71601088763), np.float64(54926.38321504116), np.float64(54936.69001318455), np.float64(54906.69436658621), np.float64(54885.42722688675), np.float64(54903.66128126621), np.float64(54883.701743500234), np.float64(54888.57376476765), np.float64(54833.0430502367), np.float64(54806.05202923536), np.float64(54769.89298534155), np.float64(54789.49490930319), np.float64(54731.617877337936), np.float64(54709.46591068507), np.float64(54746.45402107954), np.float64(54745.96814535618), np.float64(54722.436461634636), np.float64(54557.24618475914), np.float64(54688.24281272888), np.float64(54625.47830625296), np.float64(54563.72663109541), np.float64(54529.13081153393), np.float64(54512.15864324331)]","[np.float64(55103.163681912425), np.float64(55067.788554962506), np.float64(55054.64166361345), np.float64(55028.16316864968), np.float64(54992.30192783761), np.float64(54977.19285880116), np.float64(54943.70463963978), np.float64(54939.878012920344), np.float64(54942.208618936704), np.float64(54906.69987177464), np.float64(54906.6249541382), np.float64(54903.66128126621), np.float64(54888.585550706885), np.float64(54911.7990681502), np.float64(54838.57376832717), np.float64(54815.48541941062), np.float64(54795.66248460847), np.float64(54797.68698229696), np.float64(54758.21448623402), np.float64(54769.321533403476), np.float64(54750.085686132035), np.float64(54756.77394572184), np.float64(54740.57841878557), np.float64(54694.476112356635), np.float64(54710.17052251674), np.float64(54629.29855062782), np.float64(54567.98027601542), np.float64(54559.63017364078), np.float64(54530.17404667225)]","[np.float64(55031.85277788756), np.float64(55039.368629992176), np.float64(55025.49038499679), np.float64(54942.09330769599), np.float64(54944.85066367998), np.float64(54928.70749308629), np.float64(54925.18960908016), np.float64(54906.48453094468), np.float64(54898.682357536934), np.float64(54858.282498618304), np.float64(54885.314041199585), np.float64(54859.004146342806), np.float64(54883.701743500234), np.float64(54832.37737782558), np.float64(54790.13633282637), np.float64(54760.80845717021), np.float64(54760.10388459001), np.float64(54712.77317022784), np.float64(54696.78966242868), np.float64(54697.905485592186), np.float64(54729.777103573244), np.float64(54668.65119322248), np.float64(54557.233337000784), np.float64(54538.4070891245), np.float64(54605.20891541363), np.float64(54554.46098515636), np.float64(54520.21862133829), np.float64(54458.277692936754), np.float64(54470.449389798174)]","[np.float64(55045.69126736641), np.float64(55049.60917963982), np.float64(55028.16316864968), np.float64(54951.99773839951), np.float64(54963.30307361126), np.float64(54928.71601088763), np.float64(54926.38321504116), np.float64(54936.69001318455), np.float64(54906.69436658621), np.float64(54885.42722688675), np.float64(54903.66128126621), np.float64(54883.701743500234), np.float64(54888.57376476765), np.float64(54833.0430502367), np.float64(54806.05202923536), np.float64(54769.89298534155), np.float64(54789.49490930319), np.float64(54731.617877337936), np.float64(54709.46591068507), np.float64(54746.45402107954), np.float64(54745.96814535618), np.float64(54722.436461634636), np.float64(54557.24618475914), np.float64(54688.24281272888), np.float64(54625.47830625296), np.float64(54563.72663109541), np.float64(54529.13081153393), np.float64(54512.15864324331), np.float64(54484.74162783623)]"
327,"[np.float64(55026.93875667572), np.float64(54996.56180130005), np.float64(55150.808863964085), np.float64(55010.33785255432), np.float64(54876.84578335285), np.float64(55022.81892202378), np.float64(54916.283361580376), np.float64(55017.2014105463), np.float64(55180.78802710295), np.float64(55031.39302526713), np.float64(55038.56964021206), np.float64(54840.50091420889), np.float64(54796.07927870035), np.float64(54901.25212064266), np.float64(54881.88997950554), np.float64(54915.67231458664), np.float64(54767.07508643389), np.float64(54928.11655382633), np.float64(54589.47302212954), np.float64(54749.91207058907), np.float64(54544.80941458702), np.float64(54616.23057038069), np.float64(54587.1688147831), np.float64(54525.363568382265), np.float64(54639.32660141945), np.float64(54533.31632246971), np.float64(54225.67418595314), np.float64(54633.36808837414), np.float64(54400.67740107298)]","[np.float64(55026.93875667572), np.float64(55152.58688128183), np.float64(55165.067443584674), np.float64(55010.33785255432), np.float64(55022.81892202378), np.float64(55098.56167146185), np.float64(55017.2014105463), np.float64(55219.814535425234), np.float64(55180.78802710295), np.float64(55061.01124705304), np.float64(55038.56964021206), np.float64(54840.50091420889), np.float64(54901.25212064266), np.float64(54936.217125791714), np.float64(54915.67231458664), np.float64(54975.9093512572), np.float64(54928.11655382633), np.float64(54963.08052558331), np.float64(54749.91207058907), np.float64(54798.1109091195), np.float64(54623.95791112878), np.float64(54629.81316914968), np.float64(54587.1688147831), np.float64(54735.133488456304), np.float64(54639.32660141945), np.float64(54548.906956878825), np.float64(54644.49016165624), np.float64(54633.36808837414), np.float64(54418.39032012614)]","[np.float64(54939.486682286624), np.float64(54996.55609641031), np.float64(55010.33785255432), np.float64(54875.1652780072), np.float64(54853.276638180614), np.float64(54916.283361580376), np.float64(54907.49178074873), np.float64(55017.2014105463), np.float64(55012.721831668954), np.float64(55031.39302526713), np.float64(54765.323979963716), np.float64(54796.07927870035), np.float64(54796.07927870035), np.float64(54853.20794749222), np.float64(54881.88147384336), np.float64(54761.64318428289), np.float64(54767.07508643389), np.float64(54580.584822462595), np.float64(54576.717840712576), np.float64(54544.80941458702), np.float64(54497.24069020088), np.float64(54587.1688147831), np.float64(54461.55954057484), np.float64(54525.35559522373), np.float64(54526.982976572355), np.float64(54225.06638839262), np.float64(54189.660626004246), np.float64(54400.67740107298), np.float64(53931.716356121506)]","[np.float64(54996.56180130005), np.float64(55150.808863964085), np.float64(55010.33785255432), np.float64(54876.84578335285), np.float64(55022.81892202378), np.float64(54916.283361580376), np.float64(55017.2014105463), np.float64(55180.78802710295), np.float64(55031.39302526713), np.float64(55038.56964021206), np.float64(54840.50091420889), np.float64(54796.07927870035), np.float64(54901.25212064266), np.float64(54881.88997950554), np.float64(54915.67231458664), np.float64(54767.07508643389), np.float64(54928.11655382633), np.float64(54589.47302212954), np.float64(54749.91207058907), np.float64(54544.80941458702), np.float64(54616.23057038069), np.float64(54587.1688147831), np.float64(54525.363568382265), np.float64(54639.32660141945), np.float64(54533.31632246971), np.float64(54225.67418595314), np.float64(54633.36808837414), np.float64(54400.67740107298), np.float64(54058.77890123844)]"
328,"[np.float64(55043.0273857832), np.float64(55037.8830011034), np.float64(55090.89998806477), np.float64(55003.95617819786), np.float64(54943.05494652748), np.float64(54904.59465715885), np.float64(54913.11982513189), np.float64(54863.109524199965), np.float64(54859.1851730752), np.float64(54847.31940024138), np.float64(54851.50761549473), np.float64(54847.48964347124), np.float64(54841.11608206749), np.float64(54822.06017270088), np.float64(54785.811242442134), np.float64(54788.237787964346), np.float64(54745.26643933535), np.float64(54708.51643766403), np.float64(54671.29949049235), np.float64(54651.42636211157), np.float64(54595.03194005966), np.float64(54556.24404193401), np.float64(54569.368095099926), np.float64(54567.63218077421), np.float64(54545.310872330665), np.float64(54550.47186924696), np.float64(54584.40641877413), np.float64(54524.101167185305), np.float64(54533.2336476183)]","[np.float64(55045.917627737734), np.float64(55090.89998806477), np.float64(55130.71758316029), np.float64(55003.95617819786), np.float64(54977.78985549534), np.float64(54928.73914115853), np.float64(54915.34108726535), np.float64(54873.597592058286), np.float64(54883.014767094886), np.float64(54868.29051894362), np.float64(54851.520351522966), np.float64(55006.30841843452), np.float64(54841.11608206749), np.float64(54834.57921121592), np.float64(54825.27614911506), np.float64(54795.22009801286), np.float64(54745.79248065267), np.float64(54730.34408455737), np.float64(54686.30184724421), np.float64(54651.43556384995), np.float64(54604.8080277265), np.float64(54583.53188424133), np.float64(54583.10241189898), np.float64(54583.37119612922), np.float64(54559.10338676983), np.float64(54602.37900834562), np.float64(54584.40641877413), np.float64(54550.796629606564), np.float64(54544.124553875154)]","[np.float64(55037.8830011034), np.float64(55009.65554347082), np.float64(55003.95617819786), np.float64(54928.161256870066), np.float64(54904.589219702895), np.float64(54883.61935215589), np.float64(54859.82158854153), np.float64(54848.5935359018), np.float64(54831.86683437042), np.float64(54828.40535150651), np.float64(54841.40619984636), np.float64(54831.63179468616), np.float64(54816.48084958452), np.float64(54780.19320340308), np.float64(54780.89554157086), np.float64(54735.51214327711), np.float64(54685.38637933306), np.float64(54665.65222969745), np.float64(54645.96077661932), np.float64(54572.99192411767), np.float64(54556.23009718686), np.float64(54470.08577293998), np.float64(54567.26088723024), np.float64(54518.830233830675), np.float64(54520.549945537095), np.float64(54542.415994608), np.float64(54511.46217235201), np.float64(54514.81609763234), np.float64(54515.70259298276)]","[np.float64(55037.8830011034), np.float64(55090.89998806477), np.float64(55003.95617819786), np.float64(54943.05494652748), np.float64(54904.59465715885), np.float64(54913.11982513189), np.float64(54863.109524199965), np.float64(54859.1851730752), np.float64(54847.31940024138), np.float64(54851.50761549473), np.float64(54847.48964347124), np.float64(54841.11608206749), np.float64(54822.06017270088), np.float64(54785.811242442134), np.float64(54788.237787964346), np.float64(54745.26643933535), np.float64(54708.51643766403), np.float64(54671.29949049235), np.float64(54651.42636211157), np.float64(54595.03194005966), np.float64(54556.24404193401), np.float64(54569.368095099926), np.float64(54567.63218077421), np.float64(54545.310872330665), np.float64(54550.47186924696), np.float64(54584.40641877413), np.float64(54524.101167185305), np.float64(54533.2336476183), np.float64(54527.084415795805)]"
329,"[np.float64(55149.759202415946), np.float64(55092.340230336195), np.float64(55055.95608419895), np.float64(55061.52028198719), np.float64(55080.72016407013), np.float64(55030.13538882017), np.float64(54992.0925945735), np.float64(55017.17127672196), np.float64(54980.59885857105), np.float64(54971.83802863836), np.float64(54911.5135892725), np.float64(54980.353795888426), np.float64(54929.45750900984), np.float64(54866.134367790226), np.float64(54860.144304373265), np.float64(54844.31400198222), np.float64(54847.606057903766), np.float64(54819.091733448506), np.float64(54818.29383098841), np.float64(54798.2235449791), np.float64(54762.3636501193), np.float64(54746.0584180522), np.float64(54705.24897815466), np.float64(54697.790083966254), np.float64(54714.29929884434), np.float64(54654.686996438504), np.float64(54632.246054136755), np.float64(54667.04521262407), np.float64(54634.13456923962)]","[np.float64(55155.6083113072), np.float64(55094.36857316099), np.float64(55114.41740841587), np.float64(55092.89901736836), np.float64(55094.39466598078), np.float64(55102.54416011452), np.float64(55023.882158610366), np.float64(55031.3832049621), np.float64(55007.09513321143), np.float64(54971.851729648), np.float64(54990.50977193099), np.float64(55003.5458129221), np.float64(54929.472760778), np.float64(54896.670409909566), np.float64(54864.3523127616), np.float64(54879.46023211213), np.float64(54847.62110739797), np.float64(54857.81232965171), np.float64(54831.0377952416), np.float64(54819.52576826435), np.float64(54776.51601422863), np.float64(54764.993085895825), np.float64(54745.28169949654), np.float64(54726.17867249127), np.float64(54745.545448880956), np.float64(54672.24723461823), np.float64(54667.05267075722), np.float64(54690.15233812794), np.float64(54656.75073923728)]","[np.float64(55092.32523186539), np.float64(55026.813958407205), np.float64(55047.37440879861), np.float64(55014.22189297824), np.float64(55017.88211456747), np.float64(54991.343443893784), np.float64(54980.65819094365), np.float64(54980.58218752857), np.float64(54952.54447615677), np.float64(54882.364386035275), np.float64(54900.79577126196), np.float64(54859.43172311998), np.float64(54866.134367790226), np.float64(54832.7331589154), np.float64(54835.68550560181), np.float64(54823.04837537963), np.float64(54793.41366278954), np.float64(54813.77977713129), np.float64(54783.95004088388), np.float64(54743.47343620987), np.float64(54732.880085930105), np.float64(54685.02541602139), np.float64(54680.62472805648), np.float64(54675.86117488678), np.float64(54646.93822199018), np.float64(54629.38323413286), np.float64(54612.39536749451), np.float64(54554.18346065235), np.float64(54584.09469997526)]","[np.float64(55092.340230336195), np.float64(55055.95608419895), np.float64(55061.52028198719), np.float64(55080.72016407013), np.float64(55030.13538882017), np.float64(54992.0925945735), np.float64(55017.17127672196), np.float64(54980.59885857105), np.float64(54971.83802863836), np.float64(54911.5135892725), np.float64(54980.353795888426), np.float64(54929.45750900984), np.float64(54866.134367790226), np.float64(54860.144304373265), np.float64(54844.31400198222), np.float64(54847.606057903766), np.float64(54819.091733448506), np.float64(54818.29383098841), np.float64(54798.2235449791), np.float64(54762.3636501193), np.float64(54746.0584180522), np.float64(54705.24897815466), np.float64(54697.790083966254), np.float64(54714.29929884434), np.float64(54654.686996438504), np.float64(54632.246054136755), np.float64(54667.04521262407), np.float64(54634.13456923962), np.float64(54589.66721788645)]"
330,"[np.float64(55183.311412949566), np.float64(55093.91337049961), np.float64(55196.7270173049), np.float64(55029.77107861042), np.float64(54956.23450259209), np.float64(54963.14107211113), np.float64(54957.068333842755), np.float64(54988.114929759504), np.float64(54940.47116425514), np.float64(54837.475426733494), np.float64(54844.754290637975), np.float64(54874.60300264836), np.float64(54834.82390774489), np.float64(54904.20034190178), np.float64(54857.28171983719), np.float64(54864.20090950489), np.float64(54716.936137251854), np.float64(54818.92573986053), np.float64(54674.740412657266), np.float64(54597.917060575484), np.float64(54591.42296387434), np.float64(54691.946826360225), np.float64(54613.19671239853), np.float64(54535.53515064716), np.float64(54457.85118169308), np.float64(54531.35723755598), np.float64(54446.34186367035), np.float64(54316.29264828921), np.float64(54422.75944180012)]","[np.float64(55183.311412949566), np.float64(55216.172084779355), np.float64(55198.56596584437), np.float64(55029.77107861042), np.float64(54982.17401498245), np.float64(54963.14107211113), np.float64(55059.05689701231), np.float64(54988.114929759504), np.float64(55002.33652235768), np.float64(54844.767174015804), np.float64(54874.60300264836), np.float64(54896.843002589245), np.float64(54904.20034190178), np.float64(54907.206627283354), np.float64(54869.64668909692), np.float64(54900.70982904633), np.float64(54818.92573986053), np.float64(54872.52510825095), np.float64(54674.740412657266), np.float64(54621.3583350108), np.float64(54770.83129536761), np.float64(54714.31996145232), np.float64(54613.19671239853), np.float64(54535.540612114535), np.float64(54531.35723755598), np.float64(54552.36336948031), np.float64(54446.34186367035), np.float64(54473.62944101504), np.float64(54432.01170297361)]","[np.float64(55090.7214099806), np.float64(55032.66045515817), np.float64(55029.77107861042), np.float64(54887.02507168025), np.float64(54956.2167549707), np.float64(54957.068333842755), np.float64(54957.059824165764), np.float64(54937.71059196325), np.float64(54770.92694024683), np.float64(54837.475426733494), np.float64(54755.22299269509), np.float64(54828.58540608649), np.float64(54834.80750449668), np.float64(54845.44440472885), np.float64(54837.08841763897), np.float64(54714.35955642577), np.float64(54716.936137251854), np.float64(54520.5190437209), np.float64(54592.86580829293), np.float64(54572.91360162626), np.float64(54585.52652905691), np.float64(54606.73072452391), np.float64(54535.53515064716), np.float64(54329.431641387426), np.float64(54457.83622870148), np.float64(54400.81296812748), np.float64(54316.281103664725), np.float64(54316.29264828921), np.float64(54283.063897500826)]","[np.float64(55093.91337049961), np.float64(55196.7270173049), np.float64(55029.77107861042), np.float64(54956.23450259209), np.float64(54963.14107211113), np.float64(54957.068333842755), np.float64(54988.114929759504), np.float64(54940.47116425514), np.float64(54837.475426733494), np.float64(54844.754290637975), np.float64(54874.60300264836), np.float64(54834.82390774489), np.float64(54904.20034190178), np.float64(54857.28171983719), np.float64(54864.20090950489), np.float64(54716.936137251854), np.float64(54818.92573986053), np.float64(54674.740412657266), np.float64(54597.917060575484), np.float64(54591.42296387434), np.float64(54691.946826360225), np.float64(54613.19671239853), np.float64(54535.53515064716), np.float64(54457.85118169308), np.float64(54531.35723755598), np.float64(54446.34186367035), np.float64(54316.29264828921), np.float64(54422.75944180012), np.float64(54382.55203450441)]"
331,"[np.float64(55061.30586823702), np.float64(55059.16958613396), np.float64(55035.680913939475), np.float64(55045.71109902859), np.float64(55025.16729989052), np.float64(55002.390378324984), np.float64(54983.3540430665), np.float64(54951.3398165679), np.float64(54992.04520462752), np.float64(55024.24615781546), np.float64(54958.23775802612), np.float64(54940.63406719446), np.float64(54930.77270878792), np.float64(54877.67922827244), np.float64(54898.43937281609), np.float64(54868.098861339095), np.float64(54853.45279248953), np.float64(54836.05166792154), np.float64(54858.5381972909), np.float64(54857.232784566884), np.float64(54797.61352820158), np.float64(54756.04417506695), np.float64(54702.07282155752), np.float64(54718.53889613152), np.float64(54735.353055009844), np.float64(54707.256354453566), np.float64(54693.486098165515), np.float64(54688.77182875633), np.float64(54637.872193675044)]","[np.float64(55061.30586823702), np.float64(55173.30110410604), np.float64(55051.15647769913), np.float64(55045.71109902859), np.float64(55028.458321128375), np.float64(55011.727772067345), np.float64(54989.60683320807), np.float64(54992.04520462752), np.float64(55024.24615781546), np.float64(55024.24615781546), np.float64(54994.13986904815), np.float64(54940.63406719446), np.float64(54930.77270878792), np.float64(54912.02663426991), np.float64(54908.90294628584), np.float64(54868.104529189586), np.float64(54853.45279248953), np.float64(54858.5381972909), np.float64(54877.84121102099), np.float64(54860.25891537759), np.float64(54803.24806413242), np.float64(54756.05900591339), np.float64(54725.88050040182), np.float64(54735.353055009844), np.float64(54735.36094583997), np.float64(54707.27120815506), np.float64(54727.83325514527), np.float64(54688.77182875633), np.float64(54656.34174265711)]","[np.float64(55035.72016886595), np.float64(55035.680913939475), np.float64(55033.04765427118), np.float64(55025.15805324523), np.float64(54999.78424254985), np.float64(54983.3540430665), np.float64(54951.3398165679), np.float64(54951.3398165679), np.float64(54992.04520462752), np.float64(54954.41340687368), np.float64(54940.63406719446), np.float64(54914.49820502958), np.float64(54877.67922827244), np.float64(54857.52256046293), np.float64(54868.098861339095), np.float64(54839.69570870562), np.float64(54836.05166792154), np.float64(54795.08988645013), np.float64(54857.22014049968), np.float64(54788.29889944398), np.float64(54749.26143019233), np.float64(54689.81559276546), np.float64(54697.7224834453), np.float64(54708.227346740845), np.float64(54700.10612484162), np.float64(54693.47221361371), np.float64(54688.77182875633), np.float64(54597.340980676396), np.float64(54628.883951836026)]","[np.float64(55059.16958613396), np.float64(55035.680913939475), np.float64(55045.71109902859), np.float64(55025.16729989052), np.float64(55002.390378324984), np.float64(54983.3540430665), np.float64(54951.3398165679), np.float64(54992.04520462752), np.float64(55024.24615781546), np.float64(54958.23775802612), np.float64(54940.63406719446), np.float64(54930.77270878792), np.float64(54877.67922827244), np.float64(54898.43937281609), np.float64(54868.098861339095), np.float64(54853.45279248953), np.float64(54836.05166792154), np.float64(54858.5381972909), np.float64(54857.232784566884), np.float64(54797.61352820158), np.float64(54756.04417506695), np.float64(54702.07282155752), np.float64(54718.53889613152), np.float64(54735.353055009844), np.float64(54707.256354453566), np.float64(54693.486098165515), np.float64(54688.77182875633), np.float64(54637.872193675044), np.float64(54633.111178205014)]"
332,"[np.float64(55170.97354353428), np.float64(55151.36492316723), np.float64(55112.884802136425), np.float64(55082.08210990906), np.float64(55073.34664905071), np.float64(55040.76593240976), np.float64(55023.98808865309), np.float64(54992.14771114111), np.float64(54987.5344029212), np.float64(54983.9340547967), np.float64(54981.87323603153), np.float64(54985.85154473066), np.float64(54987.47851369143), np.float64(54933.20067085743), np.float64(54897.484104828836), np.float64(54874.30861836434), np.float64(54862.56363838196), np.float64(54852.93253329992), np.float64(54879.92097876072), np.float64(54861.637087671756), np.float64(54776.27646257639), np.float64(54777.509888942244), np.float64(54766.561652426724), np.float64(54763.540672147275), np.float64(54682.41719757557), np.float64(54660.99887364626), np.float64(54619.501893200875), np.float64(54630.33268506765), np.float64(54625.93456326008)]","[np.float64(55170.97354353428), np.float64(55152.76803727478), np.float64(55143.6402996916), np.float64(55082.08210990906), np.float64(55073.36039266129), np.float64(55149.27879855573), np.float64(55023.99657446133), np.float64(55002.44184362299), np.float64(55000.98889776946), np.float64(55007.71094631248), np.float64(54997.5181351383), np.float64(54987.487214188695), np.float64(55005.388283828084), np.float64(54953.35725381798), np.float64(54909.73791457696), np.float64(54905.68613831928), np.float64(54869.04740940042), np.float64(54904.105088465905), np.float64(54883.44973978875), np.float64(54866.454372230044), np.float64(54794.22559136393), np.float64(54779.79658403871), np.float64(54832.33965134164), np.float64(54764.507187316885), np.float64(54682.41719757557), np.float64(54662.39140610036), np.float64(54630.344297862386), np.float64(54636.81985671023), np.float64(54689.30140179319)]","[np.float64(55146.10001188838), np.float64(55104.396384505664), np.float64(55071.34155391425), np.float64(55059.521125346146), np.float64(55017.09902960037), np.float64(55019.879457798546), np.float64(54982.6562349323), np.float64(54987.5344029212), np.float64(54964.64147353898), np.float64(54967.000161275806), np.float64(54972.22577637766), np.float64(54980.09404528505), np.float64(54933.192297754926), np.float64(54867.3071619694), np.float64(54851.61603325296), np.float64(54828.246942019374), np.float64(54846.97143249286), np.float64(54823.80551411557), np.float64(54855.030113512774), np.float64(54754.11286810585), np.float64(54768.842688604054), np.float64(54747.98227083682), np.float64(54747.306755677695), np.float64(54667.33974405574), np.float64(54648.95715893772), np.float64(54600.13099180654), np.float64(54619.48648510941), np.float64(54603.371949671106), np.float64(54618.02824991957)]","[np.float64(55151.36492316723), np.float64(55112.884802136425), np.float64(55082.08210990906), np.float64(55073.34664905071), np.float64(55040.76593240976), np.float64(55023.98808865309), np.float64(54992.14771114111), np.float64(54987.5344029212), np.float64(54983.9340547967), np.float64(54981.87323603153), np.float64(54985.85154473066), np.float64(54987.47851369143), np.float64(54933.20067085743), np.float64(54897.484104828836), np.float64(54874.30861836434), np.float64(54862.56363838196), np.float64(54852.93253329992), np.float64(54879.92097876072), np.float64(54861.637087671756), np.float64(54776.27646257639), np.float64(54777.509888942244), np.float64(54766.561652426724), np.float64(54763.540672147275), np.float64(54682.41719757557), np.float64(54660.99887364626), np.float64(54619.501893200875), np.float64(54630.33268506765), np.float64(54625.93456326008), np.float64(54664.58145054102)]"
333,"[np.float64(54977.82757694722), np.float64(55021.558452482226), np.float64(55034.22702130318), np.float64(55032.074642071726), np.float64(54915.58242822171), np.float64(54973.698470349314), np.float64(55022.62923346281), np.float64(55019.765747487545), np.float64(55044.24909343958), np.float64(55071.78213694811), np.float64(54941.00945222855), np.float64(54799.371849730014), np.float64(54889.24417797089), np.float64(54900.53921102047), np.float64(54812.88918793679), np.float64(54876.96477332592), np.float64(54871.9593390584), np.float64(54841.88114638567), np.float64(54583.327009732726), np.float64(54748.19985123634), np.float64(54692.96480875969), np.float64(54612.63691866159), np.float64(54703.46322711945), np.float64(54555.475243082044), np.float64(54733.53292050838), np.float64(54649.947100400925), np.float64(54423.94367534161), np.float64(54609.13044898987), np.float64(54523.28832659006)]","[np.float64(55021.558452482226), np.float64(55036.956554269884), np.float64(55035.09064117363), np.float64(55032.074642071726), np.float64(54985.44327326555), np.float64(55054.308344276076), np.float64(55022.62923346281), np.float64(55058.68411881516), np.float64(55071.78213694811), np.float64(55071.78213694811), np.float64(54963.157440305), np.float64(54889.25712397411), np.float64(54900.53921102047), np.float64(54903.562753127175), np.float64(54915.748270721684), np.float64(54921.246974418864), np.float64(54871.9593390584), np.float64(54876.462481028), np.float64(54754.68677580934), np.float64(54748.19985123634), np.float64(54701.57748108324), np.float64(54721.304357627836), np.float64(54703.46322711945), np.float64(54748.61628657944), np.float64(54746.22935146966), np.float64(54649.947100400925), np.float64(54671.75812466308), np.float64(54609.13044898987), np.float64(54554.58204474895)]","[np.float64(54972.29985316738), np.float64(55019.62998326544), np.float64(55032.074642071726), np.float64(54809.81533314792), np.float64(54915.58242822171), np.float64(54892.66510471516), np.float64(55014.26492265208), np.float64(55008.692940233464), np.float64(54977.23797248969), np.float64(54941.00945222855), np.float64(54799.371849730014), np.float64(54790.56513772425), np.float64(54886.248272289384), np.float64(54812.87995875266), np.float64(54806.150575025575), np.float64(54862.5395923077), np.float64(54715.71999386951), np.float64(54570.838995272905), np.float64(54576.4576673692), np.float64(54691.263399226), np.float64(54611.99107199177), np.float64(54541.04484730235), np.float64(54504.3615062862), np.float64(54550.1143571025), np.float64(54636.18331531872), np.float64(54406.75766342201), np.float64(54423.94367534161), np.float64(54518.44515973914), np.float64(54289.9444414958)]","[np.float64(55021.558452482226), np.float64(55034.22702130318), np.float64(55032.074642071726), np.float64(54915.58242822171), np.float64(54973.698470349314), np.float64(55022.62923346281), np.float64(55019.765747487545), np.float64(55044.24909343958), np.float64(55071.78213694811), np.float64(54941.00945222855), np.float64(54799.371849730014), np.float64(54889.24417797089), np.float64(54900.53921102047), np.float64(54812.88918793679), np.float64(54876.96477332592), np.float64(54871.9593390584), np.float64(54841.88114638567), np.float64(54583.327009732726), np.float64(54748.19985123634), np.float64(54692.96480875969), np.float64(54612.63691866159), np.float64(54703.46322711945), np.float64(54555.475243082044), np.float64(54733.53292050838), np.float64(54649.947100400925), np.float64(54423.94367534161), np.float64(54609.13044898987), np.float64(54523.28832659006), np.float64(54360.92457668304)]"
334,"[np.float64(55173.32024729967), np.float64(55093.88941797257), np.float64(55178.20128295899), np.float64(55030.81314231396), np.float64(55078.73789929152), np.float64(54997.73392980099), np.float64(54982.1929893899), np.float64(55000.92335043192), np.float64(55008.82575270176), np.float64(54947.765996510985), np.float64(55002.58418775082), np.float64(55065.024691226485), np.float64(54942.99197456121), np.float64(54888.35381360531), np.float64(54916.429523506165), np.float64(54895.524504807), np.float64(54789.67030361414), np.float64(54824.25092748642), np.float64(54748.99195873022), np.float64(54772.37722297192), np.float64(54827.64780790806), np.float64(54806.57769706011), np.float64(54772.34438483), np.float64(54708.75622048855), np.float64(54728.83075613976), np.float64(54691.58316003561), np.float64(54644.490173876286), np.float64(54632.18475627184), np.float64(54691.61574062348)]","[np.float64(55173.32024729967), np.float64(55180.48420758816), np.float64(55189.69212174639), np.float64(55078.73789929152), np.float64(55178.01592050272), np.float64(54997.73392980099), np.float64(55000.92335043192), np.float64(55039.80270002238), np.float64(55008.84177069055), np.float64(55002.59686805828), np.float64(55065.024691226485), np.float64(55143.98357743027), np.float64(54942.99197456121), np.float64(54940.488684845164), np.float64(54916.429523506165), np.float64(54926.15802256142), np.float64(54824.25092748642), np.float64(54832.89680365106), np.float64(54806.77144536712), np.float64(54829.88383843441), np.float64(54833.52966918197), np.float64(54834.921832705215), np.float64(54772.34438483), np.float64(54731.41603963369), np.float64(54798.92725811609), np.float64(54691.58316003561), np.float64(54653.715984093105), np.float64(54729.00533280212), np.float64(54710.68608657213)]","[np.float64(55093.88941797257), np.float64(55092.90368435852), np.float64(55026.691119500705), np.float64(55027.8355545241), np.float64(54997.726070832156), np.float64(54973.290963128355), np.float64(54965.113739024455), np.float64(55000.913777872665), np.float64(54933.28063626473), np.float64(54935.227849573734), np.float64(55002.58418775082), np.float64(54924.354566507536), np.float64(54888.35381360531), np.float64(54875.18427906578), np.float64(54895.524504807), np.float64(54737.20917138967), np.float64(54775.03489919845), np.float64(54745.28792233238), np.float64(54748.97802762953), np.float64(54757.05420788633), np.float64(54801.63999990056), np.float64(54772.34438483), np.float64(54701.67161920627), np.float64(54648.013459984606), np.float64(54691.58316003561), np.float64(54633.20955282772), np.float64(54632.18475627184), np.float64(54604.660952812315), np.float64(54617.21948593491)]","[np.float64(55093.88941797257), np.float64(55178.20128295899), np.float64(55030.81314231396), np.float64(55078.73789929152), np.float64(54997.73392980099), np.float64(54982.1929893899), np.float64(55000.92335043192), np.float64(55008.82575270176), np.float64(54947.765996510985), np.float64(55002.58418775082), np.float64(55065.024691226485), np.float64(54942.99197456121), np.float64(54888.35381360531), np.float64(54916.429523506165), np.float64(54895.524504807), np.float64(54789.67030361414), np.float64(54824.25092748642), np.float64(54748.99195873022), np.float64(54772.37722297192), np.float64(54827.64780790806), np.float64(54806.57769706011), np.float64(54772.34438483), np.float64(54708.75622048855), np.float64(54728.83075613976), np.float64(54691.58316003561), np.float64(54644.490173876286), np.float64(54632.18475627184), np.float64(54691.61574062348), np.float64(54622.12572512865)]"
335,"[np.float64(55029.93063334704), np.float64(55041.05683971405), np.float64(55018.05211158752), np.float64(55020.0422317648), np.float64(54970.84361243487), np.float64(54937.935415813925), np.float64(54934.722686541085), np.float64(54872.91319049835), np.float64(54901.7725086093), np.float64(54882.92624824286), np.float64(54869.769228158), np.float64(54883.730332000254), np.float64(54855.443942883016), np.float64(54807.09963035107), np.float64(54775.254488089085), np.float64(54681.54692242623), np.float64(54665.84565461636), np.float64(54629.82672012806), np.float64(54558.99214369297), np.float64(54553.02023783684), np.float64(54506.4208540225), np.float64(54478.16176563501), np.float64(54480.74825222493), np.float64(54488.6921206975), np.float64(54477.530886979104), np.float64(54432.812291646005), np.float64(54402.69829895973), np.float64(54407.179997057916), np.float64(54359.32465089798)]","[np.float64(55054.655523660076), np.float64(55052.81972048079), np.float64(55038.08765992924), np.float64(55020.0422317648), np.float64(54984.77800903383), np.float64(54941.755183445246), np.float64(54947.59204527111), np.float64(54904.220405253254), np.float64(54965.623845049595), np.float64(54882.92624824286), np.float64(54894.15013288828), np.float64(54889.99677613292), np.float64(54855.443942883016), np.float64(54819.94462158897), np.float64(54775.254488089085), np.float64(54717.46938159796), np.float64(54665.84565461636), np.float64(54664.872580698815), np.float64(54558.99214369297), np.float64(54556.772656831985), np.float64(54549.110571036836), np.float64(54499.91226341796), np.float64(54492.346629162625), np.float64(54506.97219444185), np.float64(54477.530886979104), np.float64(54518.149927054386), np.float64(54407.179997057916), np.float64(54476.20194679459), np.float64(54377.68515662705)]","[np.float64(55029.921301441194), np.float64(54991.602662654375), np.float64(55018.05211158752), np.float64(54943.62766712601), np.float64(54923.31866920063), np.float64(54919.08501836083), np.float64(54872.90747893657), np.float64(54865.802841346005), np.float64(54845.75421437191), np.float64(54859.12464526449), np.float64(54858.369934266535), np.float64(54847.21427334662), np.float64(54802.49864436458), np.float64(54755.64537671809), np.float64(54673.8484665148), np.float64(54629.22669459674), np.float64(54625.164600523225), np.float64(54552.22952554906), np.float64(54546.19096549118), np.float64(54484.79390816659), np.float64(54473.44579722946), np.float64(54471.94896691609), np.float64(54477.045654851885), np.float64(54442.976983928595), np.float64(54422.52512289949), np.float64(54400.399993227475), np.float64(54353.84628002197), np.float64(54342.461165236244), np.float64(54334.151289554866)]","[np.float64(55041.05683971405), np.float64(55018.05211158752), np.float64(55020.0422317648), np.float64(54970.84361243487), np.float64(54937.935415813925), np.float64(54934.722686541085), np.float64(54872.91319049835), np.float64(54901.7725086093), np.float64(54882.92624824286), np.float64(54869.769228158), np.float64(54883.730332000254), np.float64(54855.443942883016), np.float64(54807.09963035107), np.float64(54775.254488089085), np.float64(54681.54692242623), np.float64(54665.84565461636), np.float64(54629.82672012806), np.float64(54558.99214369297), np.float64(54553.02023783684), np.float64(54506.4208540225), np.float64(54478.16176563501), np.float64(54480.74825222493), np.float64(54488.6921206975), np.float64(54477.530886979104), np.float64(54432.812291646005), np.float64(54402.69829895973), np.float64(54407.179997057916), np.float64(54359.32465089798), np.float64(54340.58385891676)]"
336,"[np.float64(55059.15168612719), np.float64(55015.96309065342), np.float64(55050.73894049883), np.float64(55053.196392507554), np.float64(54989.39690506458), np.float64(54988.732286827566), np.float64(54951.76490953445), np.float64(54945.26347254276), np.float64(55020.38593765021), np.float64(54999.63030030251), np.float64(54948.8174609375), np.float64(54869.704324536324), np.float64(54880.06726946354), np.float64(54879.36491955757), np.float64(54824.192462716106), np.float64(54824.898289601806), np.float64(54784.673368630414), np.float64(54749.88592885256), np.float64(54731.836283175944), np.float64(54719.51695765257), np.float64(54696.24372942448), np.float64(54650.88640003681), np.float64(54607.212186393735), np.float64(54580.98391172409), np.float64(54602.67485661984), np.float64(54557.54404602289), np.float64(54504.46357198715), np.float64(54517.14282930136), np.float64(54439.17387678623)]","[np.float64(55059.16091120576), np.float64(55054.03902697097), np.float64(55071.3685216502), np.float64(55053.196392507554), np.float64(55007.31146249557), np.float64(54997.07992084072), np.float64(54951.77663465002), np.float64(55020.39500523311), np.float64(55045.154045855656), np.float64(55025.44327213284), np.float64(54954.85171434696), np.float64(54880.079200877786), np.float64(54881.245608818776), np.float64(54910.37341467462), np.float64(54824.898289601806), np.float64(54832.45844012085), np.float64(54793.41297240998), np.float64(54749.91376690833), np.float64(54776.667513470544), np.float64(54734.66391975354), np.float64(54711.01556816991), np.float64(54650.88640003681), np.float64(54644.06941587303), np.float64(54637.7423069101), np.float64(54604.306654924025), np.float64(54580.8337775126), np.float64(54557.4854882864), np.float64(54519.49413726113), np.float64(54460.47349870062)]","[np.float64(55003.88074189595), np.float64(55015.9493126318), np.float64(55029.55529216348), np.float64(54986.0054847887), np.float64(54959.48335795358), np.float64(54951.76490953445), np.float64(54912.317302767064), np.float64(54942.26947862996), np.float64(54986.84329127662), np.float64(54908.54618993938), np.float64(54856.902690369156), np.float64(54864.77860021729), np.float64(54879.35648176901), np.float64(54808.98773571933), np.float64(54814.957626551244), np.float64(54755.590742552835), np.float64(54749.88592885256), np.float64(54709.547689078856), np.float64(54705.57457481401), np.float64(54678.55206580386), np.float64(54609.01470314149), np.float64(54603.584861969946), np.float64(54569.930573950776), np.float64(54572.008129878785), np.float64(54544.318119696334), np.float64(54483.44029066062), np.float64(54482.80834091149), np.float64(54415.42582743231), np.float64(54374.486036066824)]","[np.float64(55015.96309065342), np.float64(55050.73894049883), np.float64(55053.196392507554), np.float64(54989.39690506458), np.float64(54988.732286827566), np.float64(54951.76490953445), np.float64(54945.26347254276), np.float64(55020.38593765021), np.float64(54999.63030030251), np.float64(54948.8174609375), np.float64(54869.704324536324), np.float64(54880.06726946354), np.float64(54879.36491955757), np.float64(54824.192462716106), np.float64(54824.898289601806), np.float64(54784.673368630414), np.float64(54749.88592885256), np.float64(54731.836283175944), np.float64(54719.51695765257), np.float64(54696.24372942448), np.float64(54650.88640003681), np.float64(54607.212186393735), np.float64(54580.98391172409), np.float64(54602.67485661984), np.float64(54557.54404602289), np.float64(54504.46357198715), np.float64(54517.14282930136), np.float64(54439.17387678623), np.float64(54402.531661486624)]"
337,"[np.float64(55106.134052820205), np.float64(55092.70827507973), np.float64(55107.28467555762), np.float64(55088.84393404961), np.float64(55023.94520590305), np.float64(55009.27904783726), np.float64(55027.28400788546), np.float64(55037.19610444069), np.float64(55002.41098264933), np.float64(55007.9592120862), np.float64(54955.43479725361), np.float64(54940.75421616078), np.float64(54956.395860207085), np.float64(54894.28348059655), np.float64(54904.55422117234), np.float64(54925.83578389883), np.float64(54861.767925131324), np.float64(54852.96202323914), np.float64(54840.30581701279), np.float64(54816.288643898966), np.float64(54805.87843780279), np.float64(54810.45684744835), np.float64(54765.46949445963), np.float64(54725.333687191014), np.float64(54747.88177197933), np.float64(54743.644235124586), np.float64(54717.482666954995), np.float64(54707.147022757534), np.float64(54715.678372027876)]","[np.float64(55127.92387043041), np.float64(55107.28467555762), np.float64(55139.94529470792), np.float64(55088.84393404961), np.float64(55065.884262567844), np.float64(55027.28400788546), np.float64(55047.43674562728), np.float64(55037.19610444069), np.float64(55031.843109577276), np.float64(55007.9592120862), np.float64(54965.228688909556), np.float64(54956.395860207085), np.float64(54962.752539709145), np.float64(54921.29269873215), np.float64(54925.83578389883), np.float64(54925.83578389883), np.float64(54861.78137235932), np.float64(54852.96769486622), np.float64(54853.10840728214), np.float64(54817.10859858436), np.float64(54818.77825717097), np.float64(54839.10051963469), np.float64(54774.573717573956), np.float64(54747.89438546308), np.float64(54747.88177197933), np.float64(54757.24498168802), np.float64(54717.4918944818), np.float64(54734.30803529297), np.float64(54723.91916156608)]","[np.float64(55077.93651692991), np.float64(55087.05659605742), np.float64(55088.84393404961), np.float64(55017.23989359773), np.float64(55009.27356402299), np.float64(54928.68513308079), np.float64(55027.28400788546), np.float64(54991.8242817692), np.float64(55002.40246660037), np.float64(54955.42957668991), np.float64(54940.75421616078), np.float64(54940.73784594798), np.float64(54894.27796593467), np.float64(54880.56099041492), np.float64(54904.55422117234), np.float64(54846.384435821084), np.float64(54844.965714387814), np.float64(54840.118935153965), np.float64(54808.741410334405), np.float64(54794.85188482075), np.float64(54805.218524584096), np.float64(54762.116414784046), np.float64(54708.169147910965), np.float64(54704.552440159896), np.float64(54732.34345253159), np.float64(54717.482666954995), np.float64(54695.80785531134), np.float64(54700.82895784136), np.float64(54702.9640101642)]","[np.float64(55092.70827507973), np.float64(55107.28467555762), np.float64(55088.84393404961), np.float64(55023.94520590305), np.float64(55009.27904783726), np.float64(55027.28400788546), np.float64(55037.19610444069), np.float64(55002.41098264933), np.float64(55007.9592120862), np.float64(54955.43479725361), np.float64(54940.75421616078), np.float64(54956.395860207085), np.float64(54894.28348059655), np.float64(54904.55422117234), np.float64(54925.83578389883), np.float64(54861.767925131324), np.float64(54852.96202323914), np.float64(54840.30581701279), np.float64(54816.288643898966), np.float64(54805.87843780279), np.float64(54810.45684744835), np.float64(54765.46949445963), np.float64(54725.333687191014), np.float64(54747.88177197933), np.float64(54743.644235124586), np.float64(54717.482666954995), np.float64(54707.147022757534), np.float64(54715.678372027876), np.float64(54720.550135741236)]"
338,"[np.float64(55051.54212281704), np.float64(55031.37538281441), np.float64(54994.7739898324), np.float64(55008.20865318775), np.float64(55030.49326017857), np.float64(54996.758958928585), np.float64(54952.971292724615), np.float64(54904.79117090225), np.float64(54888.9879116869), np.float64(54895.17642050266), np.float64(54876.5550048256), np.float64(54916.105134174824), np.float64(54890.49975398541), np.float64(54838.56114584923), np.float64(54775.69928394079), np.float64(54751.487657516), np.float64(54769.11749008417), np.float64(54748.06540802002), np.float64(54737.25779601812), np.float64(54723.68225059509), np.float64(54661.45165367365), np.float64(54648.97766694069), np.float64(54609.56790455103), np.float64(54615.774313373564), np.float64(54598.32991972446), np.float64(54573.58245208979), np.float64(54517.42060134888), np.float64(54482.697678861616), np.float64(54389.30007950306)]","[np.float64(55055.66998145045), np.float64(55037.19570907006), np.float64(55021.690081743545), np.float64(55030.49326017857), np.float64(55045.21878602676), np.float64(55008.68093930366), np.float64(54966.16183198937), np.float64(54904.79117090225), np.float64(54908.56137565721), np.float64(54895.18817715604), np.float64(54926.30351948686), np.float64(54919.36697449082), np.float64(54906.94031178488), np.float64(54840.89871153078), np.float64(54788.599596110056), np.float64(54788.00655084678), np.float64(54769.11749008417), np.float64(54811.238698132), np.float64(54737.25779601812), np.float64(54732.05732543429), np.float64(54665.954167688455), np.float64(54672.88781578502), np.float64(54615.774313373564), np.float64(54619.3108180349), np.float64(54598.338611022606), np.float64(54587.12953495375), np.float64(54517.42060134888), np.float64(54521.57152433671), np.float64(54393.30619173264)]","[np.float64(55031.37538281441), np.float64(54972.09142679089), np.float64(54994.768462428685), np.float64(55007.15301656293), np.float64(54983.39253482995), np.float64(54952.971292724615), np.float64(54892.7003280228), np.float64(54888.9879116869), np.float64(54872.15162607229), np.float64(54876.54902918274), np.float64(54876.54633466268), np.float64(54877.53770588808), np.float64(54838.56114584923), np.float64(54761.866381716194), np.float64(54740.65568820015), np.float64(54736.99567693385), np.float64(54747.20660151097), np.float64(54718.3701126334), np.float64(54714.55163729142), np.float64(54644.847277338966), np.float64(54648.96853603186), np.float64(54587.01872753442), np.float64(54609.5518335075), np.float64(54575.662076043656), np.float64(54573.58245208979), np.float64(54489.00858365869), np.float64(54482.68902596902), np.float64(54360.52204658268), np.float64(54380.147023241705)]","[np.float64(55031.37538281441), np.float64(54994.7739898324), np.float64(55008.20865318775), np.float64(55030.49326017857), np.float64(54996.758958928585), np.float64(54952.971292724615), np.float64(54904.79117090225), np.float64(54888.9879116869), np.float64(54895.17642050266), np.float64(54876.5550048256), np.float64(54916.105134174824), np.float64(54890.49975398541), np.float64(54838.56114584923), np.float64(54775.69928394079), np.float64(54751.487657516), np.float64(54769.11749008417), np.float64(54748.06540802002), np.float64(54737.25779601812), np.float64(54723.68225059509), np.float64(54661.45165367365), np.float64(54648.97766694069), np.float64(54609.56790455103), np.float64(54615.774313373564), np.float64(54598.32991972446), np.float64(54573.58245208979), np.float64(54517.42060134888), np.float64(54482.697678861616), np.float64(54389.30007950306), np.float64(54380.15884223223)]"
339,"[np.float64(55129.87551431895), np.float64(55119.700712628364), np.float64(55149.02427192211), np.float64(55104.87538615704), np.float64(55021.695728793144), np.float64(55048.90940527439), np.float64(54992.65393363476), np.float64(54903.1993580699), np.float64(55033.066353957656), np.float64(54889.85883072138), np.float64(55026.78499690533), np.float64(54891.52288746596), np.float64(54901.20975300074), np.float64(54897.887692031865), np.float64(54889.09647072077), np.float64(54842.72772656202), np.float64(54802.55727827311), np.float64(54779.43368895054), np.float64(54662.958731222156), np.float64(54738.9370484519), np.float64(54730.78829572916), np.float64(54650.14026594162), np.float64(54793.05688187361), np.float64(54520.828556594846), np.float64(54630.12058930397), np.float64(54478.855229926114), np.float64(54303.409794495106), np.float64(54666.93935790777), np.float64(54443.14754951239)]","[np.float64(55129.87551431895), np.float64(55159.83288626411), np.float64(55166.45374518003), np.float64(55104.87538615704), np.float64(55048.9211305319), np.float64(55092.421994557604), np.float64(54992.65393363476), np.float64(55088.81724802215), np.float64(55033.066353957656), np.float64(55041.60196243566), np.float64(55026.78499690533), np.float64(54901.21818556055), np.float64(54910.729084217885), np.float64(54920.803388455424), np.float64(54932.63719014732), np.float64(54844.48895214635), np.float64(54802.55727827311), np.float64(54790.83493161762), np.float64(54738.9370484519), np.float64(54773.727673071764), np.float64(54730.78829572916), np.float64(54827.911056807905), np.float64(54793.05688187361), np.float64(54646.72145829829), np.float64(54630.1286829555), np.float64(54492.615968130194), np.float64(54669.66260826544), np.float64(54698.14732896245), np.float64(54448.09040304287)]","[np.float64(55119.69152100572), np.float64(55110.359765878995), np.float64(55104.87538615704), np.float64(55016.542123014675), np.float64(55009.59415861354), np.float64(54992.65393363476), np.float64(54862.88893208333), np.float64(54903.1993580699), np.float64(54855.49355661611), np.float64(54889.85883072138), np.float64(54874.72940773627), np.float64(54891.52288746596), np.float64(54876.540656217745), np.float64(54884.02422800174), np.float64(54842.72772656202), np.float64(54708.27207711395), np.float64(54763.95430682281), np.float64(54661.75409852444), np.float64(54642.36929727873), np.float64(54730.78829572916), np.float64(54629.932977163044), np.float64(54636.94273206629), np.float64(54508.299703657365), np.float64(54515.36005230672), np.float64(54445.69906529237), np.float64(54303.40188093799), np.float64(54192.804552236834), np.float64(54443.14754951239), np.float64(54224.960732660424)]","[np.float64(55119.700712628364), np.float64(55149.02427192211), np.float64(55104.87538615704), np.float64(55021.695728793144), np.float64(55048.90940527439), np.float64(54992.65393363476), np.float64(54903.1993580699), np.float64(55033.066353957656), np.float64(54889.85883072138), np.float64(55026.78499690533), np.float64(54891.52288746596), np.float64(54901.20975300074), np.float64(54897.887692031865), np.float64(54889.09647072077), np.float64(54842.72772656202), np.float64(54802.55727827311), np.float64(54779.43368895054), np.float64(54662.958731222156), np.float64(54738.9370484519), np.float64(54730.78829572916), np.float64(54650.14026594162), np.float64(54793.05688187361), np.float64(54520.828556594846), np.float64(54630.12058930397), np.float64(54478.855229926114), np.float64(54303.409794495106), np.float64(54666.93935790777), np.float64(54443.14754951239), np.float64(54262.83859209776)]"
340,"[np.float64(55101.719576330186), np.float64(55097.71461078644), np.float64(55071.663018198014), np.float64(55027.12651358128), np.float64(54997.222169895176), np.float64(54955.31168641568), np.float64(54985.41808125735), np.float64(54953.44454829932), np.float64(54958.72620929003), np.float64(54920.267851576806), np.float64(54916.89466612816), np.float64(54908.2687945199), np.float64(54896.70873834848), np.float64(54859.71277255535), np.float64(54809.496299602986), np.float64(54787.50414524078), np.float64(54768.91170439482), np.float64(54775.18739525795), np.float64(54726.26384365797), np.float64(54727.12986916542), np.float64(54701.239891746045), np.float64(54733.455654292105), np.float64(54665.049168703554), np.float64(54647.297126736645), np.float64(54663.30617164135), np.float64(54696.935004506115), np.float64(54640.40008671761), np.float64(54624.31969933987), np.float64(54608.15908387423)]","[np.float64(55101.719576330186), np.float64(55097.71461078644), np.float64(55071.663018198014), np.float64(55028.527713185416), np.float64(55001.8399778344), np.float64(54985.41808125735), np.float64(54987.85996760428), np.float64(54958.73451494076), np.float64(54981.16731196049), np.float64(54920.267851576806), np.float64(54923.046886547956), np.float64(54908.2687945199), np.float64(54905.297248336254), np.float64(54859.71277255535), np.float64(54809.50470595813), np.float64(54787.51605676538), np.float64(54775.19916062628), np.float64(54775.18739525795), np.float64(54744.288333717144), np.float64(54732.865821992615), np.float64(54737.21891282315), np.float64(54743.41307677952), np.float64(54665.06064107787), np.float64(54673.71618549826), np.float64(54724.98028246821), np.float64(54718.41225906865), np.float64(54648.848913210095), np.float64(54634.12025600707), np.float64(54615.96648001616)]","[np.float64(55097.71461078644), np.float64(55070.80433986546), np.float64(55027.12651358128), np.float64(54997.222169895176), np.float64(54950.58952533193), np.float64(54949.63200194682), np.float64(54953.44454829932), np.float64(54949.02616286789), np.float64(54906.934779603784), np.float64(54916.89466612816), np.float64(54907.606594306715), np.float64(54881.36902460572), np.float64(54857.11718694144), np.float64(54799.90949488683), np.float64(54787.493442148596), np.float64(54755.94154396328), np.float64(54767.57923945922), np.float64(54709.84059266958), np.float64(54719.8385540314), np.float64(54693.24003775843), np.float64(54701.227037965626), np.float64(54663.61718489536), np.float64(54645.18075055714), np.float64(54602.34605820381), np.float64(54663.297674874455), np.float64(54640.38421563622), np.float64(54579.11899503799), np.float64(54586.46582884381), np.float64(54587.752199947005)]","[np.float64(55097.71461078644), np.float64(55071.663018198014), np.float64(55027.12651358128), np.float64(54997.222169895176), np.float64(54955.31168641568), np.float64(54985.41808125735), np.float64(54953.44454829932), np.float64(54958.72620929003), np.float64(54920.267851576806), np.float64(54916.89466612816), np.float64(54908.2687945199), np.float64(54896.70873834848), np.float64(54859.71277255535), np.float64(54809.496299602986), np.float64(54787.50414524078), np.float64(54768.91170439482), np.float64(54775.18739525795), np.float64(54726.26384365797), np.float64(54727.12986916542), np.float64(54701.239891746045), np.float64(54733.455654292105), np.float64(54665.049168703554), np.float64(54647.297126736645), np.float64(54663.30617164135), np.float64(54696.935004506115), np.float64(54640.40008671761), np.float64(54624.31969933987), np.float64(54608.15908387423), np.float64(54595.601649627686)]"
341,"[np.float64(55093.547128634455), np.float64(55035.88927516937), np.float64(55041.06714187622), np.float64(55034.838197073936), np.float64(54983.870825276375), np.float64(54897.98350214005), np.float64(54935.39593283892), np.float64(54912.785004861355), np.float64(54917.16046191216), np.float64(54857.10310610056), np.float64(54902.528300981525), np.float64(54817.08229671717), np.float64(54809.908128535746), np.float64(54777.59552566528), np.float64(54759.329019474986), np.float64(54722.33459900618), np.float64(54712.85506448508), np.float64(54657.51378096104), np.float64(54624.56141381979), np.float64(54612.57394669533), np.float64(54614.116051595214), np.float64(54563.27681293964), np.float64(54560.021200916766), np.float64(54482.460471577644), np.float64(54480.92467675209), np.float64(54450.89284380913), np.float64(54427.650522067546), np.float64(54403.49967839957), np.float64(54383.17415632248)]","[np.float64(55106.13244372666), np.float64(55041.06714187622), np.float64(55045.936895197454), np.float64(55057.57699079856), np.float64(55028.821139431726), np.float64(54935.39593283892), np.float64(54940.34466105448), np.float64(54920.61945375238), np.float64(54973.86872951903), np.float64(54912.59321817195), np.float64(54902.528300981525), np.float64(54868.933072350424), np.float64(54812.065480476755), np.float64(54791.5714998362), np.float64(54795.69122590038), np.float64(54739.900202249526), np.float64(54712.85506448508), np.float64(54666.13227877241), np.float64(54636.23742139484), np.float64(54614.12450959708), np.float64(54646.41149760843), np.float64(54572.52536420075), np.float64(54563.614724274565), np.float64(54496.66910011013), np.float64(54520.271020752385), np.float64(54467.23871320375), np.float64(54433.936916409715), np.float64(54439.64671461045), np.float64(54398.45150331142)]","[np.float64(55005.0190931501), np.float64(55021.48231903501), np.float64(55034.83072426345), np.float64(54979.150449447414), np.float64(54894.3664833814), np.float64(54880.66081685627), np.float64(54891.51086914128), np.float64(54855.33211755813), np.float64(54819.52387339643), np.float64(54839.88459051959), np.float64(54815.16596136649), np.float64(54801.17266776714), np.float64(54777.59552566528), np.float64(54739.94943987802), np.float64(54722.32059389154), np.float64(54663.84865371095), np.float64(54651.18021482824), np.float64(54600.26634002385), np.float64(54612.568559347856), np.float64(54589.90900965684), np.float64(54563.267556769395), np.float64(54521.77085803023), np.float64(54482.460471577644), np.float64(54400.18065569669), np.float64(54443.372263769124), np.float64(54393.891290988286), np.float64(54351.42278432288), np.float64(54330.45105668713), np.float64(54363.72337922972)]","[np.float64(55035.88927516937), np.float64(55041.06714187622), np.float64(55034.838197073936), np.float64(54983.870825276375), np.float64(54897.98350214005), np.float64(54935.39593283892), np.float64(54912.785004861355), np.float64(54917.16046191216), np.float64(54857.10310610056), np.float64(54902.528300981525), np.float64(54817.08229671717), np.float64(54809.908128535746), np.float64(54777.59552566528), np.float64(54759.329019474986), np.float64(54722.33459900618), np.float64(54712.85506448508), np.float64(54657.51378096104), np.float64(54624.56141381979), np.float64(54612.57394669533), np.float64(54614.116051595214), np.float64(54563.27681293964), np.float64(54560.021200916766), np.float64(54482.460471577644), np.float64(54480.92467675209), np.float64(54450.89284380913), np.float64(54427.650522067546), np.float64(54403.49967839957), np.float64(54383.17415632248), np.float64(54369.73485699415)]"
342,"[np.float64(55091.15136082173), np.float64(55083.28926576138), np.float64(55021.331418583395), np.float64(54979.46845382691), np.float64(54959.217236094475), np.float64(54934.003724398615), np.float64(54930.26262298346), np.float64(54864.17682820082), np.float64(54911.076906373506), np.float64(54961.209803035264), np.float64(54973.66009479523), np.float64(54911.65897853613), np.float64(54848.0670796609), np.float64(54816.759452710154), np.float64(54786.043556199074), np.float64(54800.858194177155), np.float64(54836.528142921925), np.float64(54820.0191855979), np.float64(54778.27920290232), np.float64(54751.58939136744), np.float64(54679.84603545189), np.float64(54686.13949754477), np.float64(54688.99912020922), np.float64(54686.27728896379), np.float64(54663.466112709044), np.float64(54652.47640999079), np.float64(54583.510516996386), np.float64(54545.81400417566), np.float64(54573.00037992716)]","[np.float64(55100.51987393616), np.float64(55083.28926576138), np.float64(55021.331418583395), np.float64(54983.040939550076), np.float64(54975.266507987806), np.float64(54934.003724398615), np.float64(54943.9474384445), np.float64(54914.837255110084), np.float64(54961.742544587025), np.float64(55015.86779198006), np.float64(54973.66009479523), np.float64(54946.06056558801), np.float64(54877.336386925854), np.float64(54816.759452710154), np.float64(54815.61112636923), np.float64(54836.528142921925), np.float64(54858.20545704915), np.float64(54820.0191855979), np.float64(54780.402385071066), np.float64(54762.60513082527), np.float64(54686.13949754477), np.float64(54702.50073690592), np.float64(54689.00782500893), np.float64(54700.24429422611), np.float64(54688.291147304335), np.float64(54655.933383010226), np.float64(54609.32205144655), np.float64(54573.01588301996), np.float64(54631.26113052932)]","[np.float64(55083.28926576138), np.float64(55019.5567234912), np.float64(54979.46845382691), np.float64(54955.08795596121), np.float64(54933.997725048815), np.float64(54901.248242864924), np.float64(54864.17682820082), np.float64(54831.75883268607), np.float64(54895.3177403432), np.float64(54961.20427888153), np.float64(54911.65897853613), np.float64(54835.13919145125), np.float64(54816.759452710154), np.float64(54764.08067030778), np.float64(54786.043556199074), np.float64(54785.85473362212), np.float64(54805.40611165986), np.float64(54778.26199927266), np.float64(54739.35157347678), np.float64(54667.06272102339), np.float64(54673.370639489935), np.float64(54686.13949754477), np.float64(54680.79943248267), np.float64(54634.720692333176), np.float64(54649.90128287353), np.float64(54580.97134707972), np.float64(54508.082847497106), np.float64(54545.81400417566), np.float64(54543.89328772088)]","[np.float64(55083.28926576138), np.float64(55021.331418583395), np.float64(54979.46845382691), np.float64(54959.217236094475), np.float64(54934.003724398615), np.float64(54930.26262298346), np.float64(54864.17682820082), np.float64(54911.076906373506), np.float64(54961.209803035264), np.float64(54973.66009479523), np.float64(54911.65897853613), np.float64(54848.0670796609), np.float64(54816.759452710154), np.float64(54786.043556199074), np.float64(54800.858194177155), np.float64(54836.528142921925), np.float64(54820.0191855979), np.float64(54778.27920290232), np.float64(54751.58939136744), np.float64(54679.84603545189), np.float64(54686.13949754477), np.float64(54688.99912020922), np.float64(54686.27728896379), np.float64(54663.466112709044), np.float64(54652.47640999079), np.float64(54583.510516996386), np.float64(54545.81400417566), np.float64(54573.00037992716), np.float64(54621.394271614554)]"
343,"[np.float64(55051.71725957394), np.float64(55023.85815263272), np.float64(55074.396696929936), np.float64(54988.77027605057), np.float64(54992.7286243105), np.float64(54966.264945235256), np.float64(54912.51380044222), np.float64(54927.56616081238), np.float64(54916.43892422914), np.float64(54902.232242596154), np.float64(54909.629066257476), np.float64(54912.907600591185), np.float64(54881.44041890383), np.float64(54897.92477981567), np.float64(54860.665336225036), np.float64(54835.11404238701), np.float64(54802.77825965166), np.float64(54833.86966997385), np.float64(54799.473068473344), np.float64(54755.33036400557), np.float64(54741.5396321702), np.float64(54764.50791639805), np.float64(54683.73999519825), np.float64(54683.159725914), np.float64(54627.769635896686), np.float64(54631.92797487974), np.float64(54548.955519752504), np.float64(54555.01525154114), np.float64(54592.7912197876)]","[np.float64(55051.71725957394), np.float64(55074.396696929936), np.float64(55097.54934715083), np.float64(54992.7286243105), np.float64(55001.772515794895), np.float64(54966.28045454858), np.float64(54927.56616081238), np.float64(54927.56616081238), np.float64(54933.452936153924), np.float64(54909.63474616298), np.float64(54935.00088151375), np.float64(54912.907600591185), np.float64(54908.497868572864), np.float64(54912.81094724698), np.float64(54860.665336225036), np.float64(54845.90630947339), np.float64(54833.86966997385), np.float64(54837.08423473889), np.float64(54799.473068473344), np.float64(54756.17963585885), np.float64(54774.75375328487), np.float64(54764.51928932037), np.float64(54703.98145898821), np.float64(54688.00903438074), np.float64(54631.93346127588), np.float64(54642.0674308609), np.float64(54555.01525154114), np.float64(54620.9891910098), np.float64(54625.13061163517)]","[np.float64(55023.85815263272), np.float64(54997.340621235155), np.float64(54988.77027605057), np.float64(54971.4530959767), np.float64(54961.36043509279), np.float64(54912.25027171883), np.float64(54912.50626848305), np.float64(54909.61646517093), np.float64(54882.66258797363), np.float64(54902.22375007859), np.float64(54909.629066257476), np.float64(54881.42279084041), np.float64(54881.44041890383), np.float64(54853.73455004432), np.float64(54827.34401685665), np.float64(54792.732165452406), np.float64(54802.40636019358), np.float64(54783.15709080638), np.float64(54755.324579053355), np.float64(54729.90115339342), np.float64(54741.534419866024), np.float64(54666.43095933615), np.float64(54667.88436145886), np.float64(54591.99461303398), np.float64(54627.769635896686), np.float64(54523.81781260556), np.float64(54548.955519752504), np.float64(54540.69794291032), np.float64(54577.35408141053)]","[np.float64(55023.85815263272), np.float64(55074.396696929936), np.float64(54988.77027605057), np.float64(54992.7286243105), np.float64(54966.264945235256), np.float64(54912.51380044222), np.float64(54927.56616081238), np.float64(54916.43892422914), np.float64(54902.232242596154), np.float64(54909.629066257476), np.float64(54912.907600591185), np.float64(54881.44041890383), np.float64(54897.92477981567), np.float64(54860.665336225036), np.float64(54835.11404238701), np.float64(54802.77825965166), np.float64(54833.86966997385), np.float64(54799.473068473344), np.float64(54755.33036400557), np.float64(54741.5396321702), np.float64(54764.50791639805), np.float64(54683.73999519825), np.float64(54683.159725914), np.float64(54627.769635896686), np.float64(54631.92797487974), np.float64(54548.955519752504), np.float64(54555.01525154114), np.float64(54592.7912197876), np.float64(54620.16973086357)]"
344,"[np.float64(55098.71340540886), np.float64(55095.80845323086), np.float64(55096.44371030569), np.float64(55091.07744280815), np.float64(54958.408773918156), np.float64(55144.116836972236), np.float64(55021.60468343496), np.float64(55019.414572534566), np.float64(55161.50727304697), np.float64(55053.27069685221), np.float64(54992.226909012796), np.float64(54916.829891283516), np.float64(54857.790517871385), np.float64(54943.94582600117), np.float64(54851.5359464407), np.float64(54813.68361341715), np.float64(54749.84394754172), np.float64(54880.832848889826), np.float64(54672.20814119578), np.float64(54721.86404774904), np.float64(54711.68164821387), np.float64(54806.47905385733), np.float64(54812.313812179564), np.float64(54578.51306690455), np.float64(54829.174073233604), np.float64(54698.468223791126), np.float64(54387.83846024513), np.float64(54696.218102796076), np.float64(54543.20034563303)]","[np.float64(55098.71340540886), np.float64(55149.556178192026), np.float64(55101.19401451484), np.float64(55091.07744280815), np.float64(55144.116836972236), np.float64(55154.64849900459), np.float64(55021.60468343496), np.float64(55171.701738012314), np.float64(55161.50727304697), np.float64(55053.27069685221), np.float64(55013.49402114655), np.float64(54916.829891283516), np.float64(54955.920975017616), np.float64(54977.853112821256), np.float64(54851.5359464407), np.float64(54846.40008103242), np.float64(54880.832848889826), np.float64(54899.79749370148), np.float64(54721.86404774904), np.float64(54743.28725510367), np.float64(54818.575995911415), np.float64(54839.06687244455), np.float64(54812.313812179564), np.float64(54866.53913672829), np.float64(54829.174073233604), np.float64(54720.16612811912), np.float64(54722.314052198824), np.float64(54707.72779237166), np.float64(54558.10412276525)]","[np.float64(55049.46193345531), np.float64(55095.80845323086), np.float64(55091.07744280815), np.float64(54958.408773918156), np.float64(54952.87069396346), np.float64(55021.60468343496), np.float64(55009.98162838194), np.float64(55019.414572534566), np.float64(55033.21597118335), np.float64(54992.226909012796), np.float64(54906.11648480623), np.float64(54857.790517871385), np.float64(54857.790517871385), np.float64(54841.327745876966), np.float64(54813.67836750399), np.float64(54722.85926195554), np.float64(54749.839793405925), np.float64(54659.45284468275), np.float64(54669.95605795408), np.float64(54711.68164821387), np.float64(54701.576672083844), np.float64(54806.47905385733), np.float64(54553.01422531365), np.float64(54568.75886654914), np.float64(54696.998772381405), np.float64(54383.11671655602), np.float64(54369.566847021866), np.float64(54526.34348977386), np.float64(54268.62312071707)]","[np.float64(55095.80845323086), np.float64(55096.44371030569), np.float64(55091.07744280815), np.float64(54958.408773918156), np.float64(55144.116836972236), np.float64(55021.60468343496), np.float64(55019.414572534566), np.float64(55161.50727304697), np.float64(55053.27069685221), np.float64(54992.226909012796), np.float64(54916.829891283516), np.float64(54857.790517871385), np.float64(54943.94582600117), np.float64(54851.5359464407), np.float64(54813.68361341715), np.float64(54749.84394754172), np.float64(54880.832848889826), np.float64(54672.20814119578), np.float64(54721.86404774904), np.float64(54711.68164821387), np.float64(54806.47905385733), np.float64(54812.313812179564), np.float64(54578.51306690455), np.float64(54829.174073233604), np.float64(54698.468223791126), np.float64(54387.83846024513), np.float64(54696.218102796076), np.float64(54543.20034563303), np.float64(54304.69125469208)]"
345,"[np.float64(55051.38990837098), np.float64(55067.546789302825), np.float64(55018.35654047966), np.float64(55020.97174434662), np.float64(55018.628775115016), np.float64(55003.82147742748), np.float64(54998.81848992348), np.float64(54991.107321538926), np.float64(54978.617752785685), np.float64(54929.24476936102), np.float64(54897.8869193697), np.float64(54887.15502825975), np.float64(54909.49191872359), np.float64(54871.94813545704), np.float64(54827.98095407725), np.float64(54824.69186002731), np.float64(54784.37344693422), np.float64(54802.34930337429), np.float64(54786.54424128056), np.float64(54770.38195171356), np.float64(54689.67532837868), np.float64(54681.1086942029), np.float64(54647.3595835948), np.float64(54627.461601247785), np.float64(54593.16209762573), np.float64(54600.61403785467), np.float64(54541.29199886799), np.float64(54567.662314598565), np.float64(54525.21702012539)]","[np.float64(55072.29666024084), np.float64(55067.546789302825), np.float64(55040.148308778604), np.float64(55020.97174434662), np.float64(55028.1933257532), np.float64(55003.82147742748), np.float64(55008.250198886446), np.float64(54991.12117076994), np.float64(54988.79405446931), np.float64(54929.24476936102), np.float64(54923.253259160556), np.float64(54909.49191872359), np.float64(54927.284149964835), np.float64(54878.571334431945), np.float64(54841.50708010224), np.float64(54824.69186002731), np.float64(54832.35159905565), np.float64(54805.58111664238), np.float64(54846.915293179416), np.float64(54782.758275732784), np.float64(54689.68399516638), np.float64(54692.17085259203), np.float64(54647.3595835948), np.float64(54669.100916340285), np.float64(54603.81801175426), np.float64(54619.86668212526), np.float64(54580.64094075789), np.float64(54577.3344246512), np.float64(54533.11158462463)]","[np.float64(55051.38421427512), np.float64(55012.263800444925), np.float64(55006.08244880695), np.float64(55009.63328897123), np.float64(54983.40784990344), np.float64(54998.81848992348), np.float64(54949.6082239129), np.float64(54975.42865554264), np.float64(54915.89896691084), np.float64(54894.459352601625), np.float64(54887.147553642775), np.float64(54871.49903794608), np.float64(54867.8104655554), np.float64(54819.77761799506), np.float64(54824.69186002731), np.float64(54762.92724114729), np.float64(54782.85531621424), np.float64(54783.692456064724), np.float64(54759.31560387986), np.float64(54681.881024342474), np.float64(54659.544184602644), np.float64(54647.354124288075), np.float64(54617.69210375627), np.float64(54581.54061141615), np.float64(54589.88345065131), np.float64(54536.879719280245), np.float64(54531.98111715824), np.float64(54511.34190270269), np.float64(54486.52808232333)]","[np.float64(55067.546789302825), np.float64(55018.35654047966), np.float64(55020.97174434662), np.float64(55018.628775115016), np.float64(55003.82147742748), np.float64(54998.81848992348), np.float64(54991.107321538926), np.float64(54978.617752785685), np.float64(54929.24476936102), np.float64(54897.8869193697), np.float64(54887.15502825975), np.float64(54909.49191872359), np.float64(54871.94813545704), np.float64(54827.98095407725), np.float64(54824.69186002731), np.float64(54784.37344693422), np.float64(54802.34930337429), np.float64(54786.54424128056), np.float64(54770.38195171356), np.float64(54689.67532837868), np.float64(54681.1086942029), np.float64(54647.3595835948), np.float64(54627.461601247785), np.float64(54593.16209762573), np.float64(54600.61403785467), np.float64(54541.29199886799), np.float64(54567.662314598565), np.float64(54525.21702012539), np.float64(54501.84360337019)]"
346,"[np.float64(55094.1753029728), np.float64(55068.919037303924), np.float64(55056.28755626678), np.float64(55012.82067363739), np.float64(55019.469689102174), np.float64(54978.39483975172), np.float64(54999.646011099816), np.float64(54982.161825349336), np.float64(55011.795994832515), np.float64(54949.71155983687), np.float64(54927.98468615055), np.float64(54861.64481429339), np.float64(54883.92298243284), np.float64(54810.867646164894), np.float64(54770.03245086193), np.float64(54819.5084559083), np.float64(54770.96337999106), np.float64(54767.77679245472), np.float64(54771.16839301825), np.float64(54701.31625652313), np.float64(54648.37756599426), np.float64(54661.422678842544), np.float64(54536.02695011377), np.float64(54590.940951461795), np.float64(54554.25392175675), np.float64(54596.32138443232), np.float64(54589.45177392006), np.float64(54581.1339369607), np.float64(54570.28601774931)]","[np.float64(55094.1753029728), np.float64(55069.14379649131), np.float64(55093.14729924126), np.float64(55019.469689102174), np.float64(55019.48464049212), np.float64(55037.058161869), np.float64(54999.65490522867), np.float64(55011.80152490842), np.float64(55024.27357030742), np.float64(54976.465406099065), np.float64(54936.20468160101), np.float64(54883.92298243284), np.float64(54887.524424233794), np.float64(54820.22591389601), np.float64(54832.714066273074), np.float64(54825.66357558681), np.float64(54783.531844886464), np.float64(54784.83230890471), np.float64(54774.19611757316), np.float64(54722.57949811243), np.float64(54682.78781509117), np.float64(54661.94170309893), np.float64(54701.06881734564), np.float64(54590.940951461795), np.float64(54607.34585508304), np.float64(54596.33002197109), np.float64(54631.194707677496), np.float64(54581.1339369607), np.float64(54601.43221563547)]","[np.float64(55048.10880623534), np.float64(55056.28755626678), np.float64(55012.82067363739), np.float64(55003.51223448721), np.float64(54953.62249887922), np.float64(54978.39483975172), np.float64(54970.96261523058), np.float64(54978.505119841684), np.float64(54937.59593420834), np.float64(54909.106475072076), np.float64(54837.812659243995), np.float64(54857.87844126139), np.float64(54745.07735079399), np.float64(54764.579060509786), np.float64(54747.03357369781), np.float64(54743.64156503637), np.float64(54767.77679245472), np.float64(54723.727884868065), np.float64(54697.829105811405), np.float64(54621.2064688337), np.float64(54639.006470093176), np.float64(54462.80134331039), np.float64(54528.744647975655), np.float64(54531.42063837751), np.float64(54544.67095380215), np.float64(54563.92000024247), np.float64(54572.19014152852), np.float64(54570.27762617688), np.float64(54538.63502868484)]","[np.float64(55068.919037303924), np.float64(55056.28755626678), np.float64(55012.82067363739), np.float64(55019.469689102174), np.float64(54978.39483975172), np.float64(54999.646011099816), np.float64(54982.161825349336), np.float64(55011.795994832515), np.float64(54949.71155983687), np.float64(54927.98468615055), np.float64(54861.64481429339), np.float64(54883.92298243284), np.float64(54810.867646164894), np.float64(54770.03245086193), np.float64(54819.5084559083), np.float64(54770.96337999106), np.float64(54767.77679245472), np.float64(54771.16839301825), np.float64(54701.31625652313), np.float64(54648.37756599426), np.float64(54661.422678842544), np.float64(54536.02695011377), np.float64(54590.940951461795), np.float64(54554.25392175675), np.float64(54596.32138443232), np.float64(54589.45177392006), np.float64(54581.1339369607), np.float64(54570.28601774931), np.float64(54568.30285153151)]"
347,"[np.float64(54987.93811890126), np.float64(55041.465062890056), np.float64(54846.02531989574), np.float64(54899.57003511429), np.float64(54911.466714434624), np.float64(54901.94172162295), np.float64(54908.631173074245), np.float64(54930.69866199732), np.float64(54790.3915837431), np.float64(54794.054903833865), np.float64(54829.72137559891), np.float64(54908.133192310335), np.float64(54849.02608218193), np.float64(54792.151193041806), np.float64(54799.76423333168), np.float64(54738.76500234366), np.float64(54800.17644859553), np.float64(54736.711781423095), np.float64(54722.77372866869), np.float64(54789.68331009388), np.float64(54592.45343764544), np.float64(54617.62419536829), np.float64(54666.20970727206), np.float64(54676.52178527355), np.float64(54563.717487926486), np.float64(54480.47730535984), np.float64(54548.729387292864), np.float64(54582.827226090434), np.float64(54450.29828027487)]","[np.float64(55041.465062890056), np.float64(55041.465062890056), np.float64(54910.04019463034), np.float64(54911.466714434624), np.float64(54934.51618910859), np.float64(54915.52752831484), np.float64(54930.69866199732), np.float64(54933.28716235375), np.float64(54796.86884771834), np.float64(54862.38852983067), np.float64(54908.133192310335), np.float64(54920.917786095364), np.float64(54849.02608218193), np.float64(54809.97588393348), np.float64(54799.76423333168), np.float64(54826.674553434685), np.float64(54800.17644859553), np.float64(54754.949126135136), np.float64(54797.8100681019), np.float64(54789.68331009388), np.float64(54617.62419536829), np.float64(54668.93001838665), np.float64(54707.64693146531), np.float64(54686.53576833252), np.float64(54563.75224797049), np.float64(54548.729387292864), np.float64(54593.5927964722), np.float64(54582.827226090434), np.float64(54462.231200351125)]","[np.float64(54970.868939404514), np.float64(54846.02531989574), np.float64(54822.75962305627), np.float64(54897.15467880811), np.float64(54894.1106797385), np.float64(54899.92899743333), np.float64(54904.58331375892), np.float64(54790.3915837431), np.float64(54790.3915837431), np.float64(54780.472797127164), np.float64(54829.72137559891), np.float64(54849.01764299323), np.float64(54792.151193041806), np.float64(54774.96878576413), np.float64(54725.81107473698), np.float64(54737.68022712741), np.float64(54736.66762964604), np.float64(54696.21728170548), np.float64(54722.76528798711), np.float64(54575.666057461436), np.float64(54588.90027883298), np.float64(54617.62419536829), np.float64(54651.03735569169), np.float64(54563.717487926486), np.float64(54480.46822691014), np.float64(54452.34523675766), np.float64(54548.729387292864), np.float64(54424.81935669671), np.float64(54413.568734893735)]","[np.float64(55041.465062890056), np.float64(54846.02531989574), np.float64(54899.57003511429), np.float64(54911.466714434624), np.float64(54901.94172162295), np.float64(54908.631173074245), np.float64(54930.69866199732), np.float64(54790.3915837431), np.float64(54794.054903833865), np.float64(54829.72137559891), np.float64(54908.133192310335), np.float64(54849.02608218193), np.float64(54792.151193041806), np.float64(54799.76423333168), np.float64(54738.76500234366), np.float64(54800.17644859553), np.float64(54736.711781423095), np.float64(54722.77372866869), np.float64(54789.68331009388), np.float64(54592.45343764544), np.float64(54617.62419536829), np.float64(54666.20970727206), np.float64(54676.52178527355), np.float64(54563.717487926486), np.float64(54480.47730535984), np.float64(54548.729387292864), np.float64(54582.827226090434), np.float64(54450.29828027487), np.float64(54417.05346050501)]"
348,"[np.float64(55085.47718745232), np.float64(55100.411459288596), np.float64(55009.02303910733), np.float64(55065.9551052475), np.float64(55059.247367458345), np.float64(54983.03853935003), np.float64(55078.31808618307), np.float64(54964.908408031464), np.float64(55043.11057574272), np.float64(54909.27377043963), np.float64(54948.368544220924), np.float64(54895.19200252295), np.float64(54894.59421956301), np.float64(54837.88944487572), np.float64(54775.2977571702), np.float64(54791.59616405487), np.float64(54806.13135588408), np.float64(54728.218807706835), np.float64(54751.036937921046), np.float64(54782.66109880448), np.float64(54703.07882769346), np.float64(54629.497694823745), np.float64(54594.73459390402), np.float64(54604.840113554004), np.float64(54565.24040504933), np.float64(54627.89635249138), np.float64(54498.73299427986), np.float64(54398.57099524021), np.float64(54377.62270745993)]","[np.float64(55118.99331554989), np.float64(55124.47332801397), np.float64(55065.963803549465), np.float64(55065.96062451605), np.float64(55066.65412845039), np.float64(55078.31808618307), np.float64(55123.34807076369), np.float64(55043.122289696366), np.float64(55069.422411035914), np.float64(54948.368544220924), np.float64(54957.31277644132), np.float64(54895.19200252295), np.float64(54912.360958370395), np.float64(54837.88944487572), np.float64(54791.60490625013), np.float64(54806.13135588408), np.float64(54821.881430799716), np.float64(54751.036937921046), np.float64(54786.8956106904), np.float64(54782.672996313486), np.float64(54753.19009957006), np.float64(54666.89754710574), np.float64(54604.840113554004), np.float64(54639.08050677433), np.float64(54627.89635249138), np.float64(54665.16903565125), np.float64(54498.73299427986), np.float64(54460.26308036518), np.float64(54394.29669933766)]","[np.float64(55085.47718745232), np.float64(54968.852137088856), np.float64(55009.02303910733), np.float64(55047.23806576832), np.float64(54978.275065127316), np.float64(54946.37106304805), np.float64(54964.908408031464), np.float64(54961.14856234588), np.float64(54882.79710045658), np.float64(54902.131057608225), np.float64(54895.18354191088), np.float64(54882.88729042818), np.float64(54837.88944487572), np.float64(54753.88922494687), np.float64(54775.2977571702), np.float64(54714.6638259189), np.float64(54728.20692172036), np.float64(54719.63792497972), np.float64(54750.75804598143), np.float64(54685.288415045325), np.float64(54629.497694823745), np.float64(54594.20761822239), np.float64(54591.4454257499), np.float64(54533.32510387191), np.float64(54553.080151948874), np.float64(54498.73299427986), np.float64(54242.339947181135), np.float64(54377.61727735713), np.float64(54365.54645293704)]","[np.float64(55100.411459288596), np.float64(55009.02303910733), np.float64(55065.9551052475), np.float64(55059.247367458345), np.float64(54983.03853935003), np.float64(55078.31808618307), np.float64(54964.908408031464), np.float64(55043.11057574272), np.float64(54909.27377043963), np.float64(54948.368544220924), np.float64(54895.19200252295), np.float64(54894.59421956301), np.float64(54837.88944487572), np.float64(54775.2977571702), np.float64(54791.59616405487), np.float64(54806.13135588408), np.float64(54728.218807706835), np.float64(54751.036937921046), np.float64(54782.66109880448), np.float64(54703.07882769346), np.float64(54629.497694823745), np.float64(54594.73459390402), np.float64(54604.840113554004), np.float64(54565.24040504933), np.float64(54627.89635249138), np.float64(54498.73299427986), np.float64(54398.57099524021), np.float64(54377.62270745993), np.float64(54370.94227040053)]"
349,"[np.float64(55042.04365807295), np.float64(55035.64202327729), np.float64(55011.611199798586), np.float64(55032.3692839098), np.float64(55017.6243143034), np.float64(54978.249708042145), np.float64(55001.30530309439), np.float64(54989.127761077885), np.float64(54926.30015385866), np.float64(54945.35323013068), np.float64(54951.035516452794), np.float64(54887.16533042193), np.float64(54926.531952507496), np.float64(54873.74148433685), np.float64(54891.243054986), np.float64(54841.86504925728), np.float64(54843.898567292694), np.float64(54829.86985551119), np.float64(54832.17509307385), np.float64(54796.34301405191), np.float64(54798.02844778299), np.float64(54734.602671272754), np.float64(54763.913867971896), np.float64(54728.32440486908), np.float64(54655.96897174358), np.float64(54653.76958889723), np.float64(54606.3120349741), np.float64(54585.85464522123), np.float64(54513.10785871029)]","[np.float64(55042.04365807295), np.float64(55035.71709796693), np.float64(55032.398298541004), np.float64(55032.3692839098), np.float64(55022.47265761298), np.float64(55004.31278115055), np.float64(55013.221666641766), np.float64(54989.127761077885), np.float64(54978.31604626583), np.float64(54951.035516452794), np.float64(54985.420106031146), np.float64(54926.531952507496), np.float64(54947.2741471905), np.float64(54891.243054986), np.float64(54912.915252158695), np.float64(54843.898567292694), np.float64(54857.10199622027), np.float64(54832.17509307385), np.float64(54868.19247348361), np.float64(54800.285839118915), np.float64(54812.01652846658), np.float64(54769.371284564906), np.float64(54767.34066252425), np.float64(54734.44134045652), np.float64(54655.974460640595), np.float64(54699.529716518075), np.float64(54606.3120349741), np.float64(54618.142956886164), np.float64(54522.44048374183)]","[np.float64(55035.64202327729), np.float64(54983.25604189504), np.float64(55001.85793296408), np.float64(55016.61343462158), np.float64(54974.098779025495), np.float64(54960.269589552576), np.float64(54989.127761077885), np.float64(54926.29088862191), np.float64(54922.627874721446), np.float64(54913.6433314342), np.float64(54887.16533042193), np.float64(54872.38894365329), np.float64(54865.76633790779), np.float64(54867.16233348425), np.float64(54829.2400167384), np.float64(54836.87778883644), np.float64(54819.095183520345), np.float64(54827.7250085051), np.float64(54784.9176141413), np.float64(54788.320289129), np.float64(54734.602671272754), np.float64(54719.26489322924), np.float64(54712.16539873468), np.float64(54630.86943660807), np.float64(54633.74563393216), np.float64(54606.3120349741), np.float64(54518.72385706748), np.float64(54452.706931428496), np.float64(54509.028006791894)]","[np.float64(55035.64202327729), np.float64(55011.611199798586), np.float64(55032.3692839098), np.float64(55017.6243143034), np.float64(54978.249708042145), np.float64(55001.30530309439), np.float64(54989.127761077885), np.float64(54926.30015385866), np.float64(54945.35323013068), np.float64(54951.035516452794), np.float64(54887.16533042193), np.float64(54926.531952507496), np.float64(54873.74148433685), np.float64(54891.243054986), np.float64(54841.86504925728), np.float64(54843.898567292694), np.float64(54829.86985551119), np.float64(54832.17509307385), np.float64(54796.34301405191), np.float64(54798.02844778299), np.float64(54734.602671272754), np.float64(54763.913867971896), np.float64(54728.32440486908), np.float64(54655.96897174358), np.float64(54653.76958889723), np.float64(54606.3120349741), np.float64(54585.85464522123), np.float64(54513.10785871029), np.float64(54515.59879274607)]"
350,"[np.float64(55055.933419442175), np.float64(55060.304111742975), np.float64(55014.55195199013), np.float64(55038.60337979317), np.float64(55031.61078722), np.float64(55005.99098400355), np.float64(54980.65049815893), np.float64(54982.689424829485), np.float64(54888.916182882786), np.float64(54953.13380933285), np.float64(54985.364638791085), np.float64(54990.50812203169), np.float64(54940.85646512032), np.float64(54884.317684021), np.float64(54857.21707376957), np.float64(54897.31476303816), np.float64(54854.83624409199), np.float64(54880.27885011912), np.float64(54855.80426100492), np.float64(54887.391977989675), np.float64(54821.5485415721), np.float64(54801.81423482657), np.float64(54797.24883166075), np.float64(54782.12718924999), np.float64(54789.62355755329), np.float64(54764.74705533743), np.float64(54723.04647841215), np.float64(54722.907141668795), np.float64(54696.51145686388)]","[np.float64(55060.304111742975), np.float64(55060.304111742975), np.float64(55038.60337979317), np.float64(55070.54736785042), np.float64(55031.61078722), np.float64(55007.69527956676), np.float64(54996.41322227903), np.float64(54996.70265521937), np.float64(54961.60377499604), np.float64(54985.364638791085), np.float64(54990.51717614784), np.float64(54990.50812203169), np.float64(54940.86620816605), np.float64(54884.333756440064), np.float64(54921.06966019479), np.float64(54897.31476303816), np.float64(54891.92288987023), np.float64(54880.27885011912), np.float64(54895.24545782255), np.float64(54895.0730031866), np.float64(54821.5485415721), np.float64(54808.24380289393), np.float64(54807.33216097763), np.float64(54810.56824359806), np.float64(54789.62355755329), np.float64(54786.824001901005), np.float64(54728.48069892537), np.float64(54725.66784347842), np.float64(54701.23145349461)]","[np.float64(55055.933419442175), np.float64(54998.121554844394), np.float64(55014.55195199013), np.float64(55031.59772214688), np.float64(55004.28665874988), np.float64(54973.07066048754), np.float64(54980.65049815893), np.float64(54888.916182882786), np.float64(54868.25816897738), np.float64(54953.13380933285), np.float64(54985.364638791085), np.float64(54918.83477719571), np.float64(54862.29629491524), np.float64(54851.23344075208), np.float64(54854.66593047916), np.float64(54854.8307558924), np.float64(54841.754049414696), np.float64(54850.295847150745), np.float64(54843.262799331904), np.float64(54821.54063973275), np.float64(54798.19915178119), np.float64(54790.18066637478), np.float64(54774.914863951315), np.float64(54772.37887510523), np.float64(54760.71371263315), np.float64(54723.04647841215), np.float64(54700.898293729704), np.float64(54696.51145686388), np.float64(54633.07731491021)]","[np.float64(55060.304111742975), np.float64(55014.55195199013), np.float64(55038.60337979317), np.float64(55031.61078722), np.float64(55005.99098400355), np.float64(54980.65049815893), np.float64(54982.689424829485), np.float64(54888.916182882786), np.float64(54953.13380933285), np.float64(54985.364638791085), np.float64(54990.50812203169), np.float64(54940.85646512032), np.float64(54884.317684021), np.float64(54857.21707376957), np.float64(54897.31476303816), np.float64(54854.83624409199), np.float64(54880.27885011912), np.float64(54855.80426100492), np.float64(54887.391977989675), np.float64(54821.5485415721), np.float64(54801.81423482657), np.float64(54797.24883166075), np.float64(54782.12718924999), np.float64(54789.62355755329), np.float64(54764.74705533743), np.float64(54723.04647841215), np.float64(54722.907141668795), np.float64(54696.51145686388), np.float64(54648.36971059561)]"
351,"[np.float64(55098.351026854514), np.float64(55142.813871011735), np.float64(55101.358485546116), np.float64(55046.25840139389), np.float64(55032.551374626164), np.float64(55064.05899230004), np.float64(55052.985326960086), np.float64(55088.30075254917), np.float64(55031.939039862154), np.float64(55072.933403570656), np.float64(54993.500771365165), np.float64(54933.927488398556), np.float64(54915.59929801226), np.float64(54927.97567175866), np.float64(54953.305984218125), np.float64(54879.174715888505), np.float64(54929.3068398881), np.float64(54881.993902566435), np.float64(54845.573956415654), np.float64(54835.81536207676), np.float64(54844.69428054333), np.float64(54794.829626429084), np.float64(54785.7446647191), np.float64(54809.98835662365), np.float64(54704.81718878269), np.float64(54704.122050390244), np.float64(54675.79857348919), np.float64(54623.36507523775), np.float64(54558.92775517941)]","[np.float64(55142.813871011735), np.float64(55142.82249096651), np.float64(55140.649535827026), np.float64(55046.25840139389), np.float64(55068.590281092926), np.float64(55064.05899230004), np.float64(55148.843391246846), np.float64(55110.726605175885), np.float64(55072.94536475832), np.float64(55104.64927266447), np.float64(55008.42683031043), np.float64(54933.927488398556), np.float64(54936.966687100125), np.float64(54965.47565014151), np.float64(54986.70200650089), np.float64(54929.3068398881), np.float64(54957.61190429868), np.float64(54881.993902566435), np.float64(54885.447616876816), np.float64(54867.621018129284), np.float64(54844.6997840629), np.float64(54825.305266209325), np.float64(54809.98835662365), np.float64(54814.43451524384), np.float64(54708.09759362337), np.float64(54724.83422547833), np.float64(54690.842524759384), np.float64(54623.36507523775), np.float64(54609.012233809015)]","[np.float64(55098.345301731875), np.float64(55101.353247505984), np.float64(55029.06286237771), np.float64(55026.53636355068), np.float64(55010.82669357384), np.float64(55052.974572485065), np.float64(55041.53184281003), np.float64(55031.939039862154), np.float64(55026.43709443865), np.float64(54966.136453861676), np.float64(54933.92201439581), np.float64(54884.09193875289), np.float64(54895.27983610546), np.float64(54908.428435432535), np.float64(54868.53785405505), np.float64(54842.848251761134), np.float64(54881.98496862833), np.float64(54734.52529399045), np.float64(54828.218661452964), np.float64(54812.570941168575), np.float64(54781.57930734734), np.float64(54755.451135089745), np.float64(54771.301372148875), np.float64(54693.314118468414), np.float64(54700.72810466194), np.float64(54653.28677431075), np.float64(54559.74987082908), np.float64(54537.061893073944), np.float64(54488.17925220911)]","[np.float64(55142.813871011735), np.float64(55101.358485546116), np.float64(55046.25840139389), np.float64(55032.551374626164), np.float64(55064.05899230004), np.float64(55052.985326960086), np.float64(55088.30075254917), np.float64(55031.939039862154), np.float64(55072.933403570656), np.float64(54993.500771365165), np.float64(54933.927488398556), np.float64(54915.59929801226), np.float64(54927.97567175866), np.float64(54953.305984218125), np.float64(54879.174715888505), np.float64(54929.3068398881), np.float64(54881.993902566435), np.float64(54845.573956415654), np.float64(54835.81536207676), np.float64(54844.69428054333), np.float64(54794.829626429084), np.float64(54785.7446647191), np.float64(54809.98835662365), np.float64(54704.81718878269), np.float64(54704.122050390244), np.float64(54675.79857348919), np.float64(54623.36507523775), np.float64(54558.92775517941), np.float64(54510.097438147066)]"
352,"[np.float64(55055.33666669846), np.float64(55103.60023603439), np.float64(55074.3523976326), np.float64(55053.03696654797), np.float64(55031.87980242968), np.float64(55050.83668226242), np.float64(55013.718635847574), np.float64(54999.969627768995), np.float64(54946.93564224005), np.float64(54905.11581778765), np.float64(54854.57044830799), np.float64(54957.90757372856), np.float64(54987.8001987052), np.float64(54958.21509326935), np.float64(54849.673830628395), np.float64(54809.338032636646), np.float64(54777.08788662434), np.float64(54812.931040470605), np.float64(54758.31554427147), np.float64(54810.28505889416), np.float64(54763.81007368803), np.float64(54778.24881152392), np.float64(54734.746386435036), np.float64(54737.95937326193), np.float64(54668.10079791546), np.float64(54752.48374782086), np.float64(54662.00590999842), np.float64(54588.28775837183), np.float64(54565.866518955234)]","[np.float64(55118.73092929766), np.float64(55103.60023603439), np.float64(55084.62505344733), np.float64(55053.0459550954), np.float64(55060.99472915708), np.float64(55050.83668226242), np.float64(55108.02023416173), np.float64(54999.969627768995), np.float64(54952.81808812306), np.float64(54905.11581778765), np.float64(54974.03316459392), np.float64(54987.8001987052), np.float64(54987.81188086843), np.float64(54958.22389332771), np.float64(54880.3566051427), np.float64(54809.338032636646), np.float64(54831.049845989255), np.float64(54812.931040470605), np.float64(54834.64425151437), np.float64(54844.64609079555), np.float64(54778.24881152392), np.float64(54778.26292315733), np.float64(54742.65408425389), np.float64(54737.96784366392), np.float64(54754.33429095093), np.float64(54758.868301875125), np.float64(54673.49746054915), np.float64(54588.28775837183), np.float64(54576.065856331326)]","[np.float64(55055.33666669846), np.float64(55070.542516421454), np.float64(55053.03696654797), np.float64(55002.342633162174), np.float64(55025.351122560816), np.float64(55013.718635847574), np.float64(54978.162702881775), np.float64(54943.70143165266), np.float64(54897.77238785222), np.float64(54854.57044830799), np.float64(54834.54158901287), np.float64(54919.74738045665), np.float64(54930.61285145081), np.float64(54846.20995774372), np.float64(54808.03125539221), np.float64(54776.7822768007), np.float64(54777.079461018046), np.float64(54754.055447642546), np.float64(54735.45481784638), np.float64(54753.0305372782), np.float64(54737.47754952035), np.float64(54721.82271089991), np.float64(54713.445604683126), np.float64(54668.09555053303), np.float64(54668.10079791546), np.float64(54662.00025864111), np.float64(54586.86567221436), np.float64(54552.168451199264), np.float64(54497.57101743037)]","[np.float64(55103.60023603439), np.float64(55074.3523976326), np.float64(55053.03696654797), np.float64(55031.87980242968), np.float64(55050.83668226242), np.float64(55013.718635847574), np.float64(54999.969627768995), np.float64(54946.93564224005), np.float64(54905.11581778765), np.float64(54854.57044830799), np.float64(54957.90757372856), np.float64(54987.8001987052), np.float64(54958.21509326935), np.float64(54849.673830628395), np.float64(54809.338032636646), np.float64(54777.08788662434), np.float64(54812.931040470605), np.float64(54758.31554427147), np.float64(54810.28505889416), np.float64(54763.81007368803), np.float64(54778.24881152392), np.float64(54734.746386435036), np.float64(54737.95937326193), np.float64(54668.10079791546), np.float64(54752.48374782086), np.float64(54662.00590999842), np.float64(54588.28775837183), np.float64(54565.866518955234), np.float64(54533.66736864567)]"
353,"[np.float64(55176.19983040333), np.float64(55136.06853033066), np.float64(55128.220085635185), np.float64(55097.752471232416), np.float64(55109.89872043133), np.float64(55078.80228780508), np.float64(54999.68129600525), np.float64(54994.36744075776), np.float64(55107.63932749033), np.float64(55112.44966456175), np.float64(55066.713086829186), np.float64(54986.134339082244), np.float64(54964.53250788927), np.float64(54953.99017656327), np.float64(54895.94019705057), np.float64(54806.63899492502), np.float64(54828.07882461786), np.float64(54930.86542824745), np.float64(54731.06748432398), np.float64(54699.88631641388), np.float64(54840.884669749736), np.float64(54731.97394581795), np.float64(54784.060132427214), np.float64(54600.35854423285), np.float64(54773.13365922928), np.float64(54753.40604888916), np.float64(54409.87942110062), np.float64(54600.07523477316), np.float64(54427.973237297534)]","[np.float64(55182.68828783062), np.float64(55161.025409589856), np.float64(55156.92036569021), np.float64(55109.89872043133), np.float64(55109.9104183084), np.float64(55078.80228780508), np.float64(54999.68129600525), np.float64(55152.0872013817), np.float64(55112.44966456175), np.float64(55112.45752167363), np.float64(55070.82507442988), np.float64(54986.134339082244), np.float64(54977.47761191405), np.float64(54985.763806428324), np.float64(54895.94019705057), np.float64(54836.3061858259), np.float64(54934.18573823033), np.float64(54934.87039191279), np.float64(54731.07578094294), np.float64(54861.54534125079), np.float64(54851.08524981249), np.float64(54814.41680959715), np.float64(54784.060132427214), np.float64(54773.14852047787), np.float64(54773.13365922928), np.float64(54782.29399785286), np.float64(54607.25633377507), np.float64(54642.80258521818), np.float64(54439.125011625045)]","[np.float64(55069.52770103049), np.float64(55128.21211099919), np.float64(55097.752471232416), np.float64(55097.752471232416), np.float64(55068.95076519579), np.float64(54997.417770424225), np.float64(54994.36744075776), np.float64(54974.2898195848), np.float64(55107.62973201318), np.float64(55066.713086829186), np.float64(54986.12889889665), np.float64(54964.53250788927), np.float64(54935.520746619186), np.float64(54891.661659300444), np.float64(54806.63899492502), np.float64(54798.554350916354), np.float64(54828.06569130652), np.float64(54731.04560251673), np.float64(54690.30786157613), np.float64(54697.020839761055), np.float64(54731.966536319575), np.float64(54724.854272202356), np.float64(54588.887870260485), np.float64(54593.96830396066), np.float64(54729.44116940854), np.float64(54409.87942110062), np.float64(54382.58774025633), np.float64(54408.014197263765), np.float64(54307.90197444134)]","[np.float64(55136.06853033066), np.float64(55128.220085635185), np.float64(55097.752471232416), np.float64(55109.89872043133), np.float64(55078.80228780508), np.float64(54999.68129600525), np.float64(54994.36744075776), np.float64(55107.63932749033), np.float64(55112.44966456175), np.float64(55066.713086829186), np.float64(54986.134339082244), np.float64(54964.53250788927), np.float64(54953.99017656327), np.float64(54895.94019705057), np.float64(54806.63899492502), np.float64(54828.07882461786), np.float64(54930.86542824745), np.float64(54731.06748432398), np.float64(54699.88631641388), np.float64(54840.884669749736), np.float64(54731.97394581795), np.float64(54784.060132427214), np.float64(54600.35854423285), np.float64(54773.13365922928), np.float64(54753.40604888916), np.float64(54409.87942110062), np.float64(54600.07523477316), np.float64(54427.973237297534), np.float64(54342.693999283314)]"
354,"[np.float64(55098.875149354935), np.float64(55100.789548640256), np.float64(55102.817786817555), np.float64(55023.308017172814), np.float64(54997.279218118194), np.float64(55041.995624241834), np.float64(55001.04633249283), np.float64(54954.54765231371), np.float64(54982.813179552555), np.float64(54918.00820108176), np.float64(54943.32769627094), np.float64(54912.8967833209), np.float64(54874.79887250662), np.float64(54853.28628379345), np.float64(54808.53266110897), np.float64(54815.04916501284), np.float64(54812.35901291609), np.float64(54814.25898917437), np.float64(54796.43959682226), np.float64(54769.42101753712), np.float64(54747.48629772902), np.float64(54716.181375095846), np.float64(54728.41223080159), np.float64(54671.344433674814), np.float64(54713.284278316496), np.float64(54665.18103637934), np.float64(54619.11401679516), np.float64(54602.17236865997), np.float64(54596.57056797981)]","[np.float64(55102.49437506347), np.float64(55102.817786817555), np.float64(55125.009626458006), np.float64(55023.308017172814), np.float64(55053.4861849809), np.float64(55052.66145129266), np.float64(55018.20884209656), np.float64(54986.626452320306), np.float64(55006.18160590883), np.float64(54943.32769627094), np.float64(54957.350538314626), np.float64(54933.39667257556), np.float64(54919.986966139455), np.float64(54853.29917311511), np.float64(54906.098560931714), np.float64(54815.52160875438), np.float64(54832.109149560434), np.float64(54836.564120639545), np.float64(54818.188092786055), np.float64(54779.11188673741), np.float64(54759.98044425421), np.float64(54741.32963815022), np.float64(54742.580622843474), np.float64(54717.954974125605), np.float64(54734.99918203474), np.float64(54665.18103637934), np.float64(54681.14586333046), np.float64(54602.17236865997), np.float64(54633.09886650603)]","[np.float64(55090.069950759986), np.float64(55096.33243531367), np.float64(55010.966317555976), np.float64(54992.06207831316), np.float64(54979.16944480101), np.float64(54998.320119003285), np.float64(54918.50040889356), np.float64(54953.38767021945), np.float64(54881.26772343094), np.float64(54918.00820108176), np.float64(54906.023151501955), np.float64(54863.23978664042), np.float64(54840.855848667205), np.float64(54787.58206263543), np.float64(54808.52415752402), np.float64(54755.040037081606), np.float64(54812.34631036512), np.float64(54774.68415251461), np.float64(54769.415140679164), np.float64(54709.900932620716), np.float64(54716.17225297334), np.float64(54682.48804317951), np.float64(54667.85157031265), np.float64(54641.27056268583), np.float64(54665.169223541634), np.float64(54583.04346781871), np.float64(54594.4074535258), np.float64(54584.4704784602), np.float64(54561.68305419273)]","[np.float64(55100.789548640256), np.float64(55102.817786817555), np.float64(55023.308017172814), np.float64(54997.279218118194), np.float64(55041.995624241834), np.float64(55001.04633249283), np.float64(54954.54765231371), np.float64(54982.813179552555), np.float64(54918.00820108176), np.float64(54943.32769627094), np.float64(54912.8967833209), np.float64(54874.79887250662), np.float64(54853.28628379345), np.float64(54808.53266110897), np.float64(54815.04916501284), np.float64(54812.35901291609), np.float64(54814.25898917437), np.float64(54796.43959682226), np.float64(54769.42101753712), np.float64(54747.48629772902), np.float64(54716.181375095846), np.float64(54728.41223080159), np.float64(54671.344433674814), np.float64(54713.284278316496), np.float64(54665.18103637934), np.float64(54619.11401679516), np.float64(54602.17236865997), np.float64(54596.57056797981), np.float64(54581.4666967988)]"
355,"[np.float64(55034.592748060226), np.float64(55051.44167673588), np.float64(55063.68850079298), np.float64(55025.30998483658), np.float64(55000.501863222125), np.float64(54963.76087594271), np.float64(54959.32643901349), np.float64(54930.598473470214), np.float64(54916.599766736035), np.float64(54911.26852658987), np.float64(54949.66713176251), np.float64(54910.80570195436), np.float64(54856.608087208275), np.float64(54787.19173217297), np.float64(54711.80205473423), np.float64(54757.66328862905), np.float64(54762.52590917349), np.float64(54732.22892433166), np.float64(54700.38777415753), np.float64(54725.6535693264), np.float64(54674.53539963007), np.float64(54618.10826821328), np.float64(54606.6338487649), np.float64(54575.89361339569), np.float64(54597.34760856152), np.float64(54643.56555482149), np.float64(54561.39151726246), np.float64(54553.192283945085), np.float64(54537.89949686528)]","[np.float64(55051.44167673588), np.float64(55063.68850079298), np.float64(55063.68850079298), np.float64(55025.30998483658), np.float64(55114.685275742624), np.float64(54963.76087594271), np.float64(54961.35969338492), np.float64(54939.62522926104), np.float64(54922.79486962478), np.float64(54972.43161294859), np.float64(54949.66713176251), np.float64(55050.16958029626), np.float64(54868.67753843035), np.float64(54787.20038223544), np.float64(54768.808243385596), np.float64(54762.52590917349), np.float64(54772.296446232926), np.float64(54732.22892433166), np.float64(54741.91964364644), np.float64(54737.33996989907), np.float64(54674.53539963007), np.float64(54681.826201098906), np.float64(54606.6338487649), np.float64(54614.689672087174), np.float64(54681.03839404753), np.float64(54643.595262438925), np.float64(54587.375828211145), np.float64(54567.08599213035), np.float64(54537.9082251068)]","[np.float64(55034.592748060226), np.float64(55051.42669903637), np.float64(55025.291449845914), np.float64(55000.49331766257), np.float64(54963.76087594271), np.float64(54936.93082600819), np.float64(54923.02794512954), np.float64(54915.952618871226), np.float64(54898.66288584243), np.float64(54911.26852658987), np.float64(54910.80570195436), np.float64(54856.48030896611), np.float64(54787.19173217297), np.float64(54709.39741403671), np.float64(54711.80205473423), np.float64(54735.836060800524), np.float64(54704.9522769439), np.float64(54700.38777415753), np.float64(54674.40574244099), np.float64(54674.511329133515), np.float64(54608.70577838845), np.float64(54606.6338487649), np.float64(54552.92443443177), np.float64(54562.2134568069), np.float64(54597.33848349196), np.float64(54554.62220474039), np.float64(54529.37165971982), np.float64(54537.89949686528), np.float64(54504.862038552994)]","[np.float64(55051.44167673588), np.float64(55063.68850079298), np.float64(55025.30998483658), np.float64(55000.501863222125), np.float64(54963.76087594271), np.float64(54959.32643901349), np.float64(54930.598473470214), np.float64(54916.599766736035), np.float64(54911.26852658987), np.float64(54949.66713176251), np.float64(54910.80570195436), np.float64(54856.608087208275), np.float64(54787.19173217297), np.float64(54711.80205473423), np.float64(54757.66328862905), np.float64(54762.52590917349), np.float64(54732.22892433166), np.float64(54700.38777415753), np.float64(54725.6535693264), np.float64(54674.53539963007), np.float64(54618.10826821328), np.float64(54606.6338487649), np.float64(54575.89361339569), np.float64(54597.34760856152), np.float64(54643.56555482149), np.float64(54561.39151726246), np.float64(54553.192283945085), np.float64(54537.89949686528), np.float64(54514.63528302908)]"
356,"[np.float64(55040.20433579445), np.float64(55009.6138681078), np.float64(54934.310986385346), np.float64(55024.98469406605), np.float64(54969.95608116389), np.float64(54963.45335640192), np.float64(54933.467110526566), np.float64(54919.438398745064), np.float64(54971.587170989515), np.float64(54920.442344448566), np.float64(54873.559651174546), np.float64(54862.56183550358), np.float64(54902.452322535515), np.float64(54950.6553666687), np.float64(54753.91961167336), np.float64(54771.76681986332), np.float64(54755.886423208714), np.float64(54754.476701092724), np.float64(54674.89855084658), np.float64(54810.55149856329), np.float64(54621.60392061472), np.float64(54678.54925078869), np.float64(54753.197816436295), np.float64(54461.656285290715), np.float64(54704.584359917644), np.float64(54608.36976309061), np.float64(54400.23994551182), np.float64(54559.75231448412), np.float64(54379.08715981245)]","[np.float64(55040.20433579445), np.float64(55015.03521687528), np.float64(55024.98469406605), np.float64(55024.98469406605), np.float64(55019.48468711625), np.float64(54963.45335640192), np.float64(54933.467110526566), np.float64(54975.46149859693), np.float64(54971.587170989515), np.float64(54920.442344448566), np.float64(54881.32491616243), np.float64(54902.452322535515), np.float64(55043.39680338449), np.float64(54950.70792494361), np.float64(54804.97370947962), np.float64(54771.76681986332), np.float64(54755.886423208714), np.float64(54772.1887300058), np.float64(54819.691044096784), np.float64(54810.55149856329), np.float64(54678.55831839308), np.float64(54777.53707400049), np.float64(54753.197816436295), np.float64(54725.19381181122), np.float64(54704.584359917644), np.float64(54615.45702566033), np.float64(54671.36123351354), np.float64(54567.2063362778), np.float64(54381.76251780299)]","[np.float64(54986.34725664459), np.float64(54934.310986385346), np.float64(54934.310986385346), np.float64(54957.73360118294), np.float64(54963.44139078908), np.float64(54933.467110526566), np.float64(54884.2781013688), np.float64(54919.438398745064), np.float64(54895.867841775), np.float64(54873.55097235553), np.float64(54862.56183550358), np.float64(54862.55334485088), np.float64(54902.452322535515), np.float64(54753.91961167336), np.float64(54753.91961167336), np.float64(54635.11661829155), np.float64(54754.46741708562), np.float64(54664.53140248254), np.float64(54664.04708044353), np.float64(54621.54578171125), np.float64(54614.22098378612), np.float64(54670.1459278751), np.float64(54459.60552440927), np.float64(54459.595768280895), np.float64(54581.995368158714), np.float64(54395.10638626765), np.float64(54380.78757389389), np.float64(54379.08715981245), np.float64(54227.165271724996)]","[np.float64(55009.6138681078), np.float64(54934.310986385346), np.float64(55024.98469406605), np.float64(54969.95608116389), np.float64(54963.45335640192), np.float64(54933.467110526566), np.float64(54919.438398745064), np.float64(54971.587170989515), np.float64(54920.442344448566), np.float64(54873.559651174546), np.float64(54862.56183550358), np.float64(54902.452322535515), np.float64(54950.6553666687), np.float64(54753.91961167336), np.float64(54771.76681986332), np.float64(54755.886423208714), np.float64(54754.476701092724), np.float64(54674.89855084658), np.float64(54810.55149856329), np.float64(54621.60392061472), np.float64(54678.54925078869), np.float64(54753.197816436295), np.float64(54461.656285290715), np.float64(54704.584359917644), np.float64(54608.36976309061), np.float64(54400.23994551182), np.float64(54559.75231448412), np.float64(54379.08715981245), np.float64(54256.652014937405)]"
357,"[np.float64(55179.872164886), np.float64(55144.79806744576), np.float64(55136.047668452265), np.float64(55118.53115966797), np.float64(55133.312315619), np.float64(55159.12992034912), np.float64(54913.53603248358), np.float64(55056.59971178055), np.float64(54958.03287377596), np.float64(54997.935208294395), np.float64(54977.190903325085), np.float64(54964.556331639295), np.float64(54944.47497080565), np.float64(55034.06682268143), np.float64(54927.09419300795), np.float64(54897.53857751131), np.float64(54786.103179962636), np.float64(54884.07300766945), np.float64(54739.71099838495), np.float64(54767.96867022514), np.float64(54687.628546309475), np.float64(54654.9679879117), np.float64(54692.03362207651), np.float64(54644.23210471392), np.float64(54667.35878468514), np.float64(54625.02681399584), np.float64(54443.43021508694), np.float64(54522.03378079176), np.float64(54476.01608280897)]","[np.float64(55179.872164886), np.float64(55165.71661064799), np.float64(55136.047668452265), np.float64(55241.420291531795), np.float64(55159.12992034912), np.float64(55185.96579332339), np.float64(55056.60540809604), np.float64(55145.58489111233), np.float64(54997.935208294395), np.float64(55024.2230824069), np.float64(55000.33345508399), np.float64(54974.08436159145), np.float64(55060.00928304771), np.float64(55079.04834837358), np.float64(54927.09419300795), np.float64(54903.91540575191), np.float64(54995.229685794446), np.float64(54923.22704765745), np.float64(54772.37924729837), np.float64(54767.978480715545), np.float64(54699.808572680464), np.float64(54718.066678976946), np.float64(54692.03362207651), np.float64(54766.64141962462), np.float64(54667.35878468514), np.float64(54676.235953255906), np.float64(54531.830370749936), np.float64(54599.87212049388), np.float64(54484.562765137984)]","[np.float64(55126.05260701085), np.float64(55128.71448015873), np.float64(55071.08241209675), np.float64(55118.53115966797), np.float64(55095.48231370938), np.float64(54909.059265944634), np.float64(54878.4642229181), np.float64(54958.02370949976), np.float64(54941.121421909855), np.float64(54966.18942749206), np.float64(54959.25408751962), np.float64(54944.47497080565), np.float64(54702.18777387556), np.float64(54921.85567934615), np.float64(54859.188811649685), np.float64(54784.53568271661), np.float64(54773.49025595162), np.float64(54718.88539570657), np.float64(54709.955408436705), np.float64(54675.457418623046), np.float64(54613.522924770165), np.float64(54639.082994880635), np.float64(54628.96634379614), np.float64(54624.29810753731), np.float64(54588.1227949369), np.float64(54411.982455171186), np.float64(54388.691829971234), np.float64(54442.81988315533), np.float64(54418.08753904627)]","[np.float64(55144.79806744576), np.float64(55136.047668452265), np.float64(55118.53115966797), np.float64(55133.312315619), np.float64(55159.12992034912), np.float64(54913.53603248358), np.float64(55056.59971178055), np.float64(54958.03287377596), np.float64(54997.935208294395), np.float64(54977.190903325085), np.float64(54964.556331639295), np.float64(54944.47497080565), np.float64(55034.06682268143), np.float64(54927.09419300795), np.float64(54897.53857751131), np.float64(54786.103179962636), np.float64(54884.07300766945), np.float64(54739.71099838495), np.float64(54767.96867022514), np.float64(54687.628546309475), np.float64(54654.9679879117), np.float64(54692.03362207651), np.float64(54644.23210471392), np.float64(54667.35878468514), np.float64(54625.02681399584), np.float64(54443.43021508694), np.float64(54522.03378079176), np.float64(54476.01608280897), np.float64(54429.39596589327)]"
358,"[np.float64(55107.030598483085), np.float64(55096.43688512326), np.float64(55085.86905594588), np.float64(55078.27108256817), np.float64(55083.13164268017), np.float64(55034.06785289764), np.float64(54985.10244876385), np.float64(55043.716342878346), np.float64(54993.93178807497), np.float64(55003.65857448817), np.float64(55002.087108426094), np.float64(55035.51826855421), np.float64(54904.122431800366), np.float64(54930.96690454483), np.float64(54900.02075470924), np.float64(54901.4853358388), np.float64(54815.705670297146), np.float64(54857.650408465866), np.float64(54823.46203941822), np.float64(54827.957001550196), np.float64(54806.96892166853), np.float64(54761.875585186484), np.float64(54798.76994590521), np.float64(54744.96226799727), np.float64(54797.99277654648), np.float64(54734.169336576466), np.float64(54606.09234136582), np.float64(54573.47247650862), np.float64(54542.71743178129)]","[np.float64(55107.030598483085), np.float64(55174.30660825188), np.float64(55086.45203922662), np.float64(55123.726465360545), np.float64(55083.13164268017), np.float64(55045.79047753448), np.float64(55071.942917174165), np.float64(55062.54256880969), np.float64(55008.25131053859), np.float64(55016.432831579), np.float64(55049.29277378152), np.float64(55035.52697391201), np.float64(54930.96690454483), np.float64(54955.35171390581), np.float64(54914.732348565725), np.float64(54906.71241875652), np.float64(54880.36113911584), np.float64(54857.650408465866), np.float64(54859.79595506673), np.float64(54840.160500647755), np.float64(54844.41964514969), np.float64(54798.78184081788), np.float64(54798.76994590521), np.float64(54818.5499679872), np.float64(54797.99277654648), np.float64(54748.96693023358), np.float64(54640.72228420026), np.float64(54595.04846136081), np.float64(54570.84796863897)]","[np.float64(55096.43125691784), np.float64(55050.121379164826), np.float64(55078.25907490193), np.float64(55074.878522550265), np.float64(55021.91849022572), np.float64(54963.06241026418), np.float64(54985.09401890096), np.float64(54993.917714760784), np.float64(54959.49222736263), np.float64(55000.37459602287), np.float64(55002.087108426094), np.float64(54886.34924254941), np.float64(54890.94787399632), np.float64(54889.87481727307), np.float64(54874.341088088186), np.float64(54815.699126937194), np.float64(54793.14676436879), np.float64(54800.09919286805), np.float64(54796.7802184991), np.float64(54805.150562856004), np.float64(54735.57680218271), np.float64(54719.91748126267), np.float64(54728.157539944885), np.float64(54725.75035964952), np.float64(54707.78377199563), np.float64(54599.18408091599), np.float64(54560.109696516476), np.float64(54498.650478262854), np.float64(54478.983848627206)]","[np.float64(55096.43688512326), np.float64(55085.86905594588), np.float64(55078.27108256817), np.float64(55083.13164268017), np.float64(55034.06785289764), np.float64(54985.10244876385), np.float64(55043.716342878346), np.float64(54993.93178807497), np.float64(55003.65857448817), np.float64(55002.087108426094), np.float64(55035.51826855421), np.float64(54904.122431800366), np.float64(54930.96690454483), np.float64(54900.02075470924), np.float64(54901.4853358388), np.float64(54815.705670297146), np.float64(54857.650408465866), np.float64(54823.46203941822), np.float64(54827.957001550196), np.float64(54806.96892166853), np.float64(54761.875585186484), np.float64(54798.76994590521), np.float64(54744.96226799727), np.float64(54797.99277654648), np.float64(54734.169336576466), np.float64(54606.09234136582), np.float64(54573.47247650862), np.float64(54542.71743178129), np.float64(54509.316534254554)]"
359,"[np.float64(54995.766088049415), np.float64(55030.132942056654), np.float64(54990.22275213957), np.float64(54969.25179960251), np.float64(54946.689034233095), np.float64(54941.12908608675), np.float64(54888.373516490465), np.float64(54866.04667063475), np.float64(54836.376572361), np.float64(54825.08965226412), np.float64(54823.21427241802), np.float64(54826.464218251705), np.float64(54821.515445876124), np.float64(54827.89016627312), np.float64(54781.31331843853), np.float64(54789.78375617504), np.float64(54770.49823736906), np.float64(54728.83397556544), np.float64(54637.41336112738), np.float64(54625.98015032768), np.float64(54532.47193150282), np.float64(54459.16947211981), np.float64(54549.88258557081), np.float64(54478.33973548651), np.float64(54496.82554895401), np.float64(54474.83403847695), np.float64(54417.96739106655), np.float64(54414.684864645), np.float64(54405.49932807684)]","[np.float64(55030.132942056654), np.float64(55061.84524174436), np.float64(54990.23099748613), np.float64(54971.83804618475), np.float64(54948.01578373364), np.float64(54941.12908608675), np.float64(54906.53613134067), np.float64(54874.38726358776), np.float64(54850.25659958999), np.float64(54865.23745996479), np.float64(54826.464218251705), np.float64(54826.47905553943), np.float64(54827.89016627312), np.float64(54830.14091176688), np.float64(54789.78375617504), np.float64(54801.943670982706), np.float64(54770.49823736906), np.float64(54736.88813831452), np.float64(54637.424951068635), np.float64(54634.31849283409), np.float64(54552.65648683073), np.float64(54573.56651030777), np.float64(54558.90370680165), np.float64(54496.83860341107), np.float64(54496.83914677757), np.float64(54487.654339452725), np.float64(54417.96739106655), np.float64(54433.10659967926), np.float64(54432.86582198606)]","[np.float64(54995.766088049415), np.float64(54980.74743403049), np.float64(54969.25179960251), np.float64(54931.03574754621), np.float64(54922.381742659185), np.float64(54874.47504904193), np.float64(54866.04667063475), np.float64(54821.9377397059), np.float64(54797.745282200995), np.float64(54823.21427241802), np.float64(54817.50175618259), np.float64(54821.50224618898), np.float64(54818.01317131402), np.float64(54763.745620124886), np.float64(54762.59047848239), np.float64(54755.64014462798), np.float64(54728.825509834816), np.float64(54618.50766769734), np.float64(54625.189410094565), np.float64(54498.29475913717), np.float64(54454.116251484826), np.float64(54459.15834460037), np.float64(54478.324409638946), np.float64(54384.96636583459), np.float64(54471.09532613195), np.float64(54406.62179030392), np.float64(54376.02978904573), np.float64(54405.49932807684), np.float64(54383.92404689281)]","[np.float64(55030.132942056654), np.float64(54990.22275213957), np.float64(54969.25179960251), np.float64(54946.689034233095), np.float64(54941.12908608675), np.float64(54888.373516490465), np.float64(54866.04667063475), np.float64(54836.376572361), np.float64(54825.08965226412), np.float64(54823.21427241802), np.float64(54826.464218251705), np.float64(54821.515445876124), np.float64(54827.89016627312), np.float64(54781.31331843853), np.float64(54789.78375617504), np.float64(54770.49823736906), np.float64(54728.83397556544), np.float64(54637.41336112738), np.float64(54625.98015032768), np.float64(54532.47193150282), np.float64(54459.16947211981), np.float64(54549.88258557081), np.float64(54478.33973548651), np.float64(54496.82554895401), np.float64(54474.83403847695), np.float64(54417.96739106655), np.float64(54414.684864645), np.float64(54405.49932807684), np.float64(54408.83323653221)]"
360,"[np.float64(55135.29380773545), np.float64(55190.58731498242), np.float64(55093.55099194527), np.float64(55079.40225997448), np.float64(55076.088311958316), np.float64(55054.78163771152), np.float64(54995.35837998152), np.float64(54997.978734929566), np.float64(54939.587625072), np.float64(54952.22889316321), np.float64(54902.71786076546), np.float64(54953.20746979237), np.float64(54947.93289153815), np.float64(54931.53764432907), np.float64(54879.536708111766), np.float64(54907.62761370182), np.float64(54852.32702371836), np.float64(54885.547247076036), np.float64(54832.69419327021), np.float64(54817.57177819729), np.float64(54674.87292421818), np.float64(54704.00962804556), np.float64(54664.07355394602), np.float64(54736.57051302433), np.float64(54624.38537562371), np.float64(54648.0848558116), np.float64(54591.62475747585), np.float64(54560.499736349586), np.float64(54515.16816236734)]","[np.float64(55226.82248502916), np.float64(55208.90461715766), np.float64(55135.07322016327), np.float64(55079.40225997448), np.float64(55089.02751336233), np.float64(55081.98243303652), np.float64(55028.710373514936), np.float64(55000.2091523281), np.float64(54952.22889316321), np.float64(54952.237203865836), np.float64(54988.037292429144), np.float64(54955.54725650911), np.float64(54954.568628757595), np.float64(54944.045145905584), np.float64(54918.20553093013), np.float64(54907.62761370182), np.float64(54915.56105570429), np.float64(54895.25676214575), np.float64(54854.84561566319), np.float64(54855.333532222365), np.float64(54704.00962804556), np.float64(54707.808333283676), np.float64(54736.57051302433), np.float64(54741.18122947525), np.float64(54723.848774800885), np.float64(54648.09662172961), np.float64(54602.011296593155), np.float64(54560.50868678361), np.float64(54539.790937056234)]","[np.float64(55135.29380773545), np.float64(55078.049356362906), np.float64(55071.445865180125), np.float64(55076.088311958316), np.float64(55027.92257615786), np.float64(54995.35837998152), np.float64(54982.375864653004), np.float64(54921.348075051224), np.float64(54930.321304724835), np.float64(54892.93002695943), np.float64(54902.7093741591), np.float64(54911.31074382075), np.float64(54931.53764432907), np.float64(54878.559790302505), np.float64(54869.63741462272), np.float64(54844.8374333892), np.float64(54814.088820756544), np.float64(54832.69419327021), np.float64(54792.34040029099), np.float64(54656.59656028582), np.float64(54658.46081947875), np.float64(54642.678857570274), np.float64(54658.99149708415), np.float64(54608.26198661253), np.float64(54612.75878785485), np.float64(54591.61880953729), np.float64(54546.156738472346), np.float64(54395.95790955861), np.float64(54514.864371797164)]","[np.float64(55190.58731498242), np.float64(55093.55099194527), np.float64(55079.40225997448), np.float64(55076.088311958316), np.float64(55054.78163771152), np.float64(54995.35837998152), np.float64(54997.978734929566), np.float64(54939.587625072), np.float64(54952.22889316321), np.float64(54902.71786076546), np.float64(54953.20746979237), np.float64(54947.93289153815), np.float64(54931.53764432907), np.float64(54879.536708111766), np.float64(54907.62761370182), np.float64(54852.32702371836), np.float64(54885.547247076036), np.float64(54832.69419327021), np.float64(54817.57177819729), np.float64(54674.87292421818), np.float64(54704.00962804556), np.float64(54664.07355394602), np.float64(54736.57051302433), np.float64(54624.38537562371), np.float64(54648.0848558116), np.float64(54591.62475747585), np.float64(54560.499736349586), np.float64(54515.16816236734), np.float64(54525.52260801077)]"
361,"[np.float64(55149.18395543576), np.float64(55110.28247597218), np.float64(55165.974676895145), np.float64(55109.77071606636), np.float64(55047.108587327006), np.float64(54956.452779653075), np.float64(55017.010562992094), np.float64(54975.296722033025), np.float64(54986.34437441349), np.float64(54896.826182997225), np.float64(54909.63679287911), np.float64(54985.014751608374), np.float64(54940.70231901884), np.float64(54916.17274211407), np.float64(54861.16280188084), np.float64(54816.661968500615), np.float64(54777.75945882082), np.float64(54788.86518964052), np.float64(54799.45735767603), np.float64(54750.08398792028), np.float64(54705.3194191885), np.float64(54681.95308516979), np.float64(54679.83985415459), np.float64(54692.43811071873), np.float64(54557.696904354096), np.float64(54529.78358228445), np.float64(54510.00871077538), np.float64(54456.69386255026), np.float64(54445.84414046049)]","[np.float64(55160.35437955031), np.float64(55168.56360202559), np.float64(55169.51746914569), np.float64(55109.77823781833), np.float64(55056.41719081735), np.float64(55017.010562992094), np.float64(55041.52088895506), np.float64(54986.352879914964), np.float64(55013.02077664519), np.float64(54909.64457624288), np.float64(54985.014751608374), np.float64(55016.42193350944), np.float64(54940.70231901884), np.float64(54916.181447169234), np.float64(54879.99070481796), np.float64(54831.29253244123), np.float64(54788.86518964052), np.float64(54847.128945865305), np.float64(54799.45735767603), np.float64(54766.38109480655), np.float64(54705.33275682835), np.float64(54705.48342727259), np.float64(54692.44651133347), np.float64(54695.76705399628), np.float64(54557.710261822926), np.float64(54546.76399917343), np.float64(54510.00871077538), np.float64(54495.37641126268), np.float64(54453.914599782474)]","[np.float64(55110.266973522586), np.float64(55097.14704318293), np.float64(55109.77071606636), np.float64(55036.623128068), np.float64(54953.0076634747), np.float64(54955.99461349802), np.float64(54970.82080853762), np.float64(54959.69792525039), np.float64(54874.186708191664), np.float64(54896.826182997225), np.float64(54888.50552426541), np.float64(54940.68918160516), np.float64(54915.67213729507), np.float64(54851.270723514186), np.float64(54806.88805564203), np.float64(54767.82544103377), np.float64(54775.49096252484), np.float64(54778.01069691203), np.float64(54729.87485680491), np.float64(54694.12684383936), np.float64(54672.17153073581), np.float64(54670.877374730924), np.float64(54678.24109255687), np.float64(54522.74461540217), np.float64(54529.78358228445), np.float64(54497.555878302104), np.float64(54447.80379854254), np.float64(54442.8493464578), np.float64(54410.12624451989)]","[np.float64(55110.28247597218), np.float64(55165.974676895145), np.float64(55109.77071606636), np.float64(55047.108587327006), np.float64(54956.452779653075), np.float64(55017.010562992094), np.float64(54975.296722033025), np.float64(54986.34437441349), np.float64(54896.826182997225), np.float64(54909.63679287911), np.float64(54985.014751608374), np.float64(54940.70231901884), np.float64(54916.17274211407), np.float64(54861.16280188084), np.float64(54816.661968500615), np.float64(54777.75945882082), np.float64(54788.86518964052), np.float64(54799.45735767603), np.float64(54750.08398792028), np.float64(54705.3194191885), np.float64(54681.95308516979), np.float64(54679.83985415459), np.float64(54692.43811071873), np.float64(54557.696904354096), np.float64(54529.78358228445), np.float64(54510.00871077538), np.float64(54456.69386255026), np.float64(54445.84414046049), np.float64(54422.340916461944)]"
362,"[np.float64(55096.198003737925), np.float64(55092.46153829575), np.float64(55088.69738579274), np.float64(55095.885719447135), np.float64(55074.210356571675), np.float64(55027.47318133831), np.float64(55014.5152505374), np.float64(55033.16538349152), np.float64(54971.9971970439), np.float64(54988.851148023605), np.float64(54999.47937362671), np.float64(54984.05201455355), np.float64(54986.13150598764), np.float64(54955.28129503727), np.float64(54924.969114506246), np.float64(54900.609523277286), np.float64(54845.366110293864), np.float64(54803.402828233244), np.float64(54804.49125166655), np.float64(54785.62734884739), np.float64(54747.72144458056), np.float64(54727.07024540186), np.float64(54719.42179142952), np.float64(54706.75682836532), np.float64(54651.75332698345), np.float64(54647.36589366913), np.float64(54700.835274326804), np.float64(54681.20604963541), np.float64(54629.87964748621)]","[np.float64(55099.30196138485), np.float64(55092.46153829575), np.float64(55110.0234031465), np.float64(55109.160439394705), np.float64(55074.21604720224), np.float64(55051.27270941788), np.float64(55033.16538349152), np.float64(55040.392880333784), np.float64(55006.01549322059), np.float64(54999.47937362671), np.float64(55019.21910616441), np.float64(54986.13150598764), np.float64(55005.11025495479), np.float64(54955.28129503727), np.float64(54934.992184987525), np.float64(54900.609523277286), np.float64(54860.98229444163), np.float64(54804.49125166655), np.float64(54830.03209243562), np.float64(54799.226872686064), np.float64(54747.72144458056), np.float64(54738.86325223577), np.float64(54729.37262163104), np.float64(54718.26853949197), np.float64(54651.75332698345), np.float64(54755.42217495857), np.float64(54700.835274326804), np.float64(54700.16870562286), np.float64(54638.8805792451)]","[np.float64(55092.44855483116), np.float64(55088.68889339482), np.float64(55088.68883949312), np.float64(55074.210356571675), np.float64(55009.48426478169), np.float64(55010.14126857447), np.float64(55014.5152505374), np.float64(54971.98175852507), np.float64(54971.98531067167), np.float64(54980.0680878923), np.float64(54983.38595818016), np.float64(54983.07085901768), np.float64(54955.28129503727), np.float64(54913.91978740009), np.float64(54897.012772555245), np.float64(54845.34018751495), np.float64(54802.3820321875), np.float64(54803.39088241895), np.float64(54774.581851166455), np.float64(54718.61885928485), np.float64(54727.05829798746), np.float64(54701.328523616816), np.float64(54697.464254352366), np.float64(54621.56784138683), np.float64(54630.445920572645), np.float64(54647.36589366913), np.float64(54620.88213156757), np.float64(54586.40438581655), np.float64(54622.97607352906)]","[np.float64(55092.46153829575), np.float64(55088.69738579274), np.float64(55095.885719447135), np.float64(55074.210356571675), np.float64(55027.47318133831), np.float64(55014.5152505374), np.float64(55033.16538349152), np.float64(54971.9971970439), np.float64(54988.851148023605), np.float64(54999.47937362671), np.float64(54984.05201455355), np.float64(54986.13150598764), np.float64(54955.28129503727), np.float64(54924.969114506246), np.float64(54900.609523277286), np.float64(54845.366110293864), np.float64(54803.402828233244), np.float64(54804.49125166655), np.float64(54785.62734884739), np.float64(54747.72144458056), np.float64(54727.07024540186), np.float64(54719.42179142952), np.float64(54706.75682836532), np.float64(54651.75332698345), np.float64(54647.36589366913), np.float64(54700.835274326804), np.float64(54681.20604963541), np.float64(54629.87964748621), np.float64(54635.80300440312)]"
363,"[np.float64(55088.17120285988), np.float64(55081.298630476), np.float64(55088.010231575965), np.float64(55047.69658323288), np.float64(55063.678069853784), np.float64(55048.917904558184), np.float64(55085.26354636431), np.float64(55048.78668076754), np.float64(55013.96459996939), np.float64(54946.7332047534), np.float64(54930.93419517994), np.float64(54895.41388534069), np.float64(54842.96377485275), np.float64(54813.322136302), np.float64(54831.97754911423), np.float64(54859.39417819023), np.float64(54780.844312505724), np.float64(54791.159738709925), np.float64(54768.826196448805), np.float64(54749.363738007545), np.float64(54726.87463309765), np.float64(54722.40722924948), np.float64(54715.58153170347), np.float64(54623.56995948792), np.float64(54709.94174180031), np.float64(54642.29787376642), np.float64(54634.10108721256), np.float64(54652.69932302475), np.float64(54679.19081793785)]","[np.float64(55088.17689362275), np.float64(55088.010231575965), np.float64(55137.9065667981), np.float64(55063.678069853784), np.float64(55076.91090161868), np.float64(55086.34771140829), np.float64(55096.26282379429), np.float64(55053.15444250817), np.float64(55020.06685288435), np.float64(54946.7332047534), np.float64(54964.49552037868), np.float64(54931.57253227444), np.float64(54856.28499531726), np.float64(54842.7875072138), np.float64(54902.0891599496), np.float64(54868.94547195299), np.float64(54818.10140703583), np.float64(54834.27700835626), np.float64(54786.22192348331), np.float64(54758.52413246487), np.float64(54732.726150016504), np.float64(54751.445678959346), np.float64(54715.59311442993), np.float64(54726.250421089804), np.float64(54728.695851024946), np.float64(54642.303262666326), np.float64(54699.381059344), np.float64(54679.19081793785), np.float64(54705.68180298857)]","[np.float64(55081.298630476), np.float64(55081.28787259102), np.float64(55029.1392284721), np.float64(55043.23142103293), np.float64(55018.983776535264), np.float64(55048.908870806124), np.float64(55016.17733475246), np.float64(55013.95583057659), np.float64(54929.2790641576), np.float64(54924.05144007998), np.float64(54895.40085855489), np.float64(54835.34360096371), np.float64(54813.311742496866), np.float64(54799.98997363474), np.float64(54831.96907791934), np.float64(54742.57410433414), np.float64(54770.222308644115), np.float64(54753.23476341374), np.float64(54749.363738007545), np.float64(54690.169305564974), np.float64(54716.81015715939), np.float64(54704.229017729485), np.float64(54618.200551229944), np.float64(54593.03988557674), np.float64(54642.28448742152), np.float64(54607.15950877656), np.float64(54634.07660615387), np.float64(54647.20553827723), np.float64(54647.36071964896)]","[np.float64(55081.298630476), np.float64(55088.010231575965), np.float64(55047.69658323288), np.float64(55063.678069853784), np.float64(55048.917904558184), np.float64(55085.26354636431), np.float64(55048.78668076754), np.float64(55013.96459996939), np.float64(54946.7332047534), np.float64(54930.93419517994), np.float64(54895.41388534069), np.float64(54842.96377485275), np.float64(54813.322136302), np.float64(54831.97754911423), np.float64(54859.39417819023), np.float64(54780.844312505724), np.float64(54791.159738709925), np.float64(54768.826196448805), np.float64(54749.363738007545), np.float64(54726.87463309765), np.float64(54722.40722924948), np.float64(54715.58153170347), np.float64(54623.56995948792), np.float64(54709.94174180031), np.float64(54642.29787376642), np.float64(54634.10108721256), np.float64(54652.69932302475), np.float64(54679.19081793785), np.float64(54659.39147879362)]"
364,"[np.float64(55071.437787177565), np.float64(55052.0531100607), np.float64(55006.595849699974), np.float64(54985.373653182985), np.float64(55030.34542415142), np.float64(55049.126909673214), np.float64(55018.88413995982), np.float64(55042.98051094532), np.float64(55021.822316610815), np.float64(54979.52807759047), np.float64(54956.27674145699), np.float64(54958.64314810753), np.float64(54890.45815900564), np.float64(54891.983522892), np.float64(54872.573991808895), np.float64(54873.97276787758), np.float64(54907.78716843844), np.float64(54891.71515156746), np.float64(54855.19772120714), np.float64(54823.17769974232), np.float64(54766.280918507575), np.float64(54711.94332313299), np.float64(54688.27745374918), np.float64(54684.22110617161), np.float64(54634.87529469967), np.float64(54590.740316853524), np.float64(54558.21948153019), np.float64(54526.78075956583), np.float64(54536.99883033753)]","[np.float64(55071.88441854119), np.float64(55052.0531100607), np.float64(55032.01451122136), np.float64(55052.621967044266), np.float64(55049.126909673214), np.float64(55049.126909673214), np.float64(55057.59898645413), np.float64(55042.99832332909), np.float64(55026.47906495859), np.float64(54984.689323543156), np.float64(54975.47132219216), np.float64(54958.64314810753), np.float64(54901.80318642583), np.float64(54908.52099181554), np.float64(54873.97276787758), np.float64(54907.78716843844), np.float64(54982.42638510252), np.float64(54891.71515156746), np.float64(54873.30988567925), np.float64(54823.19149594079), np.float64(54766.52786459276), np.float64(54736.583279645994), np.float64(54688.27745374918), np.float64(54723.09687613149), np.float64(54634.87529469967), np.float64(54678.976057221465), np.float64(54558.21948153019), np.float64(54607.084382898676), np.float64(54550.61297208491)]","[np.float64(55052.044081412445), np.float64(54989.26451786497), np.float64(54985.373653182985), np.float64(54983.30069003142), np.float64(55007.65022116898), np.float64(55014.34925492609), np.float64(55018.88413995982), np.float64(55016.58573097502), np.float64(54979.52059581966), np.float64(54946.690779843266), np.float64(54956.20965935237), np.float64(54890.45267185334), np.float64(54873.991488167216), np.float64(54867.35459441548), np.float64(54868.4536875636), np.float64(54873.96432011629), np.float64(54891.71515156746), np.float64(54835.57820636684), np.float64(54816.05452893341), np.float64(54745.02044066621), np.float64(54711.93185513248), np.float64(54676.10655792331), np.float64(54676.613322691715), np.float64(54624.12604972972), np.float64(54576.50227120466), np.float64(54557.942904881995), np.float64(54460.85440605314), np.float64(54517.26996871007), np.float64(54492.34578703684)]","[np.float64(55052.0531100607), np.float64(55006.595849699974), np.float64(54985.373653182985), np.float64(55030.34542415142), np.float64(55049.126909673214), np.float64(55018.88413995982), np.float64(55042.98051094532), np.float64(55021.822316610815), np.float64(54979.52807759047), np.float64(54956.27674145699), np.float64(54958.64314810753), np.float64(54890.45815900564), np.float64(54891.983522892), np.float64(54872.573991808895), np.float64(54873.97276787758), np.float64(54907.78716843844), np.float64(54891.71515156746), np.float64(54855.19772120714), np.float64(54823.17769974232), np.float64(54766.280918507575), np.float64(54711.94332313299), np.float64(54688.27745374918), np.float64(54684.22110617161), np.float64(54634.87529469967), np.float64(54590.740316853524), np.float64(54558.21948153019), np.float64(54526.78075956583), np.float64(54536.99883033753), np.float64(54496.2729667306)]"
365,"[np.float64(55084.85789872885), np.float64(55069.257463331225), np.float64(55092.90929601908), np.float64(55117.344865694045), np.float64(55067.286144599915), np.float64(55118.46110496521), np.float64(54889.60243566037), np.float64(55008.84236493826), np.float64(55035.04462664843), np.float64(55036.35480412245), np.float64(55003.02383252144), np.float64(54869.43312011719), np.float64(54917.31460801363), np.float64(54871.07270922661), np.float64(54827.25864373207), np.float64(54800.92451434612), np.float64(54712.23641964674), np.float64(54882.541462485795), np.float64(54691.85513711691), np.float64(54732.40238698721), np.float64(54802.16901553631), np.float64(54674.081589386464), np.float64(54717.0479157114), np.float64(54545.77653006077), np.float64(54660.25415609837), np.float64(54569.91398091793), np.float64(54217.85458731175), np.float64(54625.341029942036), np.float64(54448.33687737465)]","[np.float64(55084.85789872885), np.float64(55115.12107067648), np.float64(55168.66209466432), np.float64(55117.344865694045), np.float64(55118.46110496521), np.float64(55130.41446077793), np.float64(55008.84236493826), np.float64(55068.35955225872), np.float64(55036.35480412245), np.float64(55036.36582709394), np.float64(55014.71039870676), np.float64(54917.32346194899), np.float64(54925.39575281184), np.float64(54929.49698545373), np.float64(54827.25864373207), np.float64(54803.257409162004), np.float64(54882.541462485795), np.float64(54892.05146517485), np.float64(54732.40238698721), np.float64(54803.09844194755), np.float64(54830.35795091757), np.float64(54734.901091075364), np.float64(54717.0479157114), np.float64(54673.77406842018), np.float64(54660.25415609837), np.float64(54601.96422304286), np.float64(54648.07510078083), np.float64(54625.34668366049), np.float64(54460.807249696794)]","[np.float64(55056.44632285219), np.float64(55062.253572242254), np.float64(55092.90929601908), np.float64(55067.271371921284), np.float64(55057.915483356606), np.float64(54889.5970647153), np.float64(54850.415623041685), np.float64(55008.84236493826), np.float64(55012.95192241923), np.float64(55003.02383252144), np.float64(54831.515414073656), np.float64(54869.43312011719), np.float64(54644.31509968888), np.float64(54824.105071642196), np.float64(54786.34227780143), np.float64(54699.842433689555), np.float64(54705.28858122954), np.float64(54691.84553422188), np.float64(54685.04134453969), np.float64(54732.40238698721), np.float64(54669.488150195284), np.float64(54674.081589386464), np.float64(54476.674054443625), np.float64(54545.76275772543), np.float64(54559.14286431053), np.float64(54217.822151429464), np.float64(54180.8859210485), np.float64(54444.00469207135), np.float64(54182.248123419035)]","[np.float64(55069.257463331225), np.float64(55092.90929601908), np.float64(55117.344865694045), np.float64(55067.286144599915), np.float64(55118.46110496521), np.float64(54889.60243566037), np.float64(55008.84236493826), np.float64(55035.04462664843), np.float64(55036.35480412245), np.float64(55003.02383252144), np.float64(54869.43312011719), np.float64(54917.31460801363), np.float64(54871.07270922661), np.float64(54827.25864373207), np.float64(54800.92451434612), np.float64(54712.23641964674), np.float64(54882.541462485795), np.float64(54691.85513711691), np.float64(54732.40238698721), np.float64(54802.16901553631), np.float64(54674.081589386464), np.float64(54717.0479157114), np.float64(54545.77653006077), np.float64(54660.25415609837), np.float64(54569.91398091793), np.float64(54217.85458731175), np.float64(54625.341029942036), np.float64(54448.33687737465), np.float64(54206.693611147406)]"
366,"[np.float64(55150.125315504076), np.float64(55181.49771729946), np.float64(55122.63064754963), np.float64(55132.50372466564), np.float64(55005.07924265147), np.float64(54972.67263255119), np.float64(54976.95047661543), np.float64(54980.98905296326), np.float64(54980.22862461805), np.float64(54943.61860357523), np.float64(54971.26587230682), np.float64(54912.04118875265), np.float64(54938.84870249033), np.float64(54897.742689099316), np.float64(54899.67279918194), np.float64(54917.93299529791), np.float64(54812.47323813915), np.float64(54729.78769822836), np.float64(54731.03876704693), np.float64(54760.18384138108), np.float64(54762.693963193895), np.float64(54710.221574280265), np.float64(54706.89397589922), np.float64(54634.12864549637), np.float64(54656.88586417675), np.float64(54617.120934746265), np.float64(54593.79426405192), np.float64(54581.38131762981), np.float64(54512.057682054045)]","[np.float64(55181.49771729946), np.float64(55217.990330266504), np.float64(55145.77656647029), np.float64(55132.50372466564), np.float64(55016.313808861), np.float64(55121.15128976359), np.float64(54980.994739777525), np.float64(54990.84666174843), np.float64(55012.966338328115), np.float64(54989.76329638574), np.float64(54989.64303129725), np.float64(54938.84870249033), np.float64(54954.67927857612), np.float64(54917.31657725649), np.float64(54947.10743015285), np.float64(54929.54473217917), np.float64(54845.57623958584), np.float64(54741.83518478967), np.float64(54793.709174091666), np.float64(54814.72235669349), np.float64(54769.12175417236), np.float64(54723.521262453345), np.float64(54735.68297719524), np.float64(54687.991465929714), np.float64(54656.89873890793), np.float64(54630.67253925534), np.float64(54673.44712687116), np.float64(54584.998041485844), np.float64(54533.548118725936)]","[np.float64(55107.97282127152), np.float64(55118.60703668742), np.float64(55116.46175738477), np.float64(54945.09761443899), np.float64(54958.305391991526), np.float64(54972.67263255119), np.float64(54937.02062450568), np.float64(54972.53133130281), np.float64(54937.036249816905), np.float64(54881.07951552242), np.float64(54906.05764689832), np.float64(54887.83194620152), np.float64(54780.02289766448), np.float64(54885.253277887314), np.float64(54845.90561333354), np.float64(54785.19837361926), np.float64(54711.10424532948), np.float64(54692.32130640404), np.float64(54664.27083889729), np.float64(54759.329595002775), np.float64(54578.28767232883), np.float64(54587.185188496405), np.float64(54581.071341552386), np.float64(54619.19097638689), np.float64(54564.84161380298), np.float64(54582.15617766021), np.float64(54541.49092317464), np.float64(54493.93161313473), np.float64(54412.49198837247)]","[np.float64(55181.49771729946), np.float64(55122.63064754963), np.float64(55132.50372466564), np.float64(55005.07924265147), np.float64(54972.67263255119), np.float64(54976.95047661543), np.float64(54980.98905296326), np.float64(54980.22862461805), np.float64(54943.61860357523), np.float64(54971.26587230682), np.float64(54912.04118875265), np.float64(54938.84870249033), np.float64(54897.742689099316), np.float64(54899.67279918194), np.float64(54917.93299529791), np.float64(54812.47323813915), np.float64(54729.78769822836), np.float64(54731.03876704693), np.float64(54760.18384138108), np.float64(54762.693963193895), np.float64(54710.221574280265), np.float64(54706.89397589922), np.float64(54634.12864549637), np.float64(54656.88586417675), np.float64(54617.120934746265), np.float64(54593.79426405192), np.float64(54581.38131762981), np.float64(54512.057682054045), np.float64(54485.99153766155)]"
367,"[np.float64(55066.82151708603), np.float64(55023.23023584843), np.float64(55040.819246098996), np.float64(55024.45464782238), np.float64(54936.79522401572), np.float64(54988.6028659153), np.float64(54862.02161587477), np.float64(54980.07718283415), np.float64(54917.83345065594), np.float64(54915.82002183676), np.float64(54905.23828474045), np.float64(54912.17357153654), np.float64(54899.99744606733), np.float64(54928.153641610144), np.float64(54899.87278990507), np.float64(54864.294015295505), np.float64(54763.058015849594), np.float64(54826.90476446152), np.float64(54790.618231310844), np.float64(54845.43449089527), np.float64(54760.287506887915), np.float64(54839.98838164091), np.float64(54770.68728204489), np.float64(54719.57477853775), np.float64(54717.56405403614), np.float64(54680.590752999786), np.float64(54626.467700152396), np.float64(54690.30762358189), np.float64(54656.73712671042)]","[np.float64(55066.82151708603), np.float64(55040.819246098996), np.float64(55060.374612467174), np.float64(55024.45464782238), np.float64(54988.617809257004), np.float64(54988.6028659153), np.float64(54980.08707719149), np.float64(54986.532942388905), np.float64(54917.83345065594), np.float64(54915.82002183676), np.float64(54912.18634840711), np.float64(54912.18276967351), np.float64(54928.164383615986), np.float64(54945.76720496559), np.float64(54899.87845883505), np.float64(54864.294015295505), np.float64(54826.90476446152), np.float64(54840.06806576343), np.float64(54845.43449089527), np.float64(54848.86983066039), np.float64(54839.98838164091), np.float64(54869.54692007477), np.float64(54770.68728204489), np.float64(54732.7484741399), np.float64(54717.56405403614), np.float64(54702.50309061001), np.float64(54701.27726478397), np.float64(54699.42559749917), np.float64(54656.7427695856)]","[np.float64(55015.54768057607), np.float64(55023.23023584843), np.float64(55024.43913321437), np.float64(54936.79522401572), np.float64(54936.786316224934), np.float64(54861.38590982716), np.float64(54862.00651675486), np.float64(54917.83345065594), np.float64(54915.81129423793), np.float64(54905.23828474045), np.float64(54905.23828474045), np.float64(54899.99744606733), np.float64(54899.99744606733), np.float64(54889.51211208302), np.float64(54864.294015295505), np.float64(54753.259105854704), np.float64(54763.045125138015), np.float64(54788.70290485372), np.float64(54779.987362170585), np.float64(54760.287506887915), np.float64(54746.38369458003), np.float64(54770.68728204489), np.float64(54707.792711216585), np.float64(54712.06196439465), np.float64(54680.57188650006), np.float64(54617.46622005906), np.float64(54626.462297007005), np.float64(54656.719806014175), np.float64(54584.0809974421)]","[np.float64(55023.23023584843), np.float64(55040.819246098996), np.float64(55024.45464782238), np.float64(54936.79522401572), np.float64(54988.6028659153), np.float64(54862.02161587477), np.float64(54980.07718283415), np.float64(54917.83345065594), np.float64(54915.82002183676), np.float64(54905.23828474045), np.float64(54912.17357153654), np.float64(54899.99744606733), np.float64(54928.153641610144), np.float64(54899.87278990507), np.float64(54864.294015295505), np.float64(54763.058015849594), np.float64(54826.90476446152), np.float64(54790.618231310844), np.float64(54845.43449089527), np.float64(54760.287506887915), np.float64(54839.98838164091), np.float64(54770.68728204489), np.float64(54719.57477853775), np.float64(54717.56405403614), np.float64(54680.590752999786), np.float64(54626.467700152396), np.float64(54690.30762358189), np.float64(54656.73712671042), np.float64(54589.07136658192)]"
368,"[np.float64(55015.40806166649), np.float64(55003.291688737874), np.float64(55004.60933527946), np.float64(54956.36920336247), np.float64(54967.75850119591), np.float64(54964.296845929624), np.float64(54923.55707440376), np.float64(54913.469454760554), np.float64(54944.13409801483), np.float64(54915.71287935019), np.float64(54900.48563977719), np.float64(54868.40689598799), np.float64(54837.943531227116), np.float64(54858.388944716455), np.float64(54836.64700411797), np.float64(54842.59985097408), np.float64(54822.25617133618), np.float64(54833.41199641943), np.float64(54786.633741314414), np.float64(54747.94358495236), np.float64(54677.76899078131), np.float64(54661.08502547741), np.float64(54618.9760965991), np.float64(54622.18071291924), np.float64(54624.679759907725), np.float64(54621.63405443907), np.float64(54605.882434811596), np.float64(54579.99232861519), np.float64(54541.66738390207)]","[np.float64(55015.40806166649), np.float64(55004.623110822475), np.float64(55031.12176273217), np.float64(54967.75850119591), np.float64(54982.68345097028), np.float64(54964.30800052356), np.float64(54926.24021655887), np.float64(54944.13409801483), np.float64(54947.667649691946), np.float64(54942.97770207265), np.float64(54901.8001490739), np.float64(54878.68400770201), np.float64(54858.388944716455), np.float64(54864.983516367414), np.float64(54848.58264163603), np.float64(54880.11186046984), np.float64(54833.41199641943), np.float64(54866.9309244436), np.float64(54786.633741314414), np.float64(54752.98993637846), np.float64(54690.866195157985), np.float64(54666.86871347493), np.float64(54632.068366204), np.float64(54634.13625554488), np.float64(54661.81046125912), np.float64(54621.63405443907), np.float64(54635.74139236801), np.float64(54580.04387937333), np.float64(54563.5325304826)]","[np.float64(55003.291688737874), np.float64(54943.00876004869), np.float64(54956.36920336247), np.float64(54902.52209238412), np.float64(54964.28834873103), np.float64(54893.68200112406), np.float64(54913.469454760554), np.float64(54910.49361220287), np.float64(54885.07322564753), np.float64(54900.48563977719), np.float64(54868.40689598799), np.float64(54802.117096037575), np.float64(54837.943531227116), np.float64(54810.92242138065), np.float64(54826.49796994066), np.float64(54822.24872221288), np.float64(54808.93116572214), np.float64(54768.20554871034), np.float64(54747.935102524054), np.float64(54656.04928883118), np.float64(54661.08502547741), np.float64(54602.780915208146), np.float64(54606.53514288699), np.float64(54579.43674677493), np.float64(54621.63405443907), np.float64(54568.43593563694), np.float64(54579.99232861519), np.float64(54541.65943908581), np.float64(54480.02741277864)]","[np.float64(55003.291688737874), np.float64(55004.60933527946), np.float64(54956.36920336247), np.float64(54967.75850119591), np.float64(54964.296845929624), np.float64(54923.55707440376), np.float64(54913.469454760554), np.float64(54944.13409801483), np.float64(54915.71287935019), np.float64(54900.48563977719), np.float64(54868.40689598799), np.float64(54837.943531227116), np.float64(54858.388944716455), np.float64(54836.64700411797), np.float64(54842.59985097408), np.float64(54822.25617133618), np.float64(54833.41199641943), np.float64(54786.633741314414), np.float64(54747.94358495236), np.float64(54677.76899078131), np.float64(54661.08502547741), np.float64(54618.9760965991), np.float64(54622.18071291924), np.float64(54624.679759907725), np.float64(54621.63405443907), np.float64(54605.882434811596), np.float64(54579.99232861519), np.float64(54541.66738390207), np.float64(54513.18795802117)]"
369,"[np.float64(55095.12129901409), np.float64(55087.771994075774), np.float64(55094.47651243925), np.float64(55057.48054664612), np.float64(55017.877618715764), np.float64(55048.2838064766), np.float64(54985.651425230506), np.float64(54932.656201586724), np.float64(54910.38202553511), np.float64(54953.19278921127), np.float64(54896.058543138504), np.float64(54945.56596977949), np.float64(54912.47310690165), np.float64(54882.98844754696), np.float64(54895.44852636099), np.float64(54887.19404769898), np.float64(54846.36851067305), np.float64(54850.965850541594), np.float64(54833.81017498732), np.float64(54860.68761465073), np.float64(54743.222232806685), np.float64(54809.236685116295), np.float64(54710.970283915995), np.float64(54724.943364021776), np.float64(54708.60606647492), np.float64(54646.372250127795), np.float64(54632.16737137318), np.float64(54591.306034333706), np.float64(54576.66820721388)]","[np.float64(55095.12129901409), np.float64(55130.44523587687), np.float64(55110.19248406915), np.float64(55057.48054664612), np.float64(55048.89854351863), np.float64(55058.6749205963), np.float64(54990.599500536955), np.float64(54932.66187935443), np.float64(54953.20592567419), np.float64(54953.198645448094), np.float64(54974.75272811122), np.float64(54945.56596977949), np.float64(54912.48154356376), np.float64(54913.130981590984), np.float64(54926.17810065784), np.float64(54888.227602773164), np.float64(54850.965850541594), np.float64(54850.97452616698), np.float64(54871.274433524115), np.float64(54867.947409905355), np.float64(54809.236685116295), np.float64(54820.48547863624), np.float64(54724.943364021776), np.float64(54742.6144896505), np.float64(54708.620925049094), np.float64(54647.92458555683), np.float64(54761.14513650201), np.float64(54591.306034333706), np.float64(54592.65217465393)]","[np.float64(55074.47262906059), np.float64(55087.771994075774), np.float64(55044.35803108896), np.float64(55017.86351788432), np.float64(55017.853016101566), np.float64(54985.62562016193), np.float64(54913.11666238095), np.float64(54910.38202553511), np.float64(54910.366400988474), np.float64(54896.049850354124), np.float64(54896.058543138504), np.float64(54893.608923676), np.float64(54882.98844754696), np.float64(54848.259069434316), np.float64(54881.497046256765), np.float64(54846.35355642753), np.float64(54846.360134798226), np.float64(54736.63981481153), np.float64(54830.25746059406), np.float64(54736.791601837685), np.float64(54730.8507893092), np.float64(54663.346428254954), np.float64(54699.555421516765), np.float64(54694.35793537242), np.float64(54646.36141656967), np.float64(54593.99743065618), np.float64(54591.306034333706), np.float64(54466.54152882167), np.float64(54551.15761785635)]","[np.float64(55087.771994075774), np.float64(55094.47651243925), np.float64(55057.48054664612), np.float64(55017.877618715764), np.float64(55048.2838064766), np.float64(54985.651425230506), np.float64(54932.656201586724), np.float64(54910.38202553511), np.float64(54953.19278921127), np.float64(54896.058543138504), np.float64(54945.56596977949), np.float64(54912.47310690165), np.float64(54882.98844754696), np.float64(54895.44852636099), np.float64(54887.19404769898), np.float64(54846.36851067305), np.float64(54850.965850541594), np.float64(54833.81017498732), np.float64(54860.68761465073), np.float64(54743.222232806685), np.float64(54809.236685116295), np.float64(54710.970283915995), np.float64(54724.943364021776), np.float64(54708.60606647492), np.float64(54646.372250127795), np.float64(54632.16737137318), np.float64(54591.306034333706), np.float64(54576.66820721388), np.float64(54557.840877070426)]"
370,"[np.float64(55095.91147485256), np.float64(55089.11719890118), np.float64(55061.35119775057), np.float64(55041.63916943073), np.float64(55043.431488094335), np.float64(55048.12824382782), np.float64(55064.16922543526), np.float64(55033.46749439716), np.float64(54990.91441355229), np.float64(54958.99586838484), np.float64(54937.34188249588), np.float64(54927.43197515011), np.float64(54863.73950141668), np.float64(54827.163348732), np.float64(54832.60881410122), np.float64(54835.34287916422), np.float64(54845.06696125984), np.float64(54827.47576179981), np.float64(54817.94742078543), np.float64(54771.12229084253), np.float64(54746.65529957294), np.float64(54761.00427982092), np.float64(54711.82587848425), np.float64(54689.243281452655), np.float64(54708.553525447845), np.float64(54686.020507571695), np.float64(54628.39394692421), np.float64(54594.38444916725), np.float64(54579.73078247309)]","[np.float64(55095.921087629795), np.float64(55089.11719890118), np.float64(55093.85030014676), np.float64(55043.431488094335), np.float64(55058.585155062334), np.float64(55064.16922543526), np.float64(55107.82464682997), np.float64(55033.46749439716), np.float64(55013.83760260417), np.float64(54958.99586838484), np.float64(54979.37512638915), np.float64(54927.43197515011), np.float64(54898.15912384967), np.float64(54832.60881410122), np.float64(54920.363525704655), np.float64(54845.06696125984), np.float64(54845.06696125984), np.float64(54862.72342585919), np.float64(54817.94742078543), np.float64(54776.38260852047), np.float64(54769.426850177464), np.float64(54784.015695223236), np.float64(54711.82587848425), np.float64(54743.69431476119), np.float64(54708.553525447845), np.float64(54694.43301803679), np.float64(54628.39394692421), np.float64(54609.90001404577), np.float64(54582.120751030656)]","[np.float64(55089.11719890118), np.float64(55042.549057750904), np.float64(55041.63916943073), np.float64(55031.03148289891), np.float64(55021.20966003318), np.float64(55048.12824382782), np.float64(54991.9119351149), np.float64(54990.91441355229), np.float64(54934.05380199098), np.float64(54937.332586906145), np.float64(54927.43197515011), np.float64(54804.0852654775), np.float64(54827.163348732), np.float64(54812.285221393824), np.float64(54832.60881410122), np.float64(54807.576180926975), np.float64(54827.47576179981), np.float64(54773.78519735667), np.float64(54771.12229084253), np.float64(54721.809573122795), np.float64(54746.65529957294), np.float64(54675.076412962655), np.float64(54689.23437853587), np.float64(54646.08329242725), np.float64(54686.020507571695), np.float64(54586.33282126897), np.float64(54594.38444916725), np.float64(54570.38556076744), np.float64(54550.34423964232)]","[np.float64(55089.11719890118), np.float64(55061.35119775057), np.float64(55041.63916943073), np.float64(55043.431488094335), np.float64(55048.12824382782), np.float64(55064.16922543526), np.float64(55033.46749439716), np.float64(54990.91441355229), np.float64(54958.99586838484), np.float64(54937.34188249588), np.float64(54927.43197515011), np.float64(54863.73950141668), np.float64(54827.163348732), np.float64(54832.60881410122), np.float64(54835.34287916422), np.float64(54845.06696125984), np.float64(54827.47576179981), np.float64(54817.94742078543), np.float64(54771.12229084253), np.float64(54746.65529957294), np.float64(54761.00427982092), np.float64(54711.82587848425), np.float64(54689.243281452655), np.float64(54708.553525447845), np.float64(54686.020507571695), np.float64(54628.39394692421), np.float64(54594.38444916725), np.float64(54579.73078247309), np.float64(54579.41978595257)]"
371,"[np.float64(54995.71419090748), np.float64(54991.74270739079), np.float64(55009.93632578373), np.float64(54991.73858652592), np.float64(54977.95686908245), np.float64(54956.06786511898), np.float64(54918.41346238613), np.float64(54928.32530138731), np.float64(54892.668230345254), np.float64(54914.218808281425), np.float64(54815.08380603314), np.float64(54855.862983329294), np.float64(54864.54577438354), np.float64(54843.9185277319), np.float64(54811.71899109125), np.float64(54803.873379490375), np.float64(54765.07788352013), np.float64(54695.99879551888), np.float64(54646.29704434395), np.float64(54630.95931408167), np.float64(54613.67782337189), np.float64(54525.570513064864), np.float64(54580.27486541271), np.float64(54591.826164746286), np.float64(54613.575574412345), np.float64(54574.08133429289), np.float64(54539.852915589814), np.float64(54480.081316001415), np.float64(54485.35357626915)]","[np.float64(54995.72168316638), np.float64(55022.531992301745), np.float64(55010.34783076855), np.float64(55005.45322705572), np.float64(54977.95686908245), np.float64(54985.51865822623), np.float64(54943.17628388942), np.float64(54939.96825844766), np.float64(54932.379412328235), np.float64(54938.444913603686), np.float64(54858.22452778767), np.float64(54873.534068850415), np.float64(54864.54577438354), np.float64(54849.18967364446), np.float64(54824.6488409201), np.float64(54822.39074594079), np.float64(54777.076557793014), np.float64(54710.0729648196), np.float64(54661.38952360451), np.float64(54637.19347638304), np.float64(54616.410943898016), np.float64(54596.56015527751), np.float64(54601.082094750134), np.float64(54627.802778012854), np.float64(54613.575574412345), np.float64(54590.80948905282), np.float64(54539.852915589814), np.float64(54555.35567346), np.float64(54492.140600864564)]","[np.float64(54984.11857815083), np.float64(54976.02538206337), np.float64(54979.66332080194), np.float64(54963.979690914), np.float64(54950.24383788531), np.float64(54904.81025451066), np.float64(54916.73293929869), np.float64(54892.668230345254), np.float64(54878.1548349482), np.float64(54803.6302591682), np.float64(54815.07537072684), np.float64(54836.40409130894), np.float64(54830.62982902531), np.float64(54801.02906612335), np.float64(54782.51103789643), np.float64(54762.234280546625), np.float64(54686.38154115871), np.float64(54637.59726854877), np.float64(54597.56392067547), np.float64(54608.60786102608), np.float64(54500.6647782894), np.float64(54494.516918660476), np.float64(54563.61826344437), np.float64(54578.67037093092), np.float64(54547.59109131209), np.float64(54533.26047010546), np.float64(54457.258080374726), np.float64(54475.79528865208), np.float64(54448.56692996424)]","[np.float64(54991.74270739079), np.float64(55009.93632578373), np.float64(54991.73858652592), np.float64(54977.95686908245), np.float64(54956.06786511898), np.float64(54918.41346238613), np.float64(54928.32530138731), np.float64(54892.668230345254), np.float64(54914.218808281425), np.float64(54815.08380603314), np.float64(54855.862983329294), np.float64(54864.54577438354), np.float64(54843.9185277319), np.float64(54811.71899109125), np.float64(54803.873379490375), np.float64(54765.07788352013), np.float64(54695.99879551888), np.float64(54646.29704434395), np.float64(54630.95931408167), np.float64(54613.67782337189), np.float64(54525.570513064864), np.float64(54580.27486541271), np.float64(54591.826164746286), np.float64(54613.575574412345), np.float64(54574.08133429289), np.float64(54539.852915589814), np.float64(54480.081316001415), np.float64(54485.35357626915), np.float64(54463.523165853025)]"
372,"[np.float64(55057.82785828829), np.float64(55053.190468764304), np.float64(55032.43727818012), np.float64(54983.106147289276), np.float64(54867.69463025093), np.float64(55011.859997015), np.float64(54873.68675410032), np.float64(54870.22522761107), np.float64(54914.6966998291), np.float64(54881.70672979594), np.float64(54843.70012189388), np.float64(54778.73378580809), np.float64(54853.9842552805), np.float64(54866.068691506385), np.float64(54853.658063070776), np.float64(54817.85547398806), np.float64(54743.395824239255), np.float64(54618.373291335105), np.float64(54523.82017571211), np.float64(54478.38828442574), np.float64(54572.96689790011), np.float64(54547.02888664961), np.float64(54524.471014807226), np.float64(54457.237945489884), np.float64(54410.641008439066), np.float64(54423.842714152335), np.float64(54407.75859224081), np.float64(54381.80474141598), np.float64(54375.18521589041)]","[np.float64(55057.82785828829), np.float64(55066.45105480295), np.float64(55042.011353113136), np.float64(54988.83829942721), np.float64(55011.867600870835), np.float64(55011.86566691701), np.float64(54873.69565583367), np.float64(54914.70595632114), np.float64(54926.164928059654), np.float64(54913.5301605236), np.float64(54843.70012189388), np.float64(54862.090216747114), np.float64(54866.068691506385), np.float64(54869.50860373009), np.float64(54853.658063070776), np.float64(54865.95581061933), np.float64(54743.395824239255), np.float64(54643.811943566136), np.float64(54523.82017571211), np.float64(54585.3906240143), np.float64(54601.735938554135), np.float64(54559.76673311838), np.float64(54569.96103882836), np.float64(54457.237945489884), np.float64(54432.92079974543), np.float64(54436.315687850765), np.float64(54407.75859224081), np.float64(54399.58745432631), np.float64(54396.033366012845)]","[np.float64(55053.190468764304), np.float64(55020.8117910666), np.float64(54983.106147289276), np.float64(54849.50565133043), np.float64(54859.695903305634), np.float64(54873.68675410032), np.float64(54870.22522761107), np.float64(54847.45022418161), np.float64(54852.78285708745), np.float64(54843.691390922075), np.float64(54744.04307154781), np.float64(54778.72530057464), np.float64(54853.97228713835), np.float64(54832.06547550036), np.float64(54786.44700372936), np.float64(54733.74122295648), np.float64(54618.373291335105), np.float64(54488.75260559919), np.float64(54475.42570808636), np.float64(54442.8376148038), np.float64(54542.18831120513), np.float64(54516.92856628664), np.float64(54457.237945489884), np.float64(54301.537941373565), np.float64(54410.63363137313), np.float64(54385.47911372808), np.float64(54371.284703588884), np.float64(54375.18521589041), np.float64(54253.3693889808)]","[np.float64(55053.190468764304), np.float64(55032.43727818012), np.float64(54983.106147289276), np.float64(54867.69463025093), np.float64(55011.859997015), np.float64(54873.68675410032), np.float64(54870.22522761107), np.float64(54914.6966998291), np.float64(54881.70672979594), np.float64(54843.70012189388), np.float64(54778.73378580809), np.float64(54853.9842552805), np.float64(54866.068691506385), np.float64(54853.658063070776), np.float64(54817.85547398806), np.float64(54743.395824239255), np.float64(54618.373291335105), np.float64(54523.82017571211), np.float64(54478.38828442574), np.float64(54572.96689790011), np.float64(54547.02888664961), np.float64(54524.471014807226), np.float64(54457.237945489884), np.float64(54410.641008439066), np.float64(54423.842714152335), np.float64(54407.75859224081), np.float64(54381.80474141598), np.float64(54375.18521589041), np.float64(54291.24731939077)]"
373,"[np.float64(55127.415615546706), np.float64(55074.08428386212), np.float64(55105.59679506302), np.float64(55042.89242745876), np.float64(55041.089033970835), np.float64(55009.33004354), np.float64(54976.803670804504), np.float64(55027.64651521683), np.float64(54955.423336098196), np.float64(54935.44976163626), np.float64(54913.62295697689), np.float64(54942.340491580966), np.float64(54860.09897485971), np.float64(54870.3649506855), np.float64(54851.81358971119), np.float64(54802.63377182722), np.float64(54817.64981707573), np.float64(54820.46436778069), np.float64(54762.74508767366), np.float64(54756.423809742926), np.float64(54704.78744128942), np.float64(54674.491100332736), np.float64(54688.769510769846), np.float64(54679.97172183037), np.float64(54592.62612763882), np.float64(54584.46359577418), np.float64(54539.786209089754), np.float64(54548.29386338711), np.float64(54540.05483796835)]","[np.float64(55133.287378091474), np.float64(55105.59679506302), np.float64(55114.23057334769), np.float64(55085.019235884414), np.float64(55041.089033970835), np.float64(55009.33004354), np.float64(55061.6968423315), np.float64(55027.64651521683), np.float64(54961.742043812505), np.float64(54935.48060108078), np.float64(54947.26352213505), np.float64(54942.34616032352), np.float64(54870.37067879124), np.float64(54889.29886885372), np.float64(54857.048442394684), np.float64(54817.64981707573), np.float64(54867.228442067186), np.float64(54820.46436778069), np.float64(54767.697520722104), np.float64(54756.423809742926), np.float64(54711.93968326699), np.float64(54727.74757846484), np.float64(54688.769510769846), np.float64(54688.63847019852), np.float64(54592.62612763882), np.float64(54589.19244560016), np.float64(54548.29386338711), np.float64(54553.335404416495), np.float64(54549.509848964924)]","[np.float64(55068.855502495695), np.float64(55072.8870889341), np.float64(55042.89242745876), np.float64(55019.609159995096), np.float64(55006.566358735625), np.float64(54960.24488122197), np.float64(54976.78816319052), np.float64(54949.64199559753), np.float64(54934.687026370644), np.float64(54910.565779861085), np.float64(54901.673058353044), np.float64(54860.09897485971), np.float64(54854.92667269472), np.float64(54830.359304105696), np.float64(54800.00502711355), np.float64(54792.01816011243), np.float64(54817.64981707573), np.float64(54751.33668138946), np.float64(54756.403307311164), np.float64(54625.88207914951), np.float64(54674.47734538087), np.float64(54671.8442687), np.float64(54676.60360709219), np.float64(54585.533863407916), np.float64(54568.56802776679), np.float64(54539.77316511974), np.float64(54497.86439077979), np.float64(54540.04727459537), np.float64(54523.292850933154)]","[np.float64(55074.08428386212), np.float64(55105.59679506302), np.float64(55042.89242745876), np.float64(55041.089033970835), np.float64(55009.33004354), np.float64(54976.803670804504), np.float64(55027.64651521683), np.float64(54955.423336098196), np.float64(54935.44976163626), np.float64(54913.62295697689), np.float64(54942.340491580966), np.float64(54860.09897485971), np.float64(54870.3649506855), np.float64(54851.81358971119), np.float64(54802.63377182722), np.float64(54817.64981707573), np.float64(54820.46436778069), np.float64(54762.74508767366), np.float64(54756.423809742926), np.float64(54704.78744128942), np.float64(54674.491100332736), np.float64(54688.769510769846), np.float64(54679.97172183037), np.float64(54592.62612763882), np.float64(54584.46359577418), np.float64(54539.786209089754), np.float64(54548.29386338711), np.float64(54540.05483796835), np.float64(54525.92980097055)]"
374,"[np.float64(55106.664227840905), np.float64(55070.721915683745), np.float64(55106.66345517874), np.float64(55064.000269975666), np.float64(55045.787206251625), np.float64(55018.76914207458), np.float64(54948.749852998255), np.float64(54981.170113463406), np.float64(54994.924401400094), np.float64(55068.66689188481), np.float64(54956.006567254066), np.float64(54936.45396489382), np.float64(54925.328144857885), np.float64(54956.441576051715), np.float64(54923.90284072161), np.float64(54871.22994597674), np.float64(54834.18414347411), np.float64(54899.67717760086), np.float64(54849.1650325942), np.float64(54827.412403502465), np.float64(54759.25947988033), np.float64(54758.69183074474), np.float64(54727.72005428076), np.float64(54718.835212070946), np.float64(54714.83063285828), np.float64(54694.569112963676), np.float64(54609.608211760526), np.float64(54521.020048034195), np.float64(54583.101134827135)]","[np.float64(55118.653669424675), np.float64(55106.68046890892), np.float64(55129.06252194033), np.float64(55074.97741228519), np.float64(55045.79879422901), np.float64(55018.76914207458), np.float64(55048.77696176376), np.float64(54999.96201760322), np.float64(55068.680824123716), np.float64(55132.00024279346), np.float64(54956.006567254066), np.float64(55006.2685700025), np.float64(54958.90556421693), np.float64(54989.42664920262), np.float64(54933.075152272), np.float64(54894.431270129004), np.float64(54931.08580995906), np.float64(54922.7185993871), np.float64(54854.89352693206), np.float64(54835.59434667088), np.float64(54768.17522147692), np.float64(54766.841314708494), np.float64(54752.4905062836), np.float64(54722.33487303478), np.float64(54748.27985560568), np.float64(54694.569112963676), np.float64(54635.62550550203), np.float64(54583.101134827135), np.float64(54699.44041723205)]","[np.float64(55070.721915683745), np.float64(55058.35190220829), np.float64(55064.000269975666), np.float64(55036.58297498174), np.float64(55013.61707978979), np.float64(54878.10584144619), np.float64(54948.749852998255), np.float64(54948.28578720397), np.float64(54979.15438041926), np.float64(54953.684156977746), np.float64(54928.46842340922), np.float64(54910.29751104383), np.float64(54920.82056204028), np.float64(54893.06843701681), np.float64(54846.55946862739), np.float64(54834.17548437872), np.float64(54803.18460527008), np.float64(54840.62438568627), np.float64(54812.092933119326), np.float64(54698.89310890448), np.float64(54740.250766465346), np.float64(54719.34503765602), np.float64(54711.27362991338), np.float64(54701.533300841176), np.float64(54676.60912068121), np.float64(54596.31427990418), np.float64(54478.79052801846), np.float64(54521.020048034195), np.float64(54556.429108813565)]","[np.float64(55070.721915683745), np.float64(55106.66345517874), np.float64(55064.000269975666), np.float64(55045.787206251625), np.float64(55018.76914207458), np.float64(54948.749852998255), np.float64(54981.170113463406), np.float64(54994.924401400094), np.float64(55068.66689188481), np.float64(54956.006567254066), np.float64(54936.45396489382), np.float64(54925.328144857885), np.float64(54956.441576051715), np.float64(54923.90284072161), np.float64(54871.22994597674), np.float64(54834.18414347411), np.float64(54899.67717760086), np.float64(54849.1650325942), np.float64(54827.412403502465), np.float64(54759.25947988033), np.float64(54758.69183074474), np.float64(54727.72005428076), np.float64(54718.835212070946), np.float64(54714.83063285828), np.float64(54694.569112963676), np.float64(54609.608211760526), np.float64(54521.020048034195), np.float64(54583.101134827135), np.float64(54654.95935985089)]"
375,"[np.float64(55064.68845440865), np.float64(55066.2180679369), np.float64(55063.359475488665), np.float64(55055.66092725277), np.float64(55021.87460008383), np.float64(54985.715556190014), np.float64(55022.22281316519), np.float64(55027.36397841931), np.float64(54986.06042106867), np.float64(54952.111448514464), np.float64(54932.54699866772), np.float64(54909.49874390602), np.float64(54884.929761230946), np.float64(54895.548328557015), np.float64(54882.61589560747), np.float64(54833.26197118282), np.float64(54773.09670022249), np.float64(54863.180351564886), np.float64(54848.42559490442), np.float64(54806.216863830094), np.float64(54783.01472052097), np.float64(54763.243583545685), np.float64(54717.87221746206), np.float64(54642.3689586854), np.float64(54668.47734194279), np.float64(54682.74004158258), np.float64(54605.02967333794), np.float64(54567.56161096335), np.float64(54536.33936318159)]","[np.float64(55072.27129391909), np.float64(55066.2180679369), np.float64(55099.05957423332), np.float64(55077.33069940771), np.float64(55021.87460008383), np.float64(55062.36669828904), np.float64(55033.42067594211), np.float64(55028.835987466075), np.float64(54995.9646149034), np.float64(54952.12070902798), np.float64(54937.52786980459), np.float64(54923.38814498575), np.float64(54906.49872040519), np.float64(54905.809791575564), np.float64(54882.61589560747), np.float64(54839.376269706634), np.float64(54885.65033430944), np.float64(54872.8872994665), np.float64(54857.092006702085), np.float64(54809.67617044828), np.float64(54800.158765647786), np.float64(54763.243583545685), np.float64(54722.42110170645), np.float64(54717.691194271436), np.float64(54682.74004158258), np.float64(54716.94378388802), np.float64(54616.633231700616), np.float64(54576.583367967796), np.float64(54550.389336749126)]","[np.float64(55064.68845440865), np.float64(54974.773446180865), np.float64(55055.66092725277), np.float64(55021.87460008383), np.float64(54984.38978696784), np.float64(54984.037615650595), np.float64(55022.22281316519), np.float64(54986.06042106867), np.float64(54942.62933753379), np.float64(54923.28629347862), np.float64(54909.49874390602), np.float64(54877.28246475859), np.float64(54867.99337666233), np.float64(54880.58430366498), np.float64(54808.34002346173), np.float64(54773.09670022249), np.float64(54766.99152861286), np.float64(54845.723075072914), np.float64(54771.96827596038), np.float64(54775.23905600747), np.float64(54759.612491716194), np.float64(54701.43971465913), np.float64(54628.45605632522), np.float64(54628.3275835683), np.float64(54652.606935589785), np.float64(54601.867904483945), np.float64(54548.31235954086), np.float64(54519.18547816086), np.float64(54508.984955871914)]","[np.float64(55066.2180679369), np.float64(55063.359475488665), np.float64(55055.66092725277), np.float64(55021.87460008383), np.float64(54985.715556190014), np.float64(55022.22281316519), np.float64(55027.36397841931), np.float64(54986.06042106867), np.float64(54952.111448514464), np.float64(54932.54699866772), np.float64(54909.49874390602), np.float64(54884.929761230946), np.float64(54895.548328557015), np.float64(54882.61589560747), np.float64(54833.26197118282), np.float64(54773.09670022249), np.float64(54863.180351564886), np.float64(54848.42559490442), np.float64(54806.216863830094), np.float64(54783.01472052097), np.float64(54763.243583545685), np.float64(54717.87221746206), np.float64(54642.3689586854), np.float64(54668.47734194279), np.float64(54682.74004158258), np.float64(54605.02967333794), np.float64(54567.56161096335), np.float64(54536.33936318159), np.float64(54541.09484123945)]"
376,"[np.float64(55049.75830343724), np.float64(55046.77041885376), np.float64(55010.7867692709), np.float64(54985.488264737134), np.float64(54932.725226073264), np.float64(54935.3782903862), np.float64(54938.97606297016), np.float64(54905.85074828148), np.float64(54888.15948907137), np.float64(54892.69321308851), np.float64(54874.3758399725), np.float64(54872.43980614662), np.float64(54873.10223517418), np.float64(54888.094714226725), np.float64(54853.587106928826), np.float64(54796.12383555174), np.float64(54805.906253640656), np.float64(54812.20782868624), np.float64(54719.64483324051), np.float64(54649.1130115962), np.float64(54590.9428831172), np.float64(54628.98310182333), np.float64(54685.78639093637), np.float64(54653.703011174206), np.float64(54609.31279726029), np.float64(54600.42396296263), np.float64(54594.85500042439), np.float64(54597.12830128431), np.float64(54591.46378619194)]","[np.float64(55049.75830343724), np.float64(55060.08370080694), np.float64(55010.7867692709), np.float64(54985.488264737134), np.float64(54937.12674331718), np.float64(54938.97606297016), np.float64(54947.14900160484), np.float64(54911.907623620085), np.float64(54919.286819760535), np.float64(54892.69321308851), np.float64(54879.321078024586), np.float64(54876.19111783573), np.float64(54905.48362135762), np.float64(54891.190573941334), np.float64(54859.84377961187), np.float64(54813.95007515207), np.float64(54833.74148679474), np.float64(54812.20782868624), np.float64(54741.118050749494), np.float64(54658.84965443358), np.float64(54628.98870573671), np.float64(54703.58635556009), np.float64(54685.78639093637), np.float64(54675.798726700414), np.float64(54609.32461242281), np.float64(54600.429612998225), np.float64(54614.49753420709), np.float64(54612.81279029595), np.float64(54594.16116939689)]","[np.float64(55017.71775939229), np.float64(55010.7867692709), np.float64(54760.41148495498), np.float64(54932.725226073264), np.float64(54915.48838592803), np.float64(54935.37016147502), np.float64(54869.317818403535), np.float64(54888.14973042194), np.float64(54879.366996607874), np.float64(54857.89124869013), np.float64(54872.43980614662), np.float64(54866.167297839296), np.float64(54873.10223517418), np.float64(54831.548432044234), np.float64(54796.12383555174), np.float64(54737.7473835709), np.float64(54805.906253640656), np.float64(54662.18974419786), np.float64(54648.37232721037), np.float64(54590.93367855065), np.float64(54562.76924804995), np.float64(54628.98310182333), np.float64(54644.916305946565), np.float64(54578.087064394196), np.float64(54600.42396296263), np.float64(54547.91114274321), np.float64(54594.846550385366), np.float64(54591.46378619194), np.float64(54553.357698049855)]","[np.float64(55046.77041885376), np.float64(55010.7867692709), np.float64(54985.488264737134), np.float64(54932.725226073264), np.float64(54935.3782903862), np.float64(54938.97606297016), np.float64(54905.85074828148), np.float64(54888.15948907137), np.float64(54892.69321308851), np.float64(54874.3758399725), np.float64(54872.43980614662), np.float64(54873.10223517418), np.float64(54888.094714226725), np.float64(54853.587106928826), np.float64(54796.12383555174), np.float64(54805.906253640656), np.float64(54812.20782868624), np.float64(54719.64483324051), np.float64(54649.1130115962), np.float64(54590.9428831172), np.float64(54628.98310182333), np.float64(54685.78639093637), np.float64(54653.703011174206), np.float64(54609.31279726029), np.float64(54600.42396296263), np.float64(54594.85500042439), np.float64(54597.12830128431), np.float64(54591.46378619194), np.float64(54584.18633883476)]"
377,"[np.float64(55112.79285533905), np.float64(55093.62697039128), np.float64(55018.19878862143), np.float64(55004.16582719803), np.float64(54991.87354485035), np.float64(54992.06130175591), np.float64(54998.89021872759), np.float64(54981.91521734238), np.float64(54955.72312901735), np.float64(54970.61181378603), np.float64(54958.66066178322), np.float64(54952.555600481035), np.float64(54888.63248709202), np.float64(54861.800248165135), np.float64(54833.055927939415), np.float64(54877.856554238795), np.float64(54833.937149136065), np.float64(54860.39451813698), np.float64(54830.95042354584), np.float64(54776.344585623745), np.float64(54683.18432232618), np.float64(54723.26153604746), np.float64(54726.7296301651), np.float64(54692.03375085354), np.float64(54755.82164836407), np.float64(54708.222954819204), np.float64(54623.75758761645), np.float64(54604.68364946604), np.float64(54616.619734556676)]","[np.float64(55138.82141527412), np.float64(55111.69368683823), np.float64(55023.76114185904), np.float64(55010.80334417497), np.float64(55015.88022660784), np.float64(54998.89021872759), np.float64(55005.52029896561), np.float64(54981.926950025394), np.float64(54979.3089044997), np.float64(54970.619320104706), np.float64(54961.48775269408), np.float64(54958.451024653266), np.float64(54888.63248709202), np.float64(54915.137886977776), np.float64(54877.856554238795), np.float64(54877.86844049569), np.float64(54861.308832896524), np.float64(54860.43903663112), np.float64(54848.61990780682), np.float64(54776.35743792019), np.float64(54729.127164217454), np.float64(54739.379485995465), np.float64(54739.94356160618), np.float64(54755.82164836407), np.float64(54755.82164836407), np.float64(54710.94263505329), np.float64(54623.75758761645), np.float64(54650.59747366028), np.float64(54657.32941041491)]","[np.float64(55093.61316647761), np.float64(55011.3874278711), np.float64(55002.19817654082), np.float64(54991.86768298687), np.float64(54991.859813942116), np.float64(54990.58666174376), np.float64(54976.451713244634), np.float64(54955.72312901735), np.float64(54954.01544557825), np.float64(54958.66066178322), np.float64(54946.61037784156), np.float64(54888.623995565715), np.float64(54861.763135726505), np.float64(54826.11174504079), np.float64(54833.055927939415), np.float64(54781.41485138742), np.float64(54825.49666119917), np.float64(54803.644315938174), np.float64(54764.72360095478), np.float64(54683.1622277775), np.float64(54683.16704471022), np.float64(54686.267204633376), np.float64(54687.16197763087), np.float64(54678.89436182886), np.float64(54696.1366417681), np.float64(54620.732688459095), np.float64(54603.31833238153), np.float64(54596.78174802425), np.float64(54607.11696815778)]","[np.float64(55093.62697039128), np.float64(55018.19878862143), np.float64(55004.16582719803), np.float64(54991.87354485035), np.float64(54992.06130175591), np.float64(54998.89021872759), np.float64(54981.91521734238), np.float64(54955.72312901735), np.float64(54970.61181378603), np.float64(54958.66066178322), np.float64(54952.555600481035), np.float64(54888.63248709202), np.float64(54861.800248165135), np.float64(54833.055927939415), np.float64(54877.856554238795), np.float64(54833.937149136065), np.float64(54860.39451813698), np.float64(54830.95042354584), np.float64(54776.344585623745), np.float64(54683.18432232618), np.float64(54723.26153604746), np.float64(54726.7296301651), np.float64(54692.03375085354), np.float64(54755.82164836407), np.float64(54708.222954819204), np.float64(54623.75758761645), np.float64(54604.68364946604), np.float64(54616.619734556676), np.float64(54645.79198084355)]"
378,"[np.float64(55052.32199649334), np.float64(55018.40650596619), np.float64(54997.80810536862), np.float64(54989.65703465939), np.float64(54951.26190646648), np.float64(54929.51391334772), np.float64(54940.68635066748), np.float64(54953.496702995304), np.float64(54914.13832263947), np.float64(54879.71274630785), np.float64(54902.39025200844), np.float64(54906.91895372153), np.float64(54849.16194194555), np.float64(54839.086813673974), np.float64(54800.96250356913), np.float64(54764.870166175366), np.float64(54782.27953247309), np.float64(54797.943970053195), np.float64(54764.73095820904), np.float64(54736.800122463705), np.float64(54728.57758050442), np.float64(54699.712467427256), np.float64(54734.73067563772), np.float64(54652.36707829475), np.float64(54672.477929067616), np.float64(54634.39070674658), np.float64(54577.30320673466), np.float64(54602.19323053837), np.float64(54539.88523862362)]","[np.float64(55074.683534663454), np.float64(55018.40650596619), np.float64(55010.79564515224), np.float64(54989.65703465939), np.float64(54962.40198553779), np.float64(54940.68635066748), np.float64(54962.96771925402), np.float64(54953.496702995304), np.float64(54936.77504862036), np.float64(54902.39025200844), np.float64(54920.273019161716), np.float64(54906.91895372153), np.float64(54868.59001611213), np.float64(54839.086813673974), np.float64(54832.12888326839), np.float64(54782.28519797896), np.float64(54797.949475437155), np.float64(54808.2016103919), np.float64(54790.63109857758), np.float64(54736.800122463705), np.float64(54753.9039415497), np.float64(54734.74272320801), np.float64(54734.73067563772), np.float64(54716.31836284096), np.float64(54672.477929067616), np.float64(54653.527820844334), np.float64(54602.19323053837), np.float64(54634.95533779438), np.float64(54539.89092132264)]","[np.float64(55010.440435532626), np.float64(54985.36933679468), np.float64(54989.65703465939), np.float64(54926.187803588036), np.float64(54922.71813477969), np.float64(54929.451248038546), np.float64(54932.48968368145), np.float64(54914.13832263947), np.float64(54850.55397963993), np.float64(54868.60837173204), np.float64(54902.39025200844), np.float64(54836.98179016218), np.float64(54839.086813673974), np.float64(54796.81470841624), np.float64(54764.85304828867), np.float64(54759.73616582276), np.float64(54782.27953247309), np.float64(54751.78353591377), np.float64(54736.800122463705), np.float64(54690.2131785567), np.float64(54699.703804901146), np.float64(54695.17164190468), np.float64(54652.363882385944), np.float64(54624.70570760977), np.float64(54630.0366293134), np.float64(54575.8258450275), np.float64(54577.30320673466), np.float64(54524.577273487535), np.float64(54520.344081379284)]","[np.float64(55018.40650596619), np.float64(54997.80810536862), np.float64(54989.65703465939), np.float64(54951.26190646648), np.float64(54929.51391334772), np.float64(54940.68635066748), np.float64(54953.496702995304), np.float64(54914.13832263947), np.float64(54879.71274630785), np.float64(54902.39025200844), np.float64(54906.91895372153), np.float64(54849.16194194555), np.float64(54839.086813673974), np.float64(54800.96250356913), np.float64(54764.870166175366), np.float64(54782.27953247309), np.float64(54797.943970053195), np.float64(54764.73095820904), np.float64(54736.800122463705), np.float64(54728.57758050442), np.float64(54699.712467427256), np.float64(54734.73067563772), np.float64(54652.36707829475), np.float64(54672.477929067616), np.float64(54634.39070674658), np.float64(54577.30320673466), np.float64(54602.19323053837), np.float64(54539.88523862362), np.float64(54537.404864304066)]"
379,"[np.float64(55060.24113977671), np.float64(55037.51341103554), np.float64(55052.92686218977), np.float64(55026.411028418544), np.float64(55046.754708056455), np.float64(55000.28165450573), np.float64(54952.32908169031), np.float64(54854.22790141583), np.float64(54905.56731004477), np.float64(54940.48726138353), np.float64(54942.23437931061), np.float64(54923.49822330237), np.float64(54909.31755462885), np.float64(54877.91746577263), np.float64(54891.76769259453), np.float64(54832.10117506028), np.float64(54785.18538609028), np.float64(54754.67579037666), np.float64(54715.65879791975), np.float64(54723.32656844616), np.float64(54628.27341162682), np.float64(54606.55851420403), np.float64(54588.47834837198), np.float64(54603.5641907692), np.float64(54639.42266908169), np.float64(54583.213428394796), np.float64(54588.48736276388), np.float64(54515.24826167822), np.float64(54470.17874894619)]","[np.float64(55088.97935764228), np.float64(55052.93480954093), np.float64(55094.0606841302), np.float64(55053.81472728986), np.float64(55064.50678755768), np.float64(55000.29060681837), np.float64(54963.13267432589), np.float64(54906.96410894572), np.float64(54955.46868183508), np.float64(54963.820163703036), np.float64(54944.06802585766), np.float64(54947.415622643), np.float64(54909.31755462885), np.float64(54904.08546095566), np.float64(54893.295011502145), np.float64(54845.28568377167), np.float64(54785.197281029024), np.float64(54770.63238255464), np.float64(54734.25858659866), np.float64(54724.645374183456), np.float64(54671.43856246899), np.float64(54611.502021318), np.float64(54688.8621336128), np.float64(54639.428155280766), np.float64(54652.17039867953), np.float64(54594.92707395408), np.float64(54588.48736276388), np.float64(54527.69731439646), np.float64(54520.12386921383)]","[np.float64(55037.261871070914), np.float64(55028.34866425369), np.float64(55026.411028418544), np.float64(55021.27544501257), np.float64(54989.67653587209), np.float64(54925.749257099385), np.float64(54854.22790141583), np.float64(54844.92029108444), np.float64(54899.33041033665), np.float64(54927.11766864287), np.float64(54906.20399138334), np.float64(54909.31755462885), np.float64(54869.36657719247), np.float64(54855.27654533668), np.float64(54799.09775453187), np.float64(54781.78307284914), np.float64(54747.5832240148), np.float64(54709.214983075915), np.float64(54715.65334553772), np.float64(54543.43855921485), np.float64(54606.549627997374), np.float64(54543.13846657834), np.float64(54588.47040042963), np.float64(54574.58115272357), np.float64(54558.290913924626), np.float64(54582.52132821798), np.float64(54485.53863463122), np.float64(54452.99295642844), np.float64(54457.193835233564)]","[np.float64(55037.51341103554), np.float64(55052.92686218977), np.float64(55026.411028418544), np.float64(55046.754708056455), np.float64(55000.28165450573), np.float64(54952.32908169031), np.float64(54854.22790141583), np.float64(54905.56731004477), np.float64(54940.48726138353), np.float64(54942.23437931061), np.float64(54923.49822330237), np.float64(54909.31755462885), np.float64(54877.91746577263), np.float64(54891.76769259453), np.float64(54832.10117506028), np.float64(54785.18538609028), np.float64(54754.67579037666), np.float64(54715.65879791975), np.float64(54723.32656844616), np.float64(54628.27341162682), np.float64(54606.55851420403), np.float64(54588.47834837198), np.float64(54603.5641907692), np.float64(54639.42266908169), np.float64(54583.213428394796), np.float64(54588.48736276388), np.float64(54515.24826167822), np.float64(54470.17874894619), np.float64(54492.14334502459)]"
380,"[np.float64(55240.410116562845), np.float64(55235.16811889649), np.float64(55192.12310980797), np.float64(55195.03089508057), np.float64(55176.45609668732), np.float64(55229.34765482426), np.float64(55168.14521368742), np.float64(55168.32099432946), np.float64(55062.22726786614), np.float64(55059.206802694796), np.float64(55025.03440199852), np.float64(55071.16632520437), np.float64(54998.354248740674), np.float64(54989.942404551504), np.float64(54985.25067112208), np.float64(54997.46208149672), np.float64(54997.88395503759), np.float64(54977.452707021235), np.float64(54935.12962194681), np.float64(54931.341903247834), np.float64(54910.64833642721), np.float64(54932.07361431599), np.float64(54931.226132700445), np.float64(54891.2306923914), np.float64(54856.46037995815), np.float64(54858.92658880472), np.float64(54814.88252753973), np.float64(54814.71344330311), np.float64(54783.480893359185)]","[np.float64(55240.42197402937), np.float64(55271.2830226446), np.float64(55203.73136560698), np.float64(55198.09384648902), np.float64(55229.361392732826), np.float64(55296.298171840404), np.float64(55190.82931141708), np.float64(55228.136165935364), np.float64(55070.359814689815), np.float64(55080.0864908223), np.float64(55093.60306508801), np.float64(55115.09184989514), np.float64(55033.26971559692), np.float64(55024.445934770665), np.float64(55036.85015385969), np.float64(55004.80257980866), np.float64(55039.129670970804), np.float64(54990.17329846902), np.float64(54988.32617452421), np.float64(54941.222865811724), np.float64(54949.48883192451), np.float64(54956.17651043013), np.float64(54931.23507340236), np.float64(54904.225738958754), np.float64(54904.212690902306), np.float64(54875.36580766199), np.float64(54835.73970587785), np.float64(54838.32465292629), np.float64(54810.41973765229)]","[np.float64(55235.15494819324), np.float64(55186.88526470666), np.float64(55192.113814304306), np.float64(55159.59088497277), np.float64(55163.12799572583), np.float64(55156.62593232514), np.float64(55160.127082984734), np.float64(55047.36800290253), np.float64(55036.06037609786), np.float64(54997.51278301738), np.float64(55025.03440199852), np.float64(54954.9839626304), np.float64(54942.22287729348), np.float64(54973.35357424475), np.float64(54976.53691102821), np.float64(54988.39251573617), np.float64(54936.08451438615), np.float64(54903.85529043302), np.float64(54886.148843486466), np.float64(54905.735234489715), np.float64(54870.45364700553), np.float64(54890.06384892705), np.float64(54870.44137837145), np.float64(54834.50840018253), np.float64(54816.18953568446), np.float64(54798.16980420881), np.float64(54774.72111887402), np.float64(54762.1855208728), np.float64(54752.83044044241)]","[np.float64(55235.16811889649), np.float64(55192.12310980797), np.float64(55195.03089508057), np.float64(55176.45609668732), np.float64(55229.34765482426), np.float64(55168.14521368742), np.float64(55168.32099432946), np.float64(55062.22726786614), np.float64(55059.206802694796), np.float64(55025.03440199852), np.float64(55071.16632520437), np.float64(54998.354248740674), np.float64(54989.942404551504), np.float64(54985.25067112208), np.float64(54997.46208149672), np.float64(54997.88395503759), np.float64(54977.452707021235), np.float64(54935.12962194681), np.float64(54931.341903247834), np.float64(54910.64833642721), np.float64(54932.07361431599), np.float64(54931.226132700445), np.float64(54891.2306923914), np.float64(54856.46037995815), np.float64(54858.92658880472), np.float64(54814.88252753973), np.float64(54814.71344330311), np.float64(54783.480893359185), np.float64(54772.64263242483)]"
381,"[np.float64(55067.01468262672), np.float64(55070.3409932375), np.float64(55061.45537836552), np.float64(55054.88697731972), np.float64(55030.58147244215), np.float64(54972.26106117249), np.float64(54979.46896893501), np.float64(54946.11983977318), np.float64(54906.39882330895), np.float64(54954.89741071939), np.float64(54874.37223421574), np.float64(54858.11838418245), np.float64(54850.924384338854), np.float64(54868.4938204813), np.float64(54855.06327799082), np.float64(54828.0054217124), np.float64(54796.72651203871), np.float64(54803.324660577775), np.float64(54743.02417373896), np.float64(54731.40230459452), np.float64(54697.536264445785), np.float64(54668.19519147635), np.float64(54701.82531211138), np.float64(54644.025675139426), np.float64(54693.830963044165), np.float64(54649.286087920664), np.float64(54572.44110129833), np.float64(54506.13290858984), np.float64(54446.78794729233)]","[np.float64(55070.3409932375), np.float64(55070.350560397914), np.float64(55061.4556185464), np.float64(55133.510659061154), np.float64(55030.58994277143), np.float64(54979.46896893501), np.float64(54989.70103332769), np.float64(54946.11983977318), np.float64(54998.7366813703), np.float64(54954.90308094234), np.float64(54885.24788293641), np.float64(54858.11838418245), np.float64(54986.67826050827), np.float64(54868.50874934456), np.float64(54855.08677029623), np.float64(54841.034718945506), np.float64(54856.212426013604), np.float64(54818.9808632066), np.float64(54745.42089738722), np.float64(54740.56399342554), np.float64(54717.26731603374), np.float64(54748.759297566474), np.float64(54719.34720075472), np.float64(54722.847825687306), np.float64(54726.18095512626), np.float64(54649.286087920664), np.float64(54658.827457209176), np.float64(54506.13290858984), np.float64(54458.970749083346)]","[np.float64(55027.74540280933), np.float64(55049.281800771256), np.float64(55054.88697731972), np.float64(54997.135817559414), np.float64(54972.25259892608), np.float64(54935.019058477716), np.float64(54925.49018431547), np.float64(54884.672822885565), np.float64(54901.58226764285), np.float64(54873.584598468), np.float64(54842.60976044449), np.float64(54825.6595370085), np.float64(54833.7229426515), np.float64(54801.782123291974), np.float64(54826.70434061665), np.float64(54780.22684039949), np.float64(54795.21267395413), np.float64(54695.67284415932), np.float64(54728.12600240546), np.float64(54663.34913348049), np.float64(54667.54114869227), np.float64(54626.015631448376), np.float64(54627.41847751856), np.float64(54619.03581499257), np.float64(54646.6355598938), np.float64(54547.76913751833), np.float64(54433.03308843007), np.float64(54446.78794729233), np.float64(54359.660478442835)]","[np.float64(55070.3409932375), np.float64(55061.45537836552), np.float64(55054.88697731972), np.float64(55030.58147244215), np.float64(54972.26106117249), np.float64(54979.46896893501), np.float64(54946.11983977318), np.float64(54906.39882330895), np.float64(54954.89741071939), np.float64(54874.37223421574), np.float64(54858.11838418245), np.float64(54850.924384338854), np.float64(54868.4938204813), np.float64(54855.06327799082), np.float64(54828.0054217124), np.float64(54796.72651203871), np.float64(54803.324660577775), np.float64(54743.02417373896), np.float64(54731.40230459452), np.float64(54697.536264445785), np.float64(54668.19519147635), np.float64(54701.82531211138), np.float64(54644.025675139426), np.float64(54693.830963044165), np.float64(54649.286087920664), np.float64(54572.44110129833), np.float64(54506.13290858984), np.float64(54446.78794729233), np.float64(54430.10243666411)]"
382,"[np.float64(55067.20475751877), np.float64(55084.96877574921), np.float64(55032.36439038277), np.float64(54971.85026245594), np.float64(54964.492458233835), np.float64(54918.17625510216), np.float64(55030.07112908363), np.float64(54982.32266785622), np.float64(55001.279805243015), np.float64(55050.12518918753), np.float64(54995.43680519104), np.float64(55066.0595434165), np.float64(54920.3869703269), np.float64(54845.04738715172), np.float64(54930.25425247669), np.float64(54743.42157964468), np.float64(54830.391788802146), np.float64(54829.23794663906), np.float64(54746.948138532636), np.float64(54837.297456882), np.float64(54690.22803937912), np.float64(54850.368196358686), np.float64(54797.08219418764), np.float64(54682.531937906744), np.float64(54736.01986245632), np.float64(54659.47235076666), np.float64(54574.13001200915), np.float64(54644.35817742348), np.float64(54577.208169288635)]","[np.float64(55084.96877574921), np.float64(55099.24879152057), np.float64(55032.37363919788), np.float64(54971.85026245594), np.float64(54989.90648530737), np.float64(55030.079636669376), np.float64(55030.07112908363), np.float64(55016.533646482276), np.float64(55050.12518918753), np.float64(55050.135225904865), np.float64(55067.0934790034), np.float64(55075.41146410383), np.float64(54926.65086274152), np.float64(54945.242059252545), np.float64(54930.25425247669), np.float64(54874.80870359967), np.float64(54830.391788802146), np.float64(54844.99705155767), np.float64(54839.06342855097), np.float64(54845.87283648917), np.float64(54858.49440741022), np.float64(54868.04653833878), np.float64(54797.08219418764), np.float64(54761.75460482313), np.float64(54768.54956463743), np.float64(54659.47235076666), np.float64(54821.39186713177), np.float64(54644.35817742348), np.float64(54593.40294867546)]","[np.float64(55051.924146792204), np.float64(55032.36439038277), np.float64(54965.61487820719), np.float64(54964.48377798242), np.float64(54918.16650281481), np.float64(54901.783641091184), np.float64(54982.297375971495), np.float64(54981.03692615671), np.float64(55001.27079724894), np.float64(54925.85119611427), np.float64(54995.43680519104), np.float64(54904.261398052644), np.float64(54845.04738715172), np.float64(54806.3367459348), np.float64(54730.67393277719), np.float64(54743.39502890028), np.float64(54829.23794663906), np.float64(54699.63001386514), np.float64(54746.948138532636), np.float64(54655.03875528684), np.float64(54690.11442053403), np.float64(54797.08219418764), np.float64(54678.88939091641), np.float64(54650.91406284951), np.float64(54659.47235076666), np.float64(54538.90865717422), np.float64(54574.13001200915), np.float64(54537.64162430126), np.float64(54515.78507912078)]","[np.float64(55084.96877574921), np.float64(55032.36439038277), np.float64(54971.85026245594), np.float64(54964.492458233835), np.float64(54918.17625510216), np.float64(55030.07112908363), np.float64(54982.32266785622), np.float64(55001.279805243015), np.float64(55050.12518918753), np.float64(54995.43680519104), np.float64(55066.0595434165), np.float64(54920.3869703269), np.float64(54845.04738715172), np.float64(54930.25425247669), np.float64(54743.42157964468), np.float64(54830.391788802146), np.float64(54829.23794663906), np.float64(54746.948138532636), np.float64(54837.297456882), np.float64(54690.22803937912), np.float64(54850.368196358686), np.float64(54797.08219418764), np.float64(54682.531937906744), np.float64(54736.01986245632), np.float64(54659.47235076666), np.float64(54574.13001200915), np.float64(54644.35817742348), np.float64(54577.208169288635), np.float64(54530.07436081171)]"
383,"[np.float64(55174.22670879364), np.float64(55149.738984422685), np.float64(55128.90389164925), np.float64(55094.13151878357), np.float64(55098.97881486177), np.float64(55054.58422252894), np.float64(55055.23428896189), np.float64(55017.98823818207), np.float64(55047.56342778683), np.float64(55031.84786572695), np.float64(54963.048352651596), np.float64(54904.69317158461), np.float64(54951.01220781088), np.float64(54922.03389972687), np.float64(54899.39901922226), np.float64(54898.79505496502), np.float64(54857.13736078978), np.float64(54800.50418612957), np.float64(54787.154000504015), np.float64(54721.985098154546), np.float64(54677.653606565), np.float64(54699.83094229222), np.float64(54585.40650116682), np.float64(54591.41085883379), np.float64(54572.011758689885), np.float64(54608.186642158034), np.float64(54560.72136161327), np.float64(54516.646393861774), np.float64(54550.60579735518)]","[np.float64(55174.22670879364), np.float64(55164.14508194923), np.float64(55146.968014316124), np.float64(55098.97881486177), np.float64(55110.5576499296), np.float64(55055.23428896189), np.float64(55071.16043131054), np.float64(55047.56342778683), np.float64(55071.28191022323), np.float64(55036.38055462728), np.float64(54967.33273890301), np.float64(54951.01220781088), np.float64(54955.11941629056), np.float64(54924.92436840097), np.float64(54909.60629085514), np.float64(54898.79505496502), np.float64(54857.146251147235), np.float64(54805.05159123783), np.float64(54787.154000504015), np.float64(54764.26022425837), np.float64(54701.22230352446), np.float64(54699.8423294914), np.float64(54632.63561490443), np.float64(54591.41085883379), np.float64(54608.210582469495), np.float64(54608.200165711925), np.float64(54622.97697176518), np.float64(54550.60579735518), np.float64(54573.22758831036)]","[np.float64(55148.867958783885), np.float64(55126.46139076125), np.float64(55094.13151878357), np.float64(55094.10435646006), np.float64(55015.265390044544), np.float64(55054.58422252894), np.float64(55006.44744470538), np.float64(55017.98823818207), np.float64(55023.236042287186), np.float64(54963.03988973472), np.float64(54885.88627438287), np.float64(54900.816572772404), np.float64(54858.711805789986), np.float64(54897.65121156839), np.float64(54883.02871326955), np.float64(54820.73797692763), np.float64(54800.50418612957), np.float64(54669.75209302492), np.float64(54721.95927762489), np.float64(54648.859268640386), np.float64(54673.00827808038), np.float64(54432.93447282978), np.float64(54581.78563787221), np.float64(54507.22118416341), np.float64(54572.011758689885), np.float64(54497.4347998999), np.float64(54516.646393861774), np.float64(54516.646393861774), np.float64(54437.05398626636)]","[np.float64(55149.738984422685), np.float64(55128.90389164925), np.float64(55094.13151878357), np.float64(55098.97881486177), np.float64(55054.58422252894), np.float64(55055.23428896189), np.float64(55017.98823818207), np.float64(55047.56342778683), np.float64(55031.84786572695), np.float64(54963.048352651596), np.float64(54904.69317158461), np.float64(54951.01220781088), np.float64(54922.03389972687), np.float64(54899.39901922226), np.float64(54898.79505496502), np.float64(54857.13736078978), np.float64(54800.50418612957), np.float64(54787.154000504015), np.float64(54721.985098154546), np.float64(54677.653606565), np.float64(54699.83094229222), np.float64(54585.40650116682), np.float64(54591.41085883379), np.float64(54572.011758689885), np.float64(54608.186642158034), np.float64(54560.72136161327), np.float64(54516.646393861774), np.float64(54550.60579735518), np.float64(54562.74869835138)]"
384,"[np.float64(55167.42058535576), np.float64(55126.04735963345), np.float64(55056.326833260064), np.float64(55061.46645318985), np.float64(54975.2999414587), np.float64(55064.257952806955), np.float64(54959.803557899), np.float64(54930.9966520381), np.float64(54977.019758656024), np.float64(54963.182151982786), np.float64(55009.475819134714), np.float64(54944.314900960926), np.float64(54989.4914274025), np.float64(54980.173379273416), np.float64(54953.90582761049), np.float64(54852.20584453583), np.float64(54838.570417795185), np.float64(54835.618590779304), np.float64(54795.63705838919), np.float64(54727.151117374895), np.float64(54816.87316282511), np.float64(54811.843003368376), np.float64(54754.855176775454), np.float64(54697.14838804007), np.float64(54743.211286759375), np.float64(54617.051008820534), np.float64(54603.05603662014), np.float64(54595.188919255736), np.float64(54505.13990893364)]","[np.float64(55167.42058535576), np.float64(55126.04735963345), np.float64(55061.46645318985), np.float64(55122.347324060596), np.float64(55064.26724322482), np.float64(55064.257952806955), np.float64(54978.103809886474), np.float64(54977.029634507926), np.float64(54985.435267050445), np.float64(55048.729668104555), np.float64(55009.475819134714), np.float64(55002.73965522056), np.float64(55016.55610923806), np.float64(54980.173379273416), np.float64(55018.83543643706), np.float64(54855.20164785919), np.float64(54862.776804896675), np.float64(54835.62772937209), np.float64(54795.64547285515), np.float64(54822.37251753673), np.float64(54819.79141473115), np.float64(54819.063438286394), np.float64(54768.36110478318), np.float64(54765.02092441929), np.float64(54835.08926071597), np.float64(54617.05944703218), np.float64(54642.97421995525), np.float64(54629.2551555783), np.float64(54514.07287951092)]","[np.float64(55108.68440362608), np.float64(55052.52358600125), np.float64(55056.326833260064), np.float64(54964.055436458344), np.float64(54975.2999414587), np.float64(54938.6004390397), np.float64(54930.9966520381), np.float64(54844.57739402528), np.float64(54954.53949807374), np.float64(54957.66413257334), np.float64(54944.30945523738), np.float64(54920.237695695425), np.float64(54980.16467997062), np.float64(54939.05106060998), np.float64(54840.36511937865), np.float64(54837.91477766821), np.float64(54823.139322609444), np.float64(54791.97014206769), np.float64(54705.791847047054), np.float64(54714.73604796868), np.float64(54803.31255840755), np.float64(54740.39647367358), np.float64(54686.51785611406), np.float64(54669.910484757915), np.float64(54610.12740711372), np.float64(54597.61030603219), np.float64(54532.648107408364), np.float64(54505.13990893364), np.float64(54436.20936256628)]","[np.float64(55126.04735963345), np.float64(55056.326833260064), np.float64(55061.46645318985), np.float64(54975.2999414587), np.float64(55064.257952806955), np.float64(54959.803557899), np.float64(54930.9966520381), np.float64(54977.019758656024), np.float64(54963.182151982786), np.float64(55009.475819134714), np.float64(54944.314900960926), np.float64(54989.4914274025), np.float64(54980.173379273416), np.float64(54953.90582761049), np.float64(54852.20584453583), np.float64(54838.570417795185), np.float64(54835.618590779304), np.float64(54795.63705838919), np.float64(54727.151117374895), np.float64(54816.87316282511), np.float64(54811.843003368376), np.float64(54754.855176775454), np.float64(54697.14838804007), np.float64(54743.211286759375), np.float64(54617.051008820534), np.float64(54603.05603662014), np.float64(54595.188919255736), np.float64(54505.13990893364), np.float64(54481.17810994148)]"
385,"[np.float64(55119.6121140337), np.float64(55109.68237502575), np.float64(55059.37060707331), np.float64(55005.85306380749), np.float64(54962.071707677846), np.float64(54942.42226499319), np.float64(54937.31625586748), np.float64(54941.89427918196), np.float64(54924.99705912113), np.float64(54936.19692594767), np.float64(54899.224397573475), np.float64(54888.167859578134), np.float64(54873.18194815397), np.float64(54871.46264606476), np.float64(54883.23672965527), np.float64(54852.17931646824), np.float64(54833.58481518984), np.float64(54820.50377355099), np.float64(54769.445871503354), np.float64(54777.50847239495), np.float64(54716.56835006237), np.float64(54744.822416145806), np.float64(54676.725381753444), np.float64(54684.718443050384), np.float64(54672.74346729756), np.float64(54677.39399207831), np.float64(54665.916739535336), np.float64(54622.96831321716), np.float64(54601.44413457155)]","[np.float64(55119.6121140337), np.float64(55112.268293533256), np.float64(55069.18890887621), np.float64(55005.85306380749), np.float64(54968.90834120117), np.float64(54942.42226499319), np.float64(54941.90302563586), np.float64(54941.90543299015), np.float64(54939.62879049828), np.float64(54936.19692594767), np.float64(54922.51827152991), np.float64(54888.167859578134), np.float64(54873.18194815397), np.float64(54892.127263118804), np.float64(54885.50901803298), np.float64(54852.17931646824), np.float64(54833.58481518984), np.float64(54820.50377355099), np.float64(54792.48158215989), np.float64(54777.519377250035), np.float64(54744.82803416326), np.float64(54756.3436235111), np.float64(54688.23658172538), np.float64(54684.718443050384), np.float64(54690.89978333765), np.float64(54688.40938178253), np.float64(54674.68924803061), np.float64(54622.96831321716), np.float64(54616.81486599978)]","[np.float64(55109.68237502575), np.float64(55059.37060707331), np.float64(55001.393259541976), np.float64(54962.071707677846), np.float64(54938.927899461465), np.float64(54937.30779643008), np.float64(54937.31625586748), np.float64(54924.97794025838), np.float64(54924.22045890986), np.float64(54899.224397573475), np.float64(54882.312428399244), np.float64(54873.17644171183), np.float64(54870.75532715569), np.float64(54861.56047536414), np.float64(54852.17000166792), np.float64(54814.88647033394), np.float64(54819.30761094633), np.float64(54745.10398207333), np.float64(54769.43702591112), np.float64(54690.92244558162), np.float64(54716.55936562381), np.float64(54643.36855201547), np.float64(54676.71562695817), np.float64(54613.28100901465), np.float64(54672.73435657133), np.float64(54661.03053447393), np.float64(54621.85391531417), np.float64(54455.764671713194), np.float64(54588.52559956874)]","[np.float64(55109.68237502575), np.float64(55059.37060707331), np.float64(55005.85306380749), np.float64(54962.071707677846), np.float64(54942.42226499319), np.float64(54937.31625586748), np.float64(54941.89427918196), np.float64(54924.99705912113), np.float64(54936.19692594767), np.float64(54899.224397573475), np.float64(54888.167859578134), np.float64(54873.18194815397), np.float64(54871.46264606476), np.float64(54883.23672965527), np.float64(54852.17931646824), np.float64(54833.58481518984), np.float64(54820.50377355099), np.float64(54769.445871503354), np.float64(54777.50847239495), np.float64(54716.56835006237), np.float64(54744.822416145806), np.float64(54676.725381753444), np.float64(54684.718443050384), np.float64(54672.74346729756), np.float64(54677.39399207831), np.float64(54665.916739535336), np.float64(54622.96831321716), np.float64(54601.44413457155), np.float64(54591.165152266025)]"
386,"[np.float64(55092.728621850016), np.float64(55118.5084949112), np.float64(55090.19210074663), np.float64(55049.918759613036), np.float64(55046.79694692135), np.float64(55053.98579568386), np.float64(55002.00481990576), np.float64(54986.63811481238), np.float64(54947.999340484144), np.float64(54962.060761630535), np.float64(54984.701437101365), np.float64(54933.78209913492), np.float64(54873.175251748566), np.float64(54870.52823995591), np.float64(54831.15363369465), np.float64(54855.08748807192), np.float64(54833.7578915143), np.float64(54849.91979475022), np.float64(54743.44102497578), np.float64(54732.299751696584), np.float64(54678.78620051861), np.float64(54643.62002750397), np.float64(54680.42025221587), np.float64(54682.917238771915), np.float64(54645.471068491934), np.float64(54606.44609185934), np.float64(54616.8994382596), np.float64(54515.67683162451), np.float64(54486.42603135109)]","[np.float64(55121.17455648423), np.float64(55118.5084949112), np.float64(55103.302078341374), np.float64(55049.918759613036), np.float64(55072.222533834116), np.float64(55053.98579568386), np.float64(55018.29345215671), np.float64(54986.63811481238), np.float64(55011.91118784774), np.float64(54984.701437101365), np.float64(54998.785128965035), np.float64(54933.78209913492), np.float64(54896.507291740556), np.float64(54870.52823995591), np.float64(54894.94047499303), np.float64(54855.08748807192), np.float64(54867.108377258504), np.float64(54849.91979475022), np.float64(54743.45816801576), np.float64(54775.722743042876), np.float64(54678.78620051861), np.float64(54680.42025221587), np.float64(54684.50407571956), np.float64(54695.57808243749), np.float64(54645.471068491934), np.float64(54620.54328538577), np.float64(54677.16502039581), np.float64(54515.67683162451), np.float64(54510.586221856975)]","[np.float64(55092.728621850016), np.float64(55073.76708057935), np.float64(55049.918759613036), np.float64(55046.78736432086), np.float64(55022.71256193783), np.float64(55002.00481990576), np.float64(54905.76882764109), np.float64(54947.989477322095), np.float64(54928.98220590524), np.float64(54962.060761630535), np.float64(54933.76799923049), np.float64(54862.657205333766), np.float64(54862.506637945684), np.float64(54819.43892440775), np.float64(54831.15363369465), np.float64(54790.51733180425), np.float64(54833.7578915143), np.float64(54721.34773063934), np.float64(54729.5591987212), np.float64(54664.67865089743), np.float64(54640.79857420154), np.float64(54599.48536141255), np.float64(54670.43594839331), np.float64(54629.179969808305), np.float64(54606.44609185934), np.float64(54565.47198067895), np.float64(54515.67683162451), np.float64(54480.17142919751), np.float64(54420.33928385783)]","[np.float64(55118.5084949112), np.float64(55090.19210074663), np.float64(55049.918759613036), np.float64(55046.79694692135), np.float64(55053.98579568386), np.float64(55002.00481990576), np.float64(54986.63811481238), np.float64(54947.999340484144), np.float64(54962.060761630535), np.float64(54984.701437101365), np.float64(54933.78209913492), np.float64(54873.175251748566), np.float64(54870.52823995591), np.float64(54831.15363369465), np.float64(54855.08748807192), np.float64(54833.7578915143), np.float64(54849.91979475022), np.float64(54743.44102497578), np.float64(54732.299751696584), np.float64(54678.78620051861), np.float64(54643.62002750397), np.float64(54680.42025221587), np.float64(54682.917238771915), np.float64(54645.471068491934), np.float64(54606.44609185934), np.float64(54616.8994382596), np.float64(54515.67683162451), np.float64(54486.42603135109), np.float64(54493.33543396473)]"
387,"[np.float64(55169.57296458721), np.float64(55143.41757771492), np.float64(55145.421992142205), np.float64(55072.595878982545), np.float64(55041.431580863), np.float64(55045.14190456867), np.float64(55005.688100435735), np.float64(55084.19856034994), np.float64(55064.25653625965), np.float64(55083.31527872086), np.float64(54985.13103726387), np.float64(55062.3296456027), np.float64(54911.11940279246), np.float64(54975.929403567316), np.float64(54985.980192980765), np.float64(54869.83838142157), np.float64(54875.88446284533), np.float64(54941.20416309357), np.float64(54919.497121069435), np.float64(54877.26070293427), np.float64(54762.00513487578), np.float64(54863.05492274046), np.float64(54758.185350697044), np.float64(54767.61491973162), np.float64(54758.87211858272), np.float64(54709.186206982136), np.float64(54592.880977375506), np.float64(54609.56223836184), np.float64(54586.0220553565)]","[np.float64(55207.31570718614), np.float64(55145.421992142205), np.float64(55161.98197197694), np.float64(55108.998053212366), np.float64(55057.30950178937), np.float64(55045.14190456867), np.float64(55108.34128007552), np.float64(55106.61256920096), np.float64(55083.31527872086), np.float64(55107.9024003393), np.float64(55062.3296456027), np.float64(55148.12364794395), np.float64(54979.24170964319), np.float64(55020.151691851795), np.float64(54990.75202881789), np.float64(54887.61533693332), np.float64(54947.690461812796), np.float64(54968.21404366779), np.float64(54925.74095104808), np.float64(54887.05922138725), np.float64(54863.068615543925), np.float64(54882.718130355206), np.float64(54767.61491973162), np.float64(54803.559399960286), np.float64(54758.87211858272), np.float64(54721.30667810435), np.float64(54632.15416456687), np.float64(54614.76827153888), np.float64(54600.55762061708)]","[np.float64(55143.40900821002), np.float64(55133.242908442066), np.float64(55072.595878982545), np.float64(55041.4228866916), np.float64(55038.75365097484), np.float64(54965.30744512497), np.float64(55004.07925794828), np.float64(55059.0302555199), np.float64(55036.63315600845), np.float64(54985.118289334045), np.float64(54985.12242245934), np.float64(54906.71765411854), np.float64(54911.11940279246), np.float64(54949.48424557858), np.float64(54869.58997347223), np.float64(54853.13498662863), np.float64(54854.3914757595), np.float64(54911.08188432062), np.float64(54854.69232417226), np.float64(54744.26589811567), np.float64(54752.27464825737), np.float64(54750.94502327638), np.float64(54743.74739510947), np.float64(54714.92467525896), np.float64(54689.759241243206), np.float64(54582.84227772908), np.float64(54576.810580026555), np.float64(54566.48599971833), np.float64(54551.925469928756)]","[np.float64(55143.41757771492), np.float64(55145.421992142205), np.float64(55072.595878982545), np.float64(55041.431580863), np.float64(55045.14190456867), np.float64(55005.688100435735), np.float64(55084.19856034994), np.float64(55064.25653625965), np.float64(55083.31527872086), np.float64(54985.13103726387), np.float64(55062.3296456027), np.float64(54911.11940279246), np.float64(54975.929403567316), np.float64(54985.980192980765), np.float64(54869.83838142157), np.float64(54875.88446284533), np.float64(54941.20416309357), np.float64(54919.497121069435), np.float64(54877.26070293427), np.float64(54762.00513487578), np.float64(54863.05492274046), np.float64(54758.185350697044), np.float64(54767.61491973162), np.float64(54758.87211858272), np.float64(54709.186206982136), np.float64(54592.880977375506), np.float64(54609.56223836184), np.float64(54586.0220553565), np.float64(54591.004696090225)]"
388,"[np.float64(55068.56206738472), np.float64(55036.0597759533), np.float64(55103.94638868332), np.float64(55046.50178997517), np.float64(55010.97800315619), np.float64(54976.079815135), np.float64(55042.87014903307), np.float64(54986.59832271099), np.float64(54981.190717787744), np.float64(54936.33755046129), np.float64(54943.44848912239), np.float64(54886.37953300238), np.float64(54853.57049469233), np.float64(54836.993671875), np.float64(54862.06694538832), np.float64(54830.445617599486), np.float64(54822.47766782284), np.float64(54807.32434626341), np.float64(54752.34389596939), np.float64(54711.91331808567), np.float64(54717.736228921414), np.float64(54701.19378957033), np.float64(54730.43930998564), np.float64(54720.17384926796), np.float64(54712.06759296417), np.float64(54685.66482542276), np.float64(54611.13331809283), np.float64(54595.51897477627), np.float64(54541.5236687398)]","[np.float64(55068.56206738472), np.float64(55103.959375971084), np.float64(55103.94638868332), np.float64(55079.34975360308), np.float64(55010.97800315619), np.float64(55046.49553931094), np.float64(55048.68015965347), np.float64(54986.59832271099), np.float64(55010.335207201206), np.float64(54943.44848912239), np.float64(54964.90308155664), np.float64(54886.37953300238), np.float64(54970.18985343834), np.float64(54862.06694538832), np.float64(54862.06694538832), np.float64(54830.46331327552), np.float64(54858.34032382835), np.float64(54807.32434626341), np.float64(54771.067011831336), np.float64(54730.712093839604), np.float64(54752.49276544456), np.float64(54756.457290329614), np.float64(54730.43930998564), np.float64(54771.81179068969), np.float64(54734.11322844997), np.float64(54693.1388595528), np.float64(54611.14729947345), np.float64(54632.958003664215), np.float64(54545.52908804061)]","[np.float64(55028.52835787622), np.float64(54989.70360750708), np.float64(55046.50178997517), np.float64(54987.96967365041), np.float64(54976.07049464383), np.float64(54954.21665848113), np.float64(54986.59832271099), np.float64(54978.05678893856), np.float64(54934.01639760977), np.float64(54919.35129177154), np.float64(54886.37953300238), np.float64(54783.54778004924), np.float64(54808.463671220044), np.float64(54820.288110595735), np.float64(54818.49122391492), np.float64(54822.46916496417), np.float64(54807.30946315626), np.float64(54723.16201833093), np.float64(54692.44953249484), np.float64(54711.9044488333), np.float64(54695.05606567397), np.float64(54689.44428615365), np.float64(54683.54943230212), np.float64(54694.24611458864), np.float64(54681.14940907829), np.float64(54611.117942832396), np.float64(54525.75739556979), np.float64(54541.5236687398), np.float64(54475.94005836169)]","[np.float64(55036.0597759533), np.float64(55103.94638868332), np.float64(55046.50178997517), np.float64(55010.97800315619), np.float64(54976.079815135), np.float64(55042.87014903307), np.float64(54986.59832271099), np.float64(54981.190717787744), np.float64(54936.33755046129), np.float64(54943.44848912239), np.float64(54886.37953300238), np.float64(54853.57049469233), np.float64(54836.993671875), np.float64(54862.06694538832), np.float64(54830.445617599486), np.float64(54822.47766782284), np.float64(54807.32434626341), np.float64(54752.34389596939), np.float64(54711.91331808567), np.float64(54717.736228921414), np.float64(54701.19378957033), np.float64(54730.43930998564), np.float64(54720.17384926796), np.float64(54712.06759296417), np.float64(54685.66482542276), np.float64(54611.13331809283), np.float64(54595.51897477627), np.float64(54541.5236687398), np.float64(54519.8054231143)]"
389,"[np.float64(55155.49866573811), np.float64(55137.57058557511), np.float64(55139.876724576956), np.float64(55095.37705018997), np.float64(55072.70250636101), np.float64(55044.717713041304), np.float64(55043.5130039525), np.float64(55033.506513836386), np.float64(54992.27635939122), np.float64(54980.19926345587), np.float64(54963.869950084685), np.float64(54935.37391196728), np.float64(54930.7052296257), np.float64(54912.305052881246), np.float64(54917.832034108644), np.float64(54891.60195656061), np.float64(54853.91226892233), np.float64(54848.34279127598), np.float64(54826.916483170986), np.float64(54834.99659773827), np.float64(54799.274494297504), np.float64(54815.15785282374), np.float64(54757.78949011565), np.float64(54730.48502583027), np.float64(54706.569844121936), np.float64(54727.59977653742), np.float64(54694.46119781494), np.float64(54700.08128483296), np.float64(54671.784593553544)]","[np.float64(55155.49866573811), np.float64(55139.90114271131), np.float64(55139.876724576956), np.float64(55106.60190400875), np.float64(55072.70250636101), np.float64(55052.56075970295), np.float64(55046.31274681576), np.float64(55033.506513836386), np.float64(55017.2641654273), np.float64(54980.19926345587), np.float64(54979.14899174991), np.float64(54940.546444189764), np.float64(54930.7109027084), np.float64(54917.844000636294), np.float64(54938.896623152265), np.float64(54891.60195656061), np.float64(54868.57493089127), np.float64(54848.34279127598), np.float64(54849.24053826543), np.float64(54834.99659773827), np.float64(54815.169566013836), np.float64(54825.63190279378), np.float64(54763.023523108706), np.float64(54733.55849848389), np.float64(54727.59977653742), np.float64(54732.5342082166), np.float64(54706.317318977664), np.float64(54708.16640400372), np.float64(54677.97478205112)]","[np.float64(55131.43148249989), np.float64(55137.57058557511), np.float64(55086.31629653635), np.float64(55072.70250636101), np.float64(55044.70893810571), np.float64(55041.698469942465), np.float64(55025.81477757005), np.float64(54992.26142022126), np.float64(54977.32612532188), np.float64(54963.86034656509), np.float64(54924.47363809277), np.float64(54930.7052296257), np.float64(54891.08459081474), np.float64(54905.73249556559), np.float64(54885.93254418382), np.float64(54843.30583750438), np.float64(54848.32788695863), np.float64(54826.90180278527), np.float64(54812.20851474921), np.float64(54770.178697466916), np.float64(54792.64155068922), np.float64(54753.751174670324), np.float64(54717.31851676417), np.float64(54682.270680545334), np.float64(54696.01803706215), np.float64(54687.09133958066), np.float64(54680.18246065614), np.float64(54658.50482712305), np.float64(54665.89713056817)]","[np.float64(55137.57058557511), np.float64(55139.876724576956), np.float64(55095.37705018997), np.float64(55072.70250636101), np.float64(55044.717713041304), np.float64(55043.5130039525), np.float64(55033.506513836386), np.float64(54992.27635939122), np.float64(54980.19926345587), np.float64(54963.869950084685), np.float64(54935.37391196728), np.float64(54930.7052296257), np.float64(54912.305052881246), np.float64(54917.832034108644), np.float64(54891.60195656061), np.float64(54853.91226892233), np.float64(54848.34279127598), np.float64(54826.916483170986), np.float64(54834.99659773827), np.float64(54799.274494297504), np.float64(54815.15785282374), np.float64(54757.78949011565), np.float64(54730.48502583027), np.float64(54706.569844121936), np.float64(54727.59977653742), np.float64(54694.46119781494), np.float64(54700.08128483296), np.float64(54671.784593553544), np.float64(54675.453579833506)]"
390,"[np.float64(55170.67323550701), np.float64(55123.819774618154), np.float64(55172.14399793387), np.float64(55182.57867166519), np.float64(55128.40397922993), np.float64(55118.801848979), np.float64(55161.60604502678), np.float64(55087.09514202118), np.float64(55057.36580631495), np.float64(55057.51673299074), np.float64(54987.12579341412), np.float64(54973.440787518026), np.float64(54972.955040571695), np.float64(54941.941025242806), np.float64(54912.654038624765), np.float64(54906.990424971584), np.float64(54874.056601722245), np.float64(54859.46036958218), np.float64(54844.533309259416), np.float64(54839.631154167655), np.float64(54810.970925340655), np.float64(54805.39178941727), np.float64(54800.884722244744), np.float64(54733.45191975832), np.float64(54696.32923737049), np.float64(54738.096134464744), np.float64(54725.02977340698), np.float64(54736.23839707136), np.float64(54737.052396659856)]","[np.float64(55192.253107), np.float64(55172.14399793387), np.float64(55182.57867166519), np.float64(55190.932044112196), np.float64(55173.0902341357), np.float64(55161.60604502678), np.float64(55162.25291401695), np.float64(55087.1038312638), np.float64(55094.560915787624), np.float64(55067.08076982113), np.float64(54987.12579341412), np.float64(54973.440787518026), np.float64(54991.30306034792), np.float64(54944.18527907888), np.float64(54939.00103712821), np.float64(54907.02116229863), np.float64(54898.526199003965), np.float64(54859.46036958218), np.float64(54900.20482443067), np.float64(54839.640819871725), np.float64(54810.970925340655), np.float64(54813.49240083319), np.float64(54800.884722244744), np.float64(54748.686564538046), np.float64(54738.096134464744), np.float64(54762.02073538121), np.float64(54736.23839707136), np.float64(54761.37687409619), np.float64(54745.33185806513)]","[np.float64(55123.819774618154), np.float64(55116.84146385653), np.float64(55168.7461992669), np.float64(55128.40397922993), np.float64(55110.66343582525), np.float64(55118.79069703668), np.float64(55086.37881847703), np.float64(55056.24909835674), np.float64(55027.347897425985), np.float64(54987.12579341412), np.float64(54973.440787518026), np.float64(54972.93116330084), np.float64(54941.941025242806), np.float64(54896.995399293446), np.float64(54906.990424971584), np.float64(54861.453862418), np.float64(54852.15982770891), np.float64(54811.34659833076), np.float64(54834.06166204996), np.float64(54810.970925340655), np.float64(54798.5322366627), np.float64(54800.884722244744), np.float64(54719.113673417276), np.float64(54687.3523269019), np.float64(54696.32923737049), np.float64(54721.40300612453), np.float64(54725.02977340698), np.float64(54735.435763659196), np.float64(54733.77309330465)]","[np.float64(55123.819774618154), np.float64(55172.14399793387), np.float64(55182.57867166519), np.float64(55128.40397922993), np.float64(55118.801848979), np.float64(55161.60604502678), np.float64(55087.09514202118), np.float64(55057.36580631495), np.float64(55057.51673299074), np.float64(54987.12579341412), np.float64(54973.440787518026), np.float64(54972.955040571695), np.float64(54941.941025242806), np.float64(54912.654038624765), np.float64(54906.990424971584), np.float64(54874.056601722245), np.float64(54859.46036958218), np.float64(54844.533309259416), np.float64(54839.631154167655), np.float64(54810.970925340655), np.float64(54805.39178941727), np.float64(54800.884722244744), np.float64(54733.45191975832), np.float64(54696.32923737049), np.float64(54738.096134464744), np.float64(54725.02977340698), np.float64(54736.23839707136), np.float64(54737.052396659856), np.float64(54745.33185806513)]"
391,"[np.float64(55055.08284717798), np.float64(55013.79216753006), np.float64(55186.417772397996), np.float64(55054.42157714367), np.float64(54914.17296365977), np.float64(55120.07764298678), np.float64(55027.9349757576), np.float64(54928.365222265726), np.float64(55034.79222367525), np.float64(54885.65644999504), np.float64(54939.23928321362), np.float64(54868.8773184681), np.float64(54887.87836882115), np.float64(54905.06314798355), np.float64(54823.88661727667), np.float64(54930.92247647047), np.float64(54825.29608183861), np.float64(54880.002108287816), np.float64(54507.97622295618), np.float64(54688.09884001255), np.float64(54752.71799323321), np.float64(54616.07243219137), np.float64(54824.54428155423), np.float64(54542.41004101753), np.float64(54681.96158445359), np.float64(54462.23500925064), np.float64(54230.43919351101), np.float64(54634.467071523664), np.float64(54449.97929957867)]","[np.float64(55055.08284717798), np.float64(55192.70757326089), np.float64(55189.16964987904), np.float64(55054.42157714367), np.float64(55120.07764298678), np.float64(55217.59235165502), np.float64(55027.9349757576), np.float64(55057.87212892041), np.float64(55034.79222367525), np.float64(54939.25061402529), np.float64(54939.23928321362), np.float64(54887.87836882115), np.float64(54905.06314798355), np.float64(54928.097812178086), np.float64(54930.92247647047), np.float64(54953.29122093235), np.float64(54880.002108287816), np.float64(54891.65716194432), np.float64(54688.09884001255), np.float64(54756.70871694086), np.float64(54752.71799323321), np.float64(54841.38244172762), np.float64(54847.235141905985), np.float64(54681.9670778924), np.float64(54681.96983631795), np.float64(54462.23500925064), np.float64(54634.467071523664), np.float64(54634.467071523664), np.float64(54476.216950360824)]","[np.float64(54983.066213114245), np.float64(55013.79216753006), np.float64(55054.42157714367), np.float64(54909.03989280337), np.float64(54908.00217548277), np.float64(55027.9349757576), np.float64(54908.211425461006), np.float64(54928.365222265726), np.float64(54849.150713237854), np.float64(54885.65644999504), np.float64(54481.06074258964), np.float64(54868.8773184681), np.float64(54887.87836882115), np.float64(54811.115038980024), np.float64(54823.88661727667), np.float64(54650.71838579324), np.float64(54825.29608183861), np.float64(54505.38350631319), np.float64(54478.26643205403), np.float64(54688.09884001255), np.float64(54595.5959378367), np.float64(54616.07243219137), np.float64(54512.33783253908), np.float64(54542.41004101753), np.float64(54437.99613908243), np.float64(54230.43919351101), np.float64(54171.99765995732), np.float64(54449.97929957867), np.float64(54095.89652108556)]","[np.float64(55013.79216753006), np.float64(55186.417772397996), np.float64(55054.42157714367), np.float64(54914.17296365977), np.float64(55120.07764298678), np.float64(55027.9349757576), np.float64(54928.365222265726), np.float64(55034.79222367525), np.float64(54885.65644999504), np.float64(54939.23928321362), np.float64(54868.8773184681), np.float64(54887.87836882115), np.float64(54905.06314798355), np.float64(54823.88661727667), np.float64(54930.92247647047), np.float64(54825.29608183861), np.float64(54880.002108287816), np.float64(54507.97622295618), np.float64(54688.09884001255), np.float64(54752.71799323321), np.float64(54616.07243219137), np.float64(54824.54428155423), np.float64(54542.41004101753), np.float64(54681.96158445359), np.float64(54462.23500925064), np.float64(54230.43919351101), np.float64(54634.467071523664), np.float64(54449.97929957867), np.float64(54147.61483196497)]"
392,"[np.float64(55194.917056188584), np.float64(55251.07491484165), np.float64(54995.71560745478), np.float64(55095.45508906841), np.float64(54981.65148199082), np.float64(54987.8376728201), np.float64(55135.100770971774), np.float64(54963.872783179286), np.float64(55033.646623241904), np.float64(54857.31777740479), np.float64(54893.13015354157), np.float64(54999.968597552775), np.float64(55127.84032218218), np.float64(54974.590895147325), np.float64(54788.50899238348), np.float64(54848.33158767462), np.float64(54935.423491122725), np.float64(54860.36451308966), np.float64(54752.681806888584), np.float64(54937.556167469025), np.float64(54815.26937372923), np.float64(54789.50276470184), np.float64(54914.168971571926), np.float64(54676.95705162525), np.float64(54730.840192871095), np.float64(54726.040673069954), np.float64(54430.04667621136), np.float64(54729.29216422796), np.float64(54690.306979696754)]","[np.float64(55254.94310333969), np.float64(55251.08861959931), np.float64(55095.45508906841), np.float64(55095.45508906841), np.float64(55022.03170335725), np.float64(55135.100770971774), np.float64(55135.109508395144), np.float64(55040.94140594175), np.float64(55050.82468310521), np.float64(54896.36268623758), np.float64(54999.968597552775), np.float64(55127.84032218218), np.float64(55133.691545897964), np.float64(54988.82012250901), np.float64(54848.33158767462), np.float64(54976.797760452326), np.float64(54935.42916558367), np.float64(54861.77549884583), np.float64(54947.473976443296), np.float64(54937.556167469025), np.float64(54841.32237313277), np.float64(54929.45857905392), np.float64(54914.168971571926), np.float64(54849.89344073564), np.float64(54730.840192871095), np.float64(54890.080464480605), np.float64(54729.29216422796), np.float64(54734.269911895084), np.float64(54699.70543322913)]","[np.float64(55194.917056188584), np.float64(54979.87415659229), np.float64(54995.70591347813), np.float64(54971.12880656266), np.float64(54969.02558676681), np.float64(54987.8376728201), np.float64(54953.74226228054), np.float64(54963.86321139294), np.float64(54769.06488272697), np.float64(54857.31777740479), np.float64(54839.119156444416), np.float64(54999.968597552775), np.float64(54974.590895147325), np.float64(54777.926026297064), np.float64(54788.49365470145), np.float64(54666.78059805146), np.float64(54846.64981273675), np.float64(54747.70629635451), np.float64(54725.629717450705), np.float64(54815.26937372923), np.float64(54707.06826182589), np.float64(54789.50276470184), np.float64(54522.71374692476), np.float64(54674.47524725959), np.float64(54726.02392581785), np.float64(54430.04667621136), np.float64(54409.2888251809), np.float64(54690.306979696754), np.float64(54321.33256734494)]","[np.float64(55251.07491484165), np.float64(54995.71560745478), np.float64(55095.45508906841), np.float64(54981.65148199082), np.float64(54987.8376728201), np.float64(55135.100770971774), np.float64(54963.872783179286), np.float64(55033.646623241904), np.float64(54857.31777740479), np.float64(54893.13015354157), np.float64(54999.968597552775), np.float64(55127.84032218218), np.float64(54974.590895147325), np.float64(54788.50899238348), np.float64(54848.33158767462), np.float64(54935.423491122725), np.float64(54860.36451308966), np.float64(54752.681806888584), np.float64(54937.556167469025), np.float64(54815.26937372923), np.float64(54789.50276470184), np.float64(54914.168971571926), np.float64(54676.95705162525), np.float64(54730.840192871095), np.float64(54726.040673069954), np.float64(54430.04667621136), np.float64(54729.29216422796), np.float64(54690.306979696754), np.float64(54442.82019830942)]"
393,"[np.float64(55155.88448171139), np.float64(55131.250981745725), np.float64(55082.39581074715), np.float64(55080.28309484005), np.float64(55042.71832091809), np.float64(55072.43555158377), np.float64(55022.45757368565), np.float64(54943.68389352799), np.float64(54941.07577239752), np.float64(54973.454051551824), np.float64(54934.88868012905), np.float64(54888.21022722006), np.float64(54888.521867625714), np.float64(54894.973210353855), np.float64(54838.99576831579), np.float64(54847.68654354572), np.float64(54827.95262313128), np.float64(54773.3691924119), np.float64(54705.187680289746), np.float64(54695.309323315625), np.float64(54662.4035734582), np.float64(54660.87524770021), np.float64(54688.76603379011), np.float64(54627.15459681511), np.float64(54648.77754744053), np.float64(54628.48228796482), np.float64(54617.98116528749), np.float64(54534.37628618002), np.float64(54524.797464571)]","[np.float64(55155.88448171139), np.float64(55133.55920626506), np.float64(55082.39581074715), np.float64(55080.28883095299), np.float64(55082.97195426231), np.float64(55072.43555158377), np.float64(55043.99950112091), np.float64(54943.68389352799), np.float64(54990.780724950484), np.float64(54973.454051551824), np.float64(54942.4305782007), np.float64(54888.521867625714), np.float64(54931.14827504528), np.float64(54894.97888088308), np.float64(54881.737108221896), np.float64(54847.68654354572), np.float64(54843.90103060366), np.float64(54773.3691924119), np.float64(54705.202572481336), np.float64(54726.17071506725), np.float64(54662.4035734582), np.float64(54712.87792238177), np.float64(54688.76603379011), np.float64(54656.02975534612), np.float64(54660.49358350247), np.float64(54628.49341640243), np.float64(54640.50348593065), np.float64(54534.390116285766), np.float64(54530.189760007655)]","[np.float64(55131.250981745725), np.float64(55074.71345896035), np.float64(55079.507271796705), np.float64(55042.71832091809), np.float64(55014.46614360446), np.float64(55022.45757368565), np.float64(54897.451850919), np.float64(54935.272719742294), np.float64(54917.01073949484), np.float64(54934.88868012905), np.float64(54888.19947969131), np.float64(54867.54647119719), np.float64(54874.12162375533), np.float64(54807.64123770835), np.float64(54838.99576831579), np.float64(54741.5939515641), np.float64(54773.3691924119), np.float64(54654.176924840445), np.float64(54695.30063566549), np.float64(54662.34788966412), np.float64(54651.70173450866), np.float64(54652.607351390776), np.float64(54625.142757973575), np.float64(54596.89035146044), np.float64(54628.48228796482), np.float64(54553.49566748185), np.float64(54534.37628618002), np.float64(54524.78217595351), np.float64(54485.070704836384)]","[np.float64(55131.250981745725), np.float64(55082.39581074715), np.float64(55080.28309484005), np.float64(55042.71832091809), np.float64(55072.43555158377), np.float64(55022.45757368565), np.float64(54943.68389352799), np.float64(54941.07577239752), np.float64(54973.454051551824), np.float64(54934.88868012905), np.float64(54888.21022722006), np.float64(54888.521867625714), np.float64(54894.973210353855), np.float64(54838.99576831579), np.float64(54847.68654354572), np.float64(54827.95262313128), np.float64(54773.3691924119), np.float64(54705.187680289746), np.float64(54695.309323315625), np.float64(54662.4035734582), np.float64(54660.87524770021), np.float64(54688.76603379011), np.float64(54627.15459681511), np.float64(54648.77754744053), np.float64(54628.48228796482), np.float64(54617.98116528749), np.float64(54534.37628618002), np.float64(54524.797464571), np.float64(54507.625048003196)]"
394,"[np.float64(55085.02105922222), np.float64(55086.312435250285), np.float64(55020.10185552836), np.float64(55012.263326663975), np.float64(55072.40412998915), np.float64(54990.517007646566), np.float64(55011.79110130548), np.float64(54938.55560597658), np.float64(54906.35181969404), np.float64(54923.71443993092), np.float64(54926.98666419029), np.float64(54940.459445545675), np.float64(54838.21319032193), np.float64(54799.79256427765), np.float64(54789.8566439724), np.float64(54804.637799923425), np.float64(54822.96199822188), np.float64(54784.83485502243), np.float64(54740.993360021115), np.float64(54719.99111466646), np.float64(54618.90823110581), np.float64(54561.799997992515), np.float64(54579.344837722776), np.float64(54553.825094256405), np.float64(54591.04500329972), np.float64(54538.142241561414), np.float64(54425.95568761349), np.float64(54388.94130670548), np.float64(54334.55220052004)]","[np.float64(55086.312435250285), np.float64(55086.312435250285), np.float64(55081.34811645164), np.float64(55074.98158465082), np.float64(55077.01574554567), np.float64(55029.60117477373), np.float64(55011.79110130548), np.float64(54938.569849607615), np.float64(54923.71443993092), np.float64(54927.91845745467), np.float64(54940.47140173868), np.float64(54943.84279037253), np.float64(54849.32406234564), np.float64(54799.80387505534), np.float64(54804.637799923425), np.float64(54855.42986904154), np.float64(54822.96199822188), np.float64(54872.4618906515), np.float64(54740.993360021115), np.float64(54724.87669833599), np.float64(54641.09420814797), np.float64(54606.08844615917), np.float64(54579.35031725369), np.float64(54601.11540904075), np.float64(54620.00604432228), np.float64(54538.142241561414), np.float64(54425.95568761349), np.float64(54402.737967099325), np.float64(54349.27434532958)]","[np.float64(55085.02105922222), np.float64(54962.4521166441), np.float64(55012.263326663975), np.float64(55006.596737188585), np.float64(54978.34291600812), np.float64(54990.517007646566), np.float64(54919.52791629706), np.float64(54906.336861392585), np.float64(54897.604817545725), np.float64(54923.70893638158), np.float64(54926.98666419029), np.float64(54820.18443453768), np.float64(54799.79256427765), np.float64(54756.04735141665), np.float64(54787.17512611779), np.float64(54793.75251386907), np.float64(54784.83485502243), np.float64(54694.84798748976), np.float64(54719.99111466646), np.float64(54564.95243329175), np.float64(54561.799997992515), np.float64(54524.84404870157), np.float64(54553.81636668647), np.float64(54513.28120219117), np.float64(54538.142241561414), np.float64(54362.17483968073), np.float64(54388.94130670548), np.float64(54324.83438153666), np.float64(54314.20670748185)]","[np.float64(55086.312435250285), np.float64(55020.10185552836), np.float64(55012.263326663975), np.float64(55072.40412998915), np.float64(54990.517007646566), np.float64(55011.79110130548), np.float64(54938.55560597658), np.float64(54906.35181969404), np.float64(54923.71443993092), np.float64(54926.98666419029), np.float64(54940.459445545675), np.float64(54838.21319032193), np.float64(54799.79256427765), np.float64(54789.8566439724), np.float64(54804.637799923425), np.float64(54822.96199822188), np.float64(54784.83485502243), np.float64(54740.993360021115), np.float64(54719.99111466646), np.float64(54618.90823110581), np.float64(54561.799997992515), np.float64(54579.344837722776), np.float64(54553.825094256405), np.float64(54591.04500329972), np.float64(54538.142241561414), np.float64(54425.95568761349), np.float64(54388.94130670548), np.float64(54334.55220052004), np.float64(54331.326979875565)]"
395,"[np.float64(54992.003609647756), np.float64(55041.532284498215), np.float64(55108.1527614975), np.float64(55117.375257072454), np.float64(54944.01175983906), np.float64(55011.603215622905), np.float64(54984.66344787836), np.float64(54954.375734982495), np.float64(54986.806812717914), np.float64(54943.38371427775), np.float64(54914.03478590965), np.float64(54782.62851821661), np.float64(54861.582228658204), np.float64(54880.86105105877), np.float64(54821.49097824097), np.float64(54896.365547571186), np.float64(54847.7381831336), np.float64(54838.04449241638), np.float64(54705.32444149256), np.float64(54819.34967383385), np.float64(54834.77407103539), np.float64(54641.55367132664), np.float64(54831.32864167452), np.float64(54604.615140087604), np.float64(54733.939340806006), np.float64(54610.437922146324), np.float64(54433.27614649773), np.float64(54636.661303288936), np.float64(54642.073801739214)]","[np.float64(55041.532284498215), np.float64(55146.51074803308), np.float64(55120.26622935386), np.float64(55117.375257072454), np.float64(55011.603215622905), np.float64(55084.14770835554), np.float64(54984.66344787836), np.float64(55006.61784315686), np.float64(54993.11253446455), np.float64(54943.46486106418), np.float64(54946.70172739256), np.float64(54865.56519019468), np.float64(54880.87538492258), np.float64(54952.78996740845), np.float64(54896.365547571186), np.float64(54919.06709860125), np.float64(54847.7381831336), np.float64(54855.19870487138), np.float64(54822.954526645335), np.float64(54834.77407103539), np.float64(54919.8347948787), np.float64(54837.160406100666), np.float64(54839.765993831104), np.float64(54751.19378134965), np.float64(54733.939340806006), np.float64(54618.446451561154), np.float64(54668.93515816119), np.float64(54642.073801739214), np.float64(54674.35059726886)]","[np.float64(54988.2502638635), np.float64(55041.526583131636), np.float64(55108.144208081474), np.float64(54944.01175983906), np.float64(54927.325769780706), np.float64(54984.655384156824), np.float64(54939.444062807685), np.float64(54954.375734982495), np.float64(54922.09317936071), np.float64(54914.03478590965), np.float64(54753.68161768695), np.float64(54782.62851821661), np.float64(54819.2752445399), np.float64(54819.14181337457), np.float64(54806.05593033077), np.float64(54829.153912729365), np.float64(54824.54638389569), np.float64(54609.85004154294), np.float64(54704.81607296745), np.float64(54814.06187293756), np.float64(54626.22024830971), np.float64(54640.71460917517), np.float64(54592.99891065697), np.float64(54595.12476199174), np.float64(54594.05943643652), np.float64(54396.56337813153), np.float64(54423.6235558887), np.float64(54633.38539064195), np.float64(54481.10518887876)]","[np.float64(55041.532284498215), np.float64(55108.1527614975), np.float64(55117.375257072454), np.float64(54944.01175983906), np.float64(55011.603215622905), np.float64(54984.66344787836), np.float64(54954.375734982495), np.float64(54986.806812717914), np.float64(54943.38371427775), np.float64(54914.03478590965), np.float64(54782.62851821661), np.float64(54861.582228658204), np.float64(54880.86105105877), np.float64(54821.49097824097), np.float64(54896.365547571186), np.float64(54847.7381831336), np.float64(54838.04449241638), np.float64(54705.32444149256), np.float64(54819.34967383385), np.float64(54834.77407103539), np.float64(54641.55367132664), np.float64(54831.32864167452), np.float64(54604.615140087604), np.float64(54733.939340806006), np.float64(54610.437922146324), np.float64(54433.27614649773), np.float64(54636.661303288936), np.float64(54642.073801739214), np.float64(54503.254226925375)]"
396,"[np.float64(55198.47786976576), np.float64(55124.72095625401), np.float64(55079.61667372465), np.float64(55123.71160191536), np.float64(55110.03470897198), np.float64(55047.051925435066), np.float64(55050.24675470114), np.float64(55081.71612559796), np.float64(55017.960679898264), np.float64(55094.312579283716), np.float64(55082.39684096337), np.float64(55011.38480978489), np.float64(54968.11830420971), np.float64(54999.24268145084), np.float64(54905.78017847061), np.float64(54912.272987401484), np.float64(54868.13414624453), np.float64(54973.82982291699), np.float64(54873.30969496489), np.float64(54883.9446169734), np.float64(54807.356540520195), np.float64(54811.186884415154), np.float64(54857.33786662102), np.float64(54762.54535450459), np.float64(54795.78322031498), np.float64(54702.40326340914), np.float64(54587.168557229044), np.float64(54563.02634162188), np.float64(54368.77830123663)]","[np.float64(55198.47786976576), np.float64(55145.211961075714), np.float64(55123.723589184076), np.float64(55123.71160191536), np.float64(55141.076774946196), np.float64(55050.24675470114), np.float64(55085.0789315319), np.float64(55087.848908994354), np.float64(55102.79620728859), np.float64(55094.31811305819), np.float64(55094.35294936746), np.float64(55011.38480978489), np.float64(55020.729551949335), np.float64(55003.0872749667), np.float64(54923.42036241399), np.float64(54925.205388862596), np.float64(54978.928288454415), np.float64(54982.04010406827), np.float64(54912.87731945661), np.float64(54894.51285670684), np.float64(54814.40928119308), np.float64(54866.84856801247), np.float64(54862.73809416524), np.float64(54818.102201858215), np.float64(54795.78322031498), np.float64(54734.54166173041), np.float64(54628.39600298373), np.float64(54563.03779604471), np.float64(54427.71480804655)]","[np.float64(54654.61572482926), np.float64(55079.61667372465), np.float64(55037.54426309822), np.float64(55101.20959665716), np.float64(55022.329304677536), np.float64(55047.03692127164), np.float64(55029.59043501495), np.float64(55008.11628851698), np.float64(55012.37096737406), np.float64(55059.6664264057), np.float64(55008.004914194746), np.float64(54964.36741535392), np.float64(54959.294759630524), np.float64(54889.301959500284), np.float64(54901.65138357462), np.float64(54833.880520980136), np.float64(54858.8629507265), np.float64(54851.35756773034), np.float64(54837.25788337355), np.float64(54798.80470978685), np.float64(54758.143171643846), np.float64(54794.51398272858), np.float64(54741.386430918545), np.float64(54762.534637396995), np.float64(54651.14190754552), np.float64(54580.41558359982), np.float64(54515.84067518029), np.float64(54305.832963354165), np.float64(54324.46766445683)]","[np.float64(55124.72095625401), np.float64(55079.61667372465), np.float64(55123.71160191536), np.float64(55110.03470897198), np.float64(55047.051925435066), np.float64(55050.24675470114), np.float64(55081.71612559796), np.float64(55017.960679898264), np.float64(55094.312579283716), np.float64(55082.39684096337), np.float64(55011.38480978489), np.float64(54968.11830420971), np.float64(54999.24268145084), np.float64(54905.78017847061), np.float64(54912.272987401484), np.float64(54868.13414624453), np.float64(54973.82982291699), np.float64(54873.30969496489), np.float64(54883.9446169734), np.float64(54807.356540520195), np.float64(54811.186884415154), np.float64(54857.33786662102), np.float64(54762.54535450459), np.float64(54795.78322031498), np.float64(54702.40326340914), np.float64(54587.168557229044), np.float64(54563.02634162188), np.float64(54368.77830123663), np.float64(54394.848695271015)]"
397,"[np.float64(55084.165722208025), np.float64(55066.10448659897), np.float64(55028.71974296093), np.float64(55063.25233300209), np.float64(55023.834200105666), np.float64(55043.283394513135), np.float64(54974.85192618132), np.float64(54926.97069583893), np.float64(55004.640499320034), np.float64(54979.774041712284), np.float64(54976.590802378654), np.float64(54919.481925380234), np.float64(54967.12543333054), np.float64(54935.804542346), np.float64(54903.07817888737), np.float64(54843.33297858953), np.float64(54840.935150344376), np.float64(54810.24449413061), np.float64(54796.23393990994), np.float64(54749.43147472382), np.float64(54780.111957552435), np.float64(54685.397741868495), np.float64(54691.46056430578), np.float64(54636.99419190407), np.float64(54701.52461775303), np.float64(54628.14540726185), np.float64(54534.51549414635), np.float64(54503.42910612822), np.float64(54489.053082704544)]","[np.float64(55084.165722208025), np.float64(55066.551804274095), np.float64(55063.25233300209), np.float64(55097.03761902236), np.float64(55043.283394513135), np.float64(55043.283394513135), np.float64(55000.39688313303), np.float64(55008.083835643905), np.float64(55016.44407860307), np.float64(55011.15047381323), np.float64(54976.590802378654), np.float64(54972.062223617766), np.float64(54968.87766430417), np.float64(54935.8205583901), np.float64(54909.39567252605), np.float64(54845.921156919605), np.float64(54865.85444412289), np.float64(54811.60061270998), np.float64(54796.24788502575), np.float64(54788.77058186205), np.float64(54786.97752866272), np.float64(54702.08569035077), np.float64(54724.023869388795), np.float64(54730.97690469626), np.float64(54706.87739222622), np.float64(54635.94112499398), np.float64(54534.51549414635), np.float64(54547.49166221245), np.float64(54513.27682822103)]","[np.float64(55062.26109359762), np.float64(55006.85872161797), np.float64(55028.71974296093), np.float64(54995.944543144295), np.float64(55023.834200105666), np.float64(54966.24466067925), np.float64(54926.97069583893), np.float64(54914.48021349223), np.float64(54968.878081368755), np.float64(54975.21276179993), np.float64(54906.697991208646), np.float64(54907.18529568245), np.float64(54935.804542346), np.float64(54889.61200720721), np.float64(54832.62486212778), np.float64(54834.60883421195), np.float64(54802.71495294848), np.float64(54786.11502225771), np.float64(54728.78051753086), np.float64(54722.84475037714), np.float64(54679.93204188536), np.float64(54668.24041236368), np.float64(54631.44776995514), np.float64(54607.68173361357), np.float64(54605.005479941115), np.float64(54532.27339514577), np.float64(54419.64702802823), np.float64(54489.053082704544), np.float64(54455.15896239054)]","[np.float64(55066.10448659897), np.float64(55028.71974296093), np.float64(55063.25233300209), np.float64(55023.834200105666), np.float64(55043.283394513135), np.float64(54974.85192618132), np.float64(54926.97069583893), np.float64(55004.640499320034), np.float64(54979.774041712284), np.float64(54976.590802378654), np.float64(54919.481925380234), np.float64(54967.12543333054), np.float64(54935.804542346), np.float64(54903.07817888737), np.float64(54843.33297858953), np.float64(54840.935150344376), np.float64(54810.24449413061), np.float64(54796.23393990994), np.float64(54749.43147472382), np.float64(54780.111957552435), np.float64(54685.397741868495), np.float64(54691.46056430578), np.float64(54636.99419190407), np.float64(54701.52461775303), np.float64(54628.14540726185), np.float64(54534.51549414635), np.float64(54503.42910612822), np.float64(54489.053082704544), np.float64(54492.58852720737)]"
398,"[np.float64(55254.11431023598), np.float64(55187.8023829937), np.float64(55170.41323468924), np.float64(55190.15462417126), np.float64(55224.28581621886), np.float64(55156.030386083126), np.float64(55102.70381914854), np.float64(55093.074516944886), np.float64(55053.05615432501), np.float64(55007.511325585845), np.float64(55046.97878008366), np.float64(55084.723455512525), np.float64(55035.494316027165), np.float64(54971.46934000969), np.float64(54981.24248615265), np.float64(54962.2974538064), np.float64(54921.737197456365), np.float64(54894.53575479269), np.float64(54907.475270478724), np.float64(54890.75228573561), np.float64(54882.1365875125), np.float64(54866.34491822958), np.float64(54819.32275943518), np.float64(54827.70318202973), np.float64(54772.19126894474), np.float64(54760.92212007761), np.float64(54773.36339744568), np.float64(54774.88270881176), np.float64(54741.66918185949)]","[np.float64(55330.74417882374), np.float64(55193.940472542214), np.float64(55235.356240620225), np.float64(55232.97140153259), np.float64(55268.156496309864), np.float64(55171.83655062356), np.float64(55118.498228371354), np.float64(55104.98389959085), np.float64(55097.557178058414), np.float64(55065.31577878748), np.float64(55114.72576905743), np.float64(55136.02209367309), np.float64(55041.84270778042), np.float64(55021.628143659356), np.float64(55031.71371466939), np.float64(54980.46051689137), np.float64(54931.40175886809), np.float64(54946.32674655795), np.float64(54929.9235589433), np.float64(54894.06211339466), np.float64(54927.27509308472), np.float64(54884.19397737299), np.float64(54886.54790425138), np.float64(54834.87505136144), np.float64(54797.908896370944), np.float64(54806.865235331636), np.float64(54791.98290972185), np.float64(54799.0069559627), np.float64(54768.07344841458)]","[np.float64(55121.27627121636), np.float64(55169.80395385894), np.float64(55169.58526625692), np.float64(55146.000695936185), np.float64(55146.462071517366), np.float64(55081.861837192875), np.float64(55060.623999238574), np.float64(55018.72624277132), np.float64(54988.46305891563), np.float64(54950.64274723794), np.float64(55023.62905924485), np.float64(55029.71640318656), np.float64(54948.16990432582), np.float64(54944.72325411986), np.float64(54954.23253575554), np.float64(54864.27195045612), np.float64(54839.563603097704), np.float64(54876.81337545732), np.float64(54883.087321533145), np.float64(54817.719786996146), np.float64(54837.23502471825), np.float64(54724.90561192364), np.float64(54811.95230534104), np.float64(54718.298312614315), np.float64(54650.176113614405), np.float64(54748.799552296994), np.float64(54738.50632102012), np.float64(54681.74989190891), np.float64(54708.670029009976)]","[np.float64(55187.8023829937), np.float64(55170.41323468924), np.float64(55190.15462417126), np.float64(55224.28581621886), np.float64(55156.030386083126), np.float64(55102.70381914854), np.float64(55093.074516944886), np.float64(55053.05615432501), np.float64(55007.511325585845), np.float64(55046.97878008366), np.float64(55084.723455512525), np.float64(55035.494316027165), np.float64(54971.46934000969), np.float64(54981.24248615265), np.float64(54962.2974538064), np.float64(54921.737197456365), np.float64(54894.53575479269), np.float64(54907.475270478724), np.float64(54890.75228573561), np.float64(54882.1365875125), np.float64(54866.34491822958), np.float64(54819.32275943518), np.float64(54827.70318202973), np.float64(54772.19126894474), np.float64(54760.92212007761), np.float64(54773.36339744568), np.float64(54774.88270881176), np.float64(54741.66918185949), np.float64(54728.814143903255)]"
399,"[np.float64(55049.303205423355), np.float64(55065.51005184174), np.float64(55030.379034955506), np.float64(55020.50196575165), np.float64(55032.79643730879), np.float64(55025.57552306652), np.float64(55001.01349435091), np.float64(55013.98121220589), np.float64(54973.31999466658), np.float64(54994.2447162509), np.float64(54968.94402250767), np.float64(54929.04877072573), np.float64(54912.87321712494), np.float64(54898.466931099894), np.float64(54914.465416288374), np.float64(54898.93696724892), np.float64(54837.69151458502), np.float64(54845.4878045845), np.float64(54845.59121253729), np.float64(54800.52736599446), np.float64(54774.63906267643), np.float64(54750.324157075884), np.float64(54719.18162227392), np.float64(54681.355688540934), np.float64(54689.889098243715), np.float64(54646.021332728866), np.float64(54605.51670805454), np.float64(54536.73342088461), np.float64(54524.53076734782)]","[np.float64(55076.51771334048), np.float64(55065.51005184174), np.float64(55055.39465292952), np.float64(55032.80783689028), np.float64(55067.822651176364), np.float64(55025.57552306652), np.float64(55023.442361874746), np.float64(55016.56714568011), np.float64(55000.40248901908), np.float64(54994.25039581508), np.float64(54978.517772922576), np.float64(54929.04877072573), np.float64(54914.86704535431), np.float64(54921.87472930322), np.float64(54917.461180002574), np.float64(54898.93696724892), np.float64(54854.14513403772), np.float64(54845.59121253729), np.float64(54887.13558605876), np.float64(54819.18498304139), np.float64(54774.63906267643), np.float64(54772.62308103981), np.float64(54719.19526541614), np.float64(54698.17316945651), np.float64(54689.889098243715), np.float64(54672.05305565147), np.float64(54605.51670805454), np.float64(54573.203041876666), np.float64(54550.23912636744)]","[np.float64(55049.291196024824), np.float64(55017.66172620943), np.float64(55004.327947400874), np.float64(55020.49669070389), np.float64(55017.78357112317), np.float64(54982.27144932648), np.float64(55001.01349435091), np.float64(54973.30605419995), np.float64(54972.57783885643), np.float64(54968.94402250767), np.float64(54929.044732076094), np.float64(54907.66884217844), np.float64(54898.466931099894), np.float64(54884.16906008018), np.float64(54898.92917191407), np.float64(54822.90394483793), np.float64(54819.1940911856), np.float64(54838.151517927115), np.float64(54796.22127041892), np.float64(54767.65419307436), np.float64(54750.3186877524), np.float64(54696.75285404796), np.float64(54673.106714013535), np.float64(54658.387554020235), np.float64(54631.1463881955), np.float64(54605.51103997067), np.float64(54494.340534241725), np.float64(54451.26314047693), np.float64(54520.16797050821)]","[np.float64(55065.51005184174), np.float64(55030.379034955506), np.float64(55020.50196575165), np.float64(55032.79643730879), np.float64(55025.57552306652), np.float64(55001.01349435091), np.float64(55013.98121220589), np.float64(54973.31999466658), np.float64(54994.2447162509), np.float64(54968.94402250767), np.float64(54929.04877072573), np.float64(54912.87321712494), np.float64(54898.466931099894), np.float64(54914.465416288374), np.float64(54898.93696724892), np.float64(54837.69151458502), np.float64(54845.4878045845), np.float64(54845.59121253729), np.float64(54800.52736599446), np.float64(54774.63906267643), np.float64(54750.324157075884), np.float64(54719.18162227392), np.float64(54681.355688540934), np.float64(54689.889098243715), np.float64(54646.021332728866), np.float64(54605.51670805454), np.float64(54536.73342088461), np.float64(54524.53076734782), np.float64(54540.35540354967)]"
400,"[np.float64(55077.379430432324), np.float64(55173.48160491467), np.float64(54998.80973308563), np.float64(55051.567878222464), np.float64(54960.058922743796), np.float64(54953.00322942734), np.float64(55049.34325507879), np.float64(54899.02749749899), np.float64(54950.61686233759), np.float64(54957.904869410995), np.float64(54963.5415686655), np.float64(54873.885328276156), np.float64(54892.9342836833), np.float64(54821.5865307951), np.float64(54841.10822666884), np.float64(54753.729408004285), np.float64(54838.29457740307), np.float64(54750.984268116954), np.float64(54671.00948462725), np.float64(54740.2912676692), np.float64(54697.11027004004), np.float64(54637.17911571503), np.float64(54691.59629529238), np.float64(54563.177139520645), np.float64(54701.535950131416), np.float64(54620.96982253313), np.float64(54590.15875979901), np.float64(54645.257041072844), np.float64(54533.52288082123)]","[np.float64(55173.48160491467), np.float64(55270.97968559762), np.float64(55051.567878222464), np.float64(55114.2711789584), np.float64(54960.058922743796), np.float64(55049.351992689), np.float64(55067.1534914555), np.float64(54950.61686233759), np.float64(54958.501806538334), np.float64(54966.56907499284), np.float64(54963.550055894455), np.float64(54897.20282661647), np.float64(54892.9342836833), np.float64(54842.900163158265), np.float64(54841.34830552626), np.float64(54838.30634001491), np.float64(54898.947603495515), np.float64(54750.984268116954), np.float64(54743.72179087888), np.float64(54740.2912676692), np.float64(54697.11027004004), np.float64(54720.52049193013), np.float64(54691.59629529238), np.float64(54712.38295057305), np.float64(54701.535950131416), np.float64(54620.96982253313), np.float64(54658.44395541225), np.float64(54648.52785706624), np.float64(54536.830000508584)]","[np.float64(55034.08713971395), np.float64(54998.80973308563), np.float64(54993.29914632212), np.float64(54960.058922743796), np.float64(54953.00322942734), np.float64(54952.99446575108), np.float64(54873.685030801375), np.float64(54899.018271842884), np.float64(54950.61686233759), np.float64(54957.904869410995), np.float64(54873.8768272487), np.float64(54873.87634598162), np.float64(54755.61170804353), np.float64(54816.01633721256), np.float64(54738.29613243013), np.float64(54733.52855320612), np.float64(54750.984268116954), np.float64(54625.95903849879), np.float64(54662.65096236713), np.float64(54686.506692993265), np.float64(54613.111303631136), np.float64(54637.17063414448), np.float64(54549.58557972171), np.float64(54550.32667521026), np.float64(54620.957900801084), np.float64(54537.98089618201), np.float64(54588.85135158569), np.float64(54533.52288082123), np.float64(54453.33576240873)]","[np.float64(55173.48160491467), np.float64(54998.80973308563), np.float64(55051.567878222464), np.float64(54960.058922743796), np.float64(54953.00322942734), np.float64(55049.34325507879), np.float64(54899.02749749899), np.float64(54950.61686233759), np.float64(54957.904869410995), np.float64(54963.5415686655), np.float64(54873.885328276156), np.float64(54892.9342836833), np.float64(54821.5865307951), np.float64(54841.10822666884), np.float64(54753.729408004285), np.float64(54838.29457740307), np.float64(54750.984268116954), np.float64(54671.00948462725), np.float64(54740.2912676692), np.float64(54697.11027004004), np.float64(54637.17911571503), np.float64(54691.59629529238), np.float64(54563.177139520645), np.float64(54701.535950131416), np.float64(54620.96982253313), np.float64(54590.15875979901), np.float64(54645.257041072844), np.float64(54533.52288082123), np.float64(54475.249086835385)]"
401,"[np.float64(55019.390620007514), np.float64(54967.44969388485), np.float64(55036.42163939953), np.float64(55014.18055904389), np.float64(55000.051658735276), np.float64(54961.6442967248), np.float64(54967.93981925011), np.float64(54972.118505003455), np.float64(54875.55788430452), np.float64(54952.28529750109), np.float64(54817.89063011647), np.float64(54899.24641844511), np.float64(54838.80414809942), np.float64(54839.21533314705), np.float64(54847.46659238339), np.float64(54778.66064045668), np.float64(54716.548647177224), np.float64(54777.71631851673), np.float64(54688.84291367531), np.float64(54677.80672245026), np.float64(54612.25548110723), np.float64(54679.023150248526), np.float64(54634.73505651712), np.float64(54645.06336042404), np.float64(54648.71290137291), np.float64(54620.876974296574), np.float64(54564.123393115995), np.float64(54494.85126835108), np.float64(54434.171146836285)]","[np.float64(55019.390620007514), np.float64(55038.28577536012), np.float64(55057.579601038844), np.float64(55014.18055904389), np.float64(55000.051658735276), np.float64(54971.05954089558), np.float64(54986.51056418197), np.float64(54986.0042931073), np.float64(54955.427242943464), np.float64(54957.021060866246), np.float64(54926.03992253463), np.float64(54899.25934184927), np.float64(54882.93267821195), np.float64(54863.578993983196), np.float64(54857.76080399819), np.float64(54782.44934800666), np.float64(54867.652557974936), np.float64(54813.45393099134), np.float64(54688.85644124225), np.float64(54681.64343126128), np.float64(54693.993583406496), np.float64(54708.35783864807), np.float64(54645.06336042404), np.float64(54682.35783242221), np.float64(54648.71290137291), np.float64(54642.4289283835), np.float64(54581.97716909326), np.float64(54512.607281563854), np.float64(54448.144389264715)]","[np.float64(54963.02680374506), np.float64(54961.30262613141), np.float64(55014.17203486954), np.float64(55000.03563797037), np.float64(54944.433382545285), np.float64(54935.40039945099), np.float64(54964.540421787984), np.float64(54857.73688557816), np.float64(54875.547938388176), np.float64(54752.9869794639), np.float64(54817.89063011647), np.float64(54838.795042255464), np.float64(54749.37376114947), np.float64(54827.69010160293), np.float64(54757.83735713184), np.float64(54716.548647177224), np.float64(54716.54297981328), np.float64(54634.75438889355), np.float64(54656.123951358946), np.float64(54596.692307740755), np.float64(54601.69561281896), np.float64(54516.28127689047), np.float64(54625.328626345115), np.float64(54629.310491420365), np.float64(54594.95340759605), np.float64(54541.2712226856), np.float64(54468.139389938515), np.float64(54425.21781223872), np.float64(54406.9821419303)]","[np.float64(54967.44969388485), np.float64(55036.42163939953), np.float64(55014.18055904389), np.float64(55000.051658735276), np.float64(54961.6442967248), np.float64(54967.93981925011), np.float64(54972.118505003455), np.float64(54875.55788430452), np.float64(54952.28529750109), np.float64(54817.89063011647), np.float64(54899.24641844511), np.float64(54838.80414809942), np.float64(54839.21533314705), np.float64(54847.46659238339), np.float64(54778.66064045668), np.float64(54716.548647177224), np.float64(54777.71631851673), np.float64(54688.84291367531), np.float64(54677.80672245026), np.float64(54612.25548110723), np.float64(54679.023150248526), np.float64(54634.73505651712), np.float64(54645.06336042404), np.float64(54648.71290137291), np.float64(54620.876974296574), np.float64(54564.123393115995), np.float64(54494.85126835108), np.float64(54434.171146836285), np.float64(54437.910187819005)]"
402,"[np.float64(55078.89474971056), np.float64(55068.44178964138), np.float64(55052.03714170933), np.float64(55020.95577599526), np.float64(55039.82431478739), np.float64(55039.64724637508), np.float64(54983.49801578283), np.float64(55042.03992353917), np.float64(55009.341891026495), np.float64(54995.525918893814), np.float64(54986.1360131836), np.float64(54968.10130564213), np.float64(54941.761638844015), np.float64(54948.91069550515), np.float64(54959.60382472992), np.float64(54920.469516401296), np.float64(54879.21875763178), np.float64(54900.229373493195), np.float64(54904.59388449669), np.float64(54877.450906603335), np.float64(54858.52506203413), np.float64(54802.91077121258), np.float64(54776.675156252386), np.float64(54738.60454616785), np.float64(54731.15981745243), np.float64(54697.53072703362), np.float64(54717.52992812395), np.float64(54706.804218311314), np.float64(54728.38853582859)]","[np.float64(55109.43154612824), np.float64(55068.44178964138), np.float64(55075.603022927186), np.float64(55039.82431478739), np.float64(55043.344783625005), np.float64(55039.64724637508), np.float64(55056.18661984327), np.float64(55042.05663079784), np.float64(55023.006652352444), np.float64(54995.525918893814), np.float64(55013.301318017235), np.float64(54968.10130564213), np.float64(54961.870329905214), np.float64(54962.406562117234), np.float64(54965.87704738026), np.float64(54920.469516401296), np.float64(54907.559445532395), np.float64(54904.59388449669), np.float64(54928.72434659334), np.float64(54880.02007993651), np.float64(54861.86467920559), np.float64(54802.942912556086), np.float64(54800.46527724778), np.float64(54744.588731348784), np.float64(54731.15981745243), np.float64(54810.872552724744), np.float64(54717.52992812395), np.float64(54758.3142090605), np.float64(54737.35725141375)]","[np.float64(55067.24300997931), np.float64(55045.114673812815), np.float64(55020.95048840929), np.float64(55020.94699772115), np.float64(55027.13656632458), np.float64(54962.858695522955), np.float64(54983.49801578283), np.float64(55009.32556777742), np.float64(54995.51327387969), np.float64(54973.4838613354), np.float64(54968.10130564213), np.float64(54933.94915313501), np.float64(54941.755495430974), np.float64(54939.074238263616), np.float64(54920.469516401296), np.float64(54870.66278428134), np.float64(54868.14458449949), np.float64(54899.86847621962), np.float64(54875.36708420066), np.float64(54849.35635545974), np.float64(54802.90233089476), np.float64(54773.30704310793), np.float64(54730.52763014303), np.float64(54712.12360892718), np.float64(54668.17095864536), np.float64(54697.53072703362), np.float64(54675.756656683), np.float64(54676.59197671609), np.float64(54720.24225402882)]","[np.float64(55068.44178964138), np.float64(55052.03714170933), np.float64(55020.95577599526), np.float64(55039.82431478739), np.float64(55039.64724637508), np.float64(54983.49801578283), np.float64(55042.03992353917), np.float64(55009.341891026495), np.float64(54995.525918893814), np.float64(54986.1360131836), np.float64(54968.10130564213), np.float64(54941.761638844015), np.float64(54948.91069550515), np.float64(54959.60382472992), np.float64(54920.469516401296), np.float64(54879.21875763178), np.float64(54900.229373493195), np.float64(54904.59388449669), np.float64(54877.450906603335), np.float64(54858.52506203413), np.float64(54802.91077121258), np.float64(54776.675156252386), np.float64(54738.60454616785), np.float64(54731.15981745243), np.float64(54697.53072703362), np.float64(54717.52992812395), np.float64(54706.804218311314), np.float64(54728.38853582859), np.float64(54724.90112515688)]"
403,"[np.float64(55151.78319095135), np.float64(55135.480791978836), np.float64(55128.40784254074), np.float64(55089.33225653649), np.float64(55086.78981168986), np.float64(55045.928088319306), np.float64(54990.508894693856), np.float64(54968.45582879782), np.float64(54951.098230865005), np.float64(54959.27943539858), np.float64(54922.837725930214), np.float64(54953.04276397467), np.float64(54936.363563420775), np.float64(54943.769401474), np.float64(54883.95633568287), np.float64(54846.38190348387), np.float64(54845.02279073954), np.float64(54796.33335577488), np.float64(54761.05038199663), np.float64(54764.52079410076), np.float64(54725.06570219755), np.float64(54715.76709939957), np.float64(54710.71878238201), np.float64(54671.61177478314), np.float64(54662.51908645153), np.float64(54640.649785373214), np.float64(54574.40031498909), np.float64(54526.30299679518), np.float64(54550.61815994978)]","[np.float64(55153.43727715068), np.float64(55135.480791978836), np.float64(55139.56375383799), np.float64(55089.33225653649), np.float64(55102.15671518161), np.float64(55045.928088319306), np.float64(55020.43419050319), np.float64(54968.45582879782), np.float64(54985.04259636393), np.float64(54959.27943539858), np.float64(54965.61886971553), np.float64(54953.04276397467), np.float64(54954.756905192626), np.float64(54945.47251797576), np.float64(54887.40916879653), np.float64(54848.269192727654), np.float64(54845.02279073954), np.float64(54862.50491255937), np.float64(54764.52079410076), np.float64(54781.25940072784), np.float64(54725.07412277536), np.float64(54736.79844949193), np.float64(54710.71878238201), np.float64(54675.9247840596), np.float64(54662.52800928786), np.float64(54657.69676342131), np.float64(54574.40031498909), np.float64(54583.74182609023), np.float64(54551.83016424356)]","[np.float64(55135.480791978836), np.float64(55104.30215869696), np.float64(55089.33225653649), np.float64(55086.78103644461), np.float64(55018.726311918756), np.float64(54990.508894693856), np.float64(54952.6853072567), np.float64(54951.098230865005), np.float64(54929.414639780734), np.float64(54922.837725930214), np.float64(54913.91216448687), np.float64(54927.60483751485), np.float64(54936.363563420775), np.float64(54877.65436007831), np.float64(54846.37345781683), np.float64(54814.561548315796), np.float64(54796.33335577488), np.float64(54699.62270508774), np.float64(54761.05038199663), np.float64(54699.93057695147), np.float64(54715.76709939957), np.float64(54665.13217344516), np.float64(54671.61177478314), np.float64(54558.20836154468), np.float64(54640.649785373214), np.float64(54515.1894133127), np.float64(54526.30299679518), np.float64(54493.7885734586), np.float64(54528.683547687455)]","[np.float64(55135.480791978836), np.float64(55128.40784254074), np.float64(55089.33225653649), np.float64(55086.78981168986), np.float64(55045.928088319306), np.float64(54990.508894693856), np.float64(54968.45582879782), np.float64(54951.098230865005), np.float64(54959.27943539858), np.float64(54922.837725930214), np.float64(54953.04276397467), np.float64(54936.363563420775), np.float64(54943.769401474), np.float64(54883.95633568287), np.float64(54846.38190348387), np.float64(54845.02279073954), np.float64(54796.33335577488), np.float64(54761.05038199663), np.float64(54764.52079410076), np.float64(54725.06570219755), np.float64(54715.76709939957), np.float64(54710.71878238201), np.float64(54671.61177478314), np.float64(54662.51908645153), np.float64(54640.649785373214), np.float64(54574.40031498909), np.float64(54526.30299679518), np.float64(54550.61815994978), np.float64(54546.648221757416)]"
404,"[np.float64(55096.363224663735), np.float64(55100.349388761526), np.float64(55059.87142093182), np.float64(55003.166002359394), np.float64(54990.88775670767), np.float64(54996.43534225941), np.float64(54970.10288697481), np.float64(54964.44596972704), np.float64(54954.57018829346), np.float64(54930.42488203764), np.float64(54927.0688239336), np.float64(54913.39888494969), np.float64(54880.14981553793), np.float64(54873.12232439041), np.float64(54811.89528684139), np.float64(54817.202574460505), np.float64(54823.253678188325), np.float64(54839.11643239021), np.float64(54784.60189738035), np.float64(54773.09605633736), np.float64(54720.347311923506), np.float64(54693.774172375204), np.float64(54702.932408213615), np.float64(54700.53548140764), np.float64(54670.02884756565), np.float64(54667.437081117634), np.float64(54648.88159927845), np.float64(54603.97949668169), np.float64(54577.38626791716)]","[np.float64(55134.57662973761), np.float64(55100.349388761526), np.float64(55067.49898058597), np.float64(55003.166002359394), np.float64(55002.05153755045), np.float64(54996.43534225941), np.float64(54979.112577846616), np.float64(54964.44596972704), np.float64(54987.66143917119), np.float64(54930.42488203764), np.float64(54943.83200333937), np.float64(54913.39888494969), np.float64(54898.853533056106), np.float64(54873.12232439041), np.float64(54830.35973803385), np.float64(54823.253678188325), np.float64(54860.73941369528), np.float64(54839.13099696204), np.float64(54812.94875988463), np.float64(54773.1210002182), np.float64(54720.347311923506), np.float64(54702.95665708573), np.float64(54704.684679857564), np.float64(54716.979414742345), np.float64(54670.02884756565), np.float64(54687.059278491644), np.float64(54648.88159927845), np.float64(54616.672973368484), np.float64(54598.36240309528)]","[np.float64(55096.363224663735), np.float64(55049.33372229227), np.float64(55003.166002359394), np.float64(54974.731940447564), np.float64(54980.245400176755), np.float64(54970.10288697481), np.float64(54957.48613170831), np.float64(54948.54585964316), np.float64(54903.783659829205), np.float64(54927.0688239336), np.float64(54907.97317508291), np.float64(54876.40099259926), np.float64(54859.31239810098), np.float64(54806.53002075871), np.float64(54811.88600463997), np.float64(54805.78921199136), np.float64(54823.244382338205), np.float64(54779.11976763158), np.float64(54765.61140438809), np.float64(54700.84340401341), np.float64(54689.729039917045), np.float64(54666.423246991915), np.float64(54692.93442620249), np.float64(54654.54493156574), np.float64(54667.437081117634), np.float64(54644.86902262914), np.float64(54603.97949668169), np.float64(54560.78043339827), np.float64(54558.86687047322)]","[np.float64(55100.349388761526), np.float64(55059.87142093182), np.float64(55003.166002359394), np.float64(54990.88775670767), np.float64(54996.43534225941), np.float64(54970.10288697481), np.float64(54964.44596972704), np.float64(54954.57018829346), np.float64(54930.42488203764), np.float64(54927.0688239336), np.float64(54913.39888494969), np.float64(54880.14981553793), np.float64(54873.12232439041), np.float64(54811.89528684139), np.float64(54817.202574460505), np.float64(54823.253678188325), np.float64(54839.11643239021), np.float64(54784.60189738035), np.float64(54773.09605633736), np.float64(54720.347311923506), np.float64(54693.774172375204), np.float64(54702.932408213615), np.float64(54700.53548140764), np.float64(54670.02884756565), np.float64(54667.437081117634), np.float64(54648.88159927845), np.float64(54603.97949668169), np.float64(54577.38626791716), np.float64(54589.55415165663)]"
405,"[np.float64(54979.7446805501), np.float64(55013.44369689465), np.float64(55000.01972203255), np.float64(54960.621678352356), np.float64(54904.815252206325), np.float64(54852.31221436024), np.float64(54912.455335671904), np.float64(54943.66663740635), np.float64(54894.435051157474), np.float64(54933.63503576994), np.float64(54851.31908592701), np.float64(54865.0823882556), np.float64(54876.04878233194), np.float64(54847.288880085944), np.float64(54806.24274801254), np.float64(54784.96685147524), np.float64(54749.98392817021), np.float64(54742.52155700207), np.float64(54731.38543480396), np.float64(54786.31308651686), np.float64(54707.80172516346), np.float64(54736.04085311174), np.float64(54679.4492734313), np.float64(54651.36454913855), np.float64(54601.99800456524), np.float64(54608.21677598238), np.float64(54521.151014270785), np.float64(54501.93632282972), np.float64(54514.35132968426)]","[np.float64(55013.44369689465), np.float64(55013.44369689465), np.float64(55000.03139372966), np.float64(54960.63479798548), np.float64(54904.815252206325), np.float64(54912.455335671904), np.float64(54945.385219576965), np.float64(54943.66663740635), np.float64(54935.4162034032), np.float64(54933.63503576994), np.float64(54887.41104150342), np.float64(54876.04878233194), np.float64(54876.04878233194), np.float64(54853.31291088946), np.float64(54806.24274801254), np.float64(54784.96685147524), np.float64(54763.50943203612), np.float64(54742.52155700207), np.float64(54788.00868597575), np.float64(54786.31308651686), np.float64(54736.04085311174), np.float64(54766.675778132136), np.float64(54679.45281373628), np.float64(54663.2189295815), np.float64(54608.21677598238), np.float64(54627.12744414566), np.float64(54521.151014270785), np.float64(54514.3602285062), np.float64(54520.612934117766)]","[np.float64(54979.7446805501), np.float64(55000.01972203255), np.float64(54960.621678352356), np.float64(54904.815252206325), np.float64(54851.81422622499), np.float64(54843.74904083122), np.float64(54912.455335671904), np.float64(54882.32598502959), np.float64(54894.42732233882), np.float64(54851.31908592701), np.float64(54850.92986545399), np.float64(54865.0823882556), np.float64(54844.68812636923), np.float64(54798.742851111834), np.float64(54784.95838529157), np.float64(54747.027780452845), np.float64(54742.52155700207), np.float64(54721.29100722375), np.float64(54729.1105624319), np.float64(54680.49670248599), np.float64(54707.79448801045), np.float64(54668.578898174084), np.float64(54647.595366376394), np.float64(54589.13591165383), np.float64(54601.99800456524), np.float64(54513.10775448768), np.float64(54486.71416143238), np.float64(54476.463183789405), np.float64(54508.02593088865)]","[np.float64(55013.44369689465), np.float64(55000.01972203255), np.float64(54960.621678352356), np.float64(54904.815252206325), np.float64(54852.31221436024), np.float64(54912.455335671904), np.float64(54943.66663740635), np.float64(54894.435051157474), np.float64(54933.63503576994), np.float64(54851.31908592701), np.float64(54865.0823882556), np.float64(54876.04878233194), np.float64(54847.288880085944), np.float64(54806.24274801254), np.float64(54784.96685147524), np.float64(54749.98392817021), np.float64(54742.52155700207), np.float64(54731.38543480396), np.float64(54786.31308651686), np.float64(54707.80172516346), np.float64(54736.04085311174), np.float64(54679.4492734313), np.float64(54651.36454913855), np.float64(54601.99800456524), np.float64(54608.21677598238), np.float64(54521.151014270785), np.float64(54501.93632282972), np.float64(54514.35132968426), np.float64(54508.02593088865)]"
406,"[np.float64(55020.43731968403), np.float64(54985.71980583191), np.float64(55021.26883294821), np.float64(55020.09245480537), np.float64(54996.774283394814), np.float64(55011.66786169053), np.float64(54949.32149422169), np.float64(54921.475780091285), np.float64(54948.591972363), np.float64(54950.01186786413), np.float64(54918.69496896744), np.float64(54857.12422553301), np.float64(54878.12389534712), np.float64(54859.703243055345), np.float64(54857.062541337014), np.float64(54853.544481732846), np.float64(54786.85897233486), np.float64(54801.71031176567), np.float64(54808.86851159573), np.float64(54774.30166686535), np.float64(54704.54868868113), np.float64(54701.078791685104), np.float64(54571.66650748014), np.float64(54600.12378371239), np.float64(54581.223952102664), np.float64(54570.98064103365), np.float64(54509.39495946407), np.float64(54472.28232168436), np.float64(54437.41993367672)]","[np.float64(55020.449067452406), np.float64(55030.51373321536), np.float64(55039.66523370027), np.float64(55020.09245480537), np.float64(55023.43465472952), np.float64(55018.571718190855), np.float64(54952.76727080086), np.float64(54956.393754637866), np.float64(54950.01186786413), np.float64(54950.01186786413), np.float64(54930.3189668872), np.float64(54918.60385099243), np.float64(54884.17249748526), np.float64(54889.106545212286), np.float64(54857.062541337014), np.float64(54855.58204924074), np.float64(54809.299210014266), np.float64(54817.905175310705), np.float64(54826.545571138726), np.float64(54788.83705999717), np.float64(54716.58837465365), np.float64(54701.09084946136), np.float64(54602.99329948836), np.float64(54639.68322963708), np.float64(54634.31739666972), np.float64(54575.560565428554), np.float64(54517.204231769894), np.float64(54494.2383821549), np.float64(54444.2521181553)]","[np.float64(54985.71980583191), np.float64(54972.654749227244), np.float64(54993.18976898762), np.float64(54996.774283394814), np.float64(54980.06570771636), np.float64(54949.32149422169), np.float64(54901.89225461502), np.float64(54921.45023898757), np.float64(54948.4740833241), np.float64(54793.283468917936), np.float64(54857.12422553301), np.float64(54823.68373559408), np.float64(54859.703243055345), np.float64(54856.35556430124), np.float64(54853.544481732846), np.float64(54767.744205480936), np.float64(54786.85897233486), np.float64(54798.2011724094), np.float64(54774.30166686535), np.float64(54691.797584541375), np.float64(54700.7139367123), np.float64(54571.66650748014), np.float64(54571.66650748014), np.float64(54558.70859040598), np.float64(54570.98064103365), np.float64(54486.55097361465), np.float64(54472.28232168436), np.float64(54368.156499798235), np.float64(54422.82292887449)]","[np.float64(54985.71980583191), np.float64(55021.26883294821), np.float64(55020.09245480537), np.float64(54996.774283394814), np.float64(55011.66786169053), np.float64(54949.32149422169), np.float64(54921.475780091285), np.float64(54948.591972363), np.float64(54950.01186786413), np.float64(54918.69496896744), np.float64(54857.12422553301), np.float64(54878.12389534712), np.float64(54859.703243055345), np.float64(54857.062541337014), np.float64(54853.544481732846), np.float64(54786.85897233486), np.float64(54801.71031176567), np.float64(54808.86851159573), np.float64(54774.30166686535), np.float64(54704.54868868113), np.float64(54701.078791685104), np.float64(54571.66650748014), np.float64(54600.12378371239), np.float64(54581.223952102664), np.float64(54570.98064103365), np.float64(54509.39495946407), np.float64(54472.28232168436), np.float64(54437.41993367672), np.float64(54422.82292887449)]"
407,"[np.float64(55010.29574246645), np.float64(54974.689023242), np.float64(55047.70546884775), np.float64(55018.192993655204), np.float64(54954.660847320556), np.float64(54964.78182021379), np.float64(54917.12942664862), np.float64(54913.58471019984), np.float64(54908.457967972754), np.float64(54893.592076737885), np.float64(54853.876082577706), np.float64(54856.078813626766), np.float64(54827.295860292914), np.float64(54828.5569737196), np.float64(54761.96238090277), np.float64(54782.91581976414), np.float64(54711.85781518698), np.float64(54705.36616524935), np.float64(54723.64992756129), np.float64(54675.32724956989), np.float64(54656.35581793309), np.float64(54620.209909296034), np.float64(54643.43394469976), np.float64(54603.74203184366), np.float64(54568.1832176733), np.float64(54484.12800530195), np.float64(54495.90994429112), np.float64(54426.29913594484), np.float64(54440.50195426703)]","[np.float64(55016.36327295026), np.float64(55054.20243116688), np.float64(55068.85019970961), np.float64(55018.192993655204), np.float64(54976.74697326726), np.float64(54976.1552565471), np.float64(54930.10202837595), np.float64(54919.82296522828), np.float64(54922.43728511029), np.float64(54893.592076737885), np.float64(54868.21938456258), np.float64(54878.99123757946), np.float64(54838.28650278555), np.float64(54835.906374034326), np.float64(54802.083851390715), np.float64(54782.91581976414), np.float64(54733.07225683097), np.float64(54739.571999734784), np.float64(54730.95146189082), np.float64(54701.777143493215), np.float64(54656.35581793309), np.float64(54659.17293979832), np.float64(54648.202649762585), np.float64(54604.814296356366), np.float64(54586.181426724725), np.float64(54500.327166273484), np.float64(54533.14820054277), np.float64(54440.50195426703), np.float64(54462.64344638392)]","[np.float64(54974.689023242), np.float64(54972.98853313039), np.float64(54988.295986022575), np.float64(54954.660847320556), np.float64(54901.91687338889), np.float64(54917.12942664862), np.float64(54883.12056212411), np.float64(54908.43207833535), np.float64(54873.83712409469), np.float64(54853.86864737527), np.float64(54849.41437729831), np.float64(54824.58424612441), np.float64(54814.02943959614), np.float64(54757.051112168534), np.float64(54761.8677078349), np.float64(54673.61789904159), np.float64(54705.35077993051), np.float64(54698.29541318535), np.float64(54674.1111881869), np.float64(54636.520353953565), np.float64(54612.06676315122), np.float64(54590.96032915463), np.float64(54603.73278222011), np.float64(54544.78315010498), np.float64(54484.12800530195), np.float64(54438.49977944082), np.float64(54415.228487869346), np.float64(54366.30372104976), np.float64(54399.73005142895)]","[np.float64(54974.689023242), np.float64(55047.70546884775), np.float64(55018.192993655204), np.float64(54954.660847320556), np.float64(54964.78182021379), np.float64(54917.12942664862), np.float64(54913.58471019984), np.float64(54908.457967972754), np.float64(54893.592076737885), np.float64(54853.876082577706), np.float64(54856.078813626766), np.float64(54827.295860292914), np.float64(54828.5569737196), np.float64(54761.96238090277), np.float64(54782.91581976414), np.float64(54711.85781518698), np.float64(54705.36616524935), np.float64(54723.64992756129), np.float64(54675.32724956989), np.float64(54656.35581793309), np.float64(54620.209909296034), np.float64(54643.43394469976), np.float64(54603.74203184366), np.float64(54568.1832176733), np.float64(54484.12800530195), np.float64(54495.90994429112), np.float64(54426.29913594484), np.float64(54440.50195426703), np.float64(54403.28616608858)]"
408,"[np.float64(55031.38233677387), np.float64(55056.89950469971), np.float64(54959.56171464205), np.float64(54968.263049588204), np.float64(54958.08477091789), np.float64(54936.661682238584), np.float64(54939.5572336936), np.float64(54945.40873302937), np.float64(54955.86504130125), np.float64(54976.88866364241), np.float64(54956.67852578163), np.float64(54916.809673290256), np.float64(54901.884287068846), np.float64(54900.28938358784), np.float64(54916.08543128968), np.float64(54831.299280512336), np.float64(54810.88722027302), np.float64(54775.86540630579), np.float64(54744.02296836138), np.float64(54742.27327489376), np.float64(54711.3391013217), np.float64(54720.54228034258), np.float64(54668.952142841816), np.float64(54671.92805116177), np.float64(54668.997601132396), np.float64(54656.01468758821), np.float64(54655.53422049999), np.float64(54589.18816734553), np.float64(54500.92645338297)]","[np.float64(55056.89950469971), np.float64(55063.39181004579), np.float64(54983.69675969276), np.float64(54968.263049588204), np.float64(54982.48503032539), np.float64(54939.5572336936), np.float64(54956.6637154424), np.float64(54955.87634524593), np.float64(54976.88866364241), np.float64(54976.88866364241), np.float64(54969.491258396425), np.float64(54916.809673290256), np.float64(54904.70147015912), np.float64(54925.2558926302), np.float64(54916.08543128968), np.float64(54831.30494965733), np.float64(54810.88722027302), np.float64(54775.86540630579), np.float64(54746.972956602745), np.float64(54757.55353371773), np.float64(54720.54228034258), np.float64(54738.569473397954), np.float64(54676.13552751311), np.float64(54671.92805116177), np.float64(54668.997601132396), np.float64(54678.49980983633), np.float64(54655.53422049999), np.float64(54591.946244955914), np.float64(54509.29411147349)]","[np.float64(55021.5596723938), np.float64(54959.56171464205), np.float64(54959.56171464205), np.float64(54958.07402824432), np.float64(54932.75930780211), np.float64(54936.64629197557), np.float64(54939.5572336936), np.float64(54945.40873302937), np.float64(54955.86504130125), np.float64(54941.082521899916), np.float64(54916.809673290256), np.float64(54881.24325812174), np.float64(54900.28938358784), np.float64(54895.29564006877), np.float64(54831.299280512336), np.float64(54766.1977790224), np.float64(54774.5180093976), np.float64(54727.58231532423), np.float64(54740.48755925004), np.float64(54711.33064271991), np.float64(54704.21487591678), np.float64(54654.17293659034), np.float64(54663.17980324739), np.float64(54664.145054773755), np.float64(54652.44616373851), np.float64(54655.53422049999), np.float64(54585.57384885438), np.float64(54491.17897726394), np.float64(54453.28262951523)]","[np.float64(55056.89950469971), np.float64(54959.56171464205), np.float64(54968.263049588204), np.float64(54958.08477091789), np.float64(54936.661682238584), np.float64(54939.5572336936), np.float64(54945.40873302937), np.float64(54955.86504130125), np.float64(54976.88866364241), np.float64(54956.67852578163), np.float64(54916.809673290256), np.float64(54901.884287068846), np.float64(54900.28938358784), np.float64(54916.08543128968), np.float64(54831.299280512336), np.float64(54810.88722027302), np.float64(54775.86540630579), np.float64(54744.02296836138), np.float64(54742.27327489376), np.float64(54711.3391013217), np.float64(54720.54228034258), np.float64(54668.952142841816), np.float64(54671.92805116177), np.float64(54668.997601132396), np.float64(54656.01468758821), np.float64(54655.53422049999), np.float64(54589.18816734553), np.float64(54500.92645338297), np.float64(54469.41729038477)]"
409,"[np.float64(55169.086960086825), np.float64(55133.608889112475), np.float64(55130.80142114401), np.float64(55081.97960339546), np.float64(55072.036214022635), np.float64(55083.21238587618), np.float64(55095.655594899654), np.float64(55034.195213377476), np.float64(55090.54482102394), np.float64(55024.61446011305), np.float64(55009.25020178318), np.float64(55021.53076542139), np.float64(54979.18527314425), np.float64(54979.526403489115), np.float64(54950.57475224972), np.float64(54908.42693270922), np.float64(54914.54654581547), np.float64(54951.50993102074), np.float64(54913.183440983295), np.float64(54867.1092098856), np.float64(54814.646865580085), np.float64(54884.35206748724), np.float64(54832.90229694605), np.float64(54834.22110248089), np.float64(54753.53044749737), np.float64(54736.08759917259), np.float64(54678.93326388359), np.float64(54679.79825917482), np.float64(54679.66986847878)]","[np.float64(55169.086960086825), np.float64(55176.266674346036), np.float64(55139.54216732999), np.float64(55081.97960339546), np.float64(55097.910094436054), np.float64(55095.655594899654), np.float64(55117.78543472239), np.float64(55090.54482102394), np.float64(55090.54482102394), np.float64(55054.35391405691), np.float64(55021.5397616458), np.float64(55021.53076542139), np.float64(54979.53492874205), np.float64(55003.38559454554), np.float64(54963.4080488954), np.float64(54914.54654581547), np.float64(54995.280925511484), np.float64(54951.50993102074), np.float64(54926.10016120279), np.float64(54896.77782692733), np.float64(54884.35206748724), np.float64(54884.36499488902), np.float64(54850.05792867569), np.float64(54834.22110248089), np.float64(54788.207583648495), np.float64(54736.08759917259), np.float64(54751.077288155284), np.float64(54679.79825917482), np.float64(54758.480617442925)]","[np.float64(55061.35464987013), np.float64(55130.80142114401), np.float64(55081.97960339546), np.float64(54997.91065345348), np.float64(55064.59654180488), np.float64(55083.21238587618), np.float64(55034.17573709963), np.float64(55001.812986158526), np.float64(55024.60573285702), np.float64(55002.28210786353), np.float64(54995.22310544894), np.float64(54969.56740150767), np.float64(54963.96255672893), np.float64(54950.559271264894), np.float64(54891.90068717481), np.float64(54903.19745778216), np.float64(54901.44564727074), np.float64(54868.4189175965), np.float64(54848.51322599134), np.float64(54796.30184275808), np.float64(54792.84383253328), np.float64(54752.92157896937), np.float64(54797.77449943155), np.float64(54746.5196106608), np.float64(54698.57953421289), np.float64(54673.4590105722), np.float64(54671.34969045295), np.float64(54679.66986847878), np.float64(54489.720555880536)]","[np.float64(55133.608889112475), np.float64(55130.80142114401), np.float64(55081.97960339546), np.float64(55072.036214022635), np.float64(55083.21238587618), np.float64(55095.655594899654), np.float64(55034.195213377476), np.float64(55090.54482102394), np.float64(55024.61446011305), np.float64(55009.25020178318), np.float64(55021.53076542139), np.float64(54979.18527314425), np.float64(54979.526403489115), np.float64(54950.57475224972), np.float64(54908.42693270922), np.float64(54914.54654581547), np.float64(54951.50993102074), np.float64(54913.183440983295), np.float64(54867.1092098856), np.float64(54814.646865580085), np.float64(54884.35206748724), np.float64(54832.90229694605), np.float64(54834.22110248089), np.float64(54753.53044749737), np.float64(54736.08759917259), np.float64(54678.93326388359), np.float64(54679.79825917482), np.float64(54679.66986847878), np.float64(54700.606051218514)]"
410,"[np.float64(55039.16510518551), np.float64(55054.28558860302), np.float64(55007.00664841652), np.float64(54984.24247577667), np.float64(54989.9798786664), np.float64(54951.35733024359), np.float64(54973.16945432186), np.float64(54952.194767251014), np.float64(54893.72961060286), np.float64(54912.28225934744), np.float64(54875.064797067644), np.float64(54854.60663465261), np.float64(54872.36627446413), np.float64(54828.90364147663), np.float64(54863.558698470595), np.float64(54848.42366324902), np.float64(54806.78438418866), np.float64(54785.460196266176), np.float64(54709.24673218489), np.float64(54704.78653985023), np.float64(54708.37568437338), np.float64(54682.01193627119), np.float64(54691.96021917105), np.float64(54621.11959021568), np.float64(54641.420515880585), np.float64(54629.82272804022), np.float64(54531.53765417099), np.float64(54520.81014147997), np.float64(54534.344349477295)]","[np.float64(55054.28558860302), np.float64(55063.44196617003), np.float64(55013.486951353996), np.float64(54993.42024671704), np.float64(54989.9798786664), np.float64(54997.23703347423), np.float64(54976.80232551309), np.float64(54963.57593303435), np.float64(54912.28323361928), np.float64(54934.6143641643), np.float64(54889.70247444008), np.float64(54872.36627446413), np.float64(54872.37819388829), np.float64(54882.214895587975), np.float64(54869.040634796045), np.float64(54859.08924073327), np.float64(54842.40603042637), np.float64(54791.120593303225), np.float64(54718.955415111486), np.float64(54728.23571175239), np.float64(54714.625691835136), np.float64(54699.58963881656), np.float64(54712.14588895845), np.float64(54641.429724608766), np.float64(54658.079548322494), np.float64(54638.75644682096), np.float64(54544.3997434276), np.float64(54538.03906363272), np.float64(54575.09892524897)]","[np.float64(55039.1520309814), np.float64(55003.85598834549), np.float64(54984.22675068783), np.float64(54983.28101041703), np.float64(54923.70775278966), np.float64(54951.35733024359), np.float64(54952.18283700659), np.float64(54873.23333248826), np.float64(54885.93277986907), np.float64(54862.76216809345), np.float64(54851.62785226717), np.float64(54854.59499282333), np.float64(54807.58300844833), np.float64(54824.15441108978), np.float64(54797.22758687811), np.float64(54805.718590765915), np.float64(54771.69871529662), np.float64(54688.14883692648), np.float64(54694.43650118256), np.float64(54686.39679543081), np.float64(54665.2009941887), np.float64(54617.611086716526), np.float64(54613.059400869046), np.float64(54590.33304749122), np.float64(54613.41817022614), np.float64(54523.10916403964), np.float64(54509.02009662269), np.float64(54498.07148121398), np.float64(54513.74176335272)]","[np.float64(55054.28558860302), np.float64(55007.00664841652), np.float64(54984.24247577667), np.float64(54989.9798786664), np.float64(54951.35733024359), np.float64(54973.16945432186), np.float64(54952.194767251014), np.float64(54893.72961060286), np.float64(54912.28225934744), np.float64(54875.064797067644), np.float64(54854.60663465261), np.float64(54872.36627446413), np.float64(54828.90364147663), np.float64(54863.558698470595), np.float64(54848.42366324902), np.float64(54806.78438418866), np.float64(54785.460196266176), np.float64(54709.24673218489), np.float64(54704.78653985023), np.float64(54708.37568437338), np.float64(54682.01193627119), np.float64(54691.96021917105), np.float64(54621.11959021568), np.float64(54641.420515880585), np.float64(54629.82272804022), np.float64(54531.53765417099), np.float64(54520.81014147997), np.float64(54534.344349477295), np.float64(54550.32377566576)]"
411,"[np.float64(55090.39260657787), np.float64(55093.86881364822), np.float64(55084.394043877124), np.float64(55027.01834087849), np.float64(55013.644589056974), np.float64(55080.10757175207), np.float64(54944.073186481), np.float64(54956.87594096422), np.float64(54951.91957074404), np.float64(54947.84377783537), np.float64(54974.209457592966), np.float64(54940.30362534285), np.float64(54910.080172183516), np.float64(54965.62904427529), np.float64(54916.84057977676), np.float64(54903.26426169157), np.float64(54875.03762511492), np.float64(54820.85301684857), np.float64(54786.564716827874), np.float64(54717.88342106342), np.float64(54761.526856997014), np.float64(54690.89806625128), np.float64(54760.15860108376), np.float64(54660.405469105244), np.float64(54684.51188469887), np.float64(54603.95927868843), np.float64(54518.34187220097), np.float64(54477.47976249933), np.float64(54445.75747352123)]","[np.float64(55093.86881364822), np.float64(55093.86881364822), np.float64(55084.394043877124), np.float64(55087.67191361285), np.float64(55088.5155333853), np.float64(55080.10757175207), np.float64(54956.87594096422), np.float64(54969.94480830377), np.float64(54955.51790178926), np.float64(54988.58184437339), np.float64(54974.209457592966), np.float64(54948.90976990408), np.float64(54998.1201630163), np.float64(54965.6345559045), np.float64(54937.28234514902), np.float64(54913.2008174126), np.float64(54893.76318163582), np.float64(54820.867872137846), np.float64(54786.5739420553), np.float64(54783.934450947716), np.float64(54761.526856997014), np.float64(54832.61042108322), np.float64(54766.892442535136), np.float64(54695.013113713365), np.float64(54698.05551542162), np.float64(54603.95927868843), np.float64(54527.74840475858), np.float64(54509.63475844531), np.float64(54451.833580341656)]","[np.float64(55078.23997145357), np.float64(55071.41824627356), np.float64(55027.01834087849), np.float64(54975.889781813436), np.float64(55013.644589056974), np.float64(54911.551636425436), np.float64(54920.70216759959), np.float64(54929.3383520851), np.float64(54928.766186333356), np.float64(54947.84377783537), np.float64(54935.62230121971), np.float64(54896.639051519276), np.float64(54910.080172183516), np.float64(54878.96084159336), np.float64(54903.26426169157), np.float64(54827.33300050138), np.float64(54810.07370783578), np.float64(54771.09178327912), np.float64(54709.54537605975), np.float64(54714.38016701621), np.float64(54690.88521713062), np.float64(54684.3421262866), np.float64(54635.904501993246), np.float64(54636.72147888176), np.float64(54603.95927868843), np.float64(54497.94830913978), np.float64(54470.66458947598), np.float64(54445.75747352123), np.float64(54393.82640698108)]","[np.float64(55093.86881364822), np.float64(55084.394043877124), np.float64(55027.01834087849), np.float64(55013.644589056974), np.float64(55080.10757175207), np.float64(54944.073186481), np.float64(54956.87594096422), np.float64(54951.91957074404), np.float64(54947.84377783537), np.float64(54974.209457592966), np.float64(54940.30362534285), np.float64(54910.080172183516), np.float64(54965.62904427529), np.float64(54916.84057977676), np.float64(54903.26426169157), np.float64(54875.03762511492), np.float64(54820.85301684857), np.float64(54786.564716827874), np.float64(54717.88342106342), np.float64(54761.526856997014), np.float64(54690.89806625128), np.float64(54760.15860108376), np.float64(54660.405469105244), np.float64(54684.51188469887), np.float64(54603.95927868843), np.float64(54518.34187220097), np.float64(54477.47976249933), np.float64(54445.75747352123), np.float64(54440.68018167257)]"
412,"[np.float64(55211.499416418075), np.float64(55205.30292342663), np.float64(55141.64534826756), np.float64(55171.17829900742), np.float64(55077.3660376215), np.float64(55042.62804822207), np.float64(54985.512732372285), np.float64(54990.56851845742), np.float64(55067.8594599247), np.float64(54974.404297235014), np.float64(54979.551643786435), np.float64(54915.227003626824), np.float64(54967.239916107654), np.float64(54923.28149156571), np.float64(54742.5202692318), np.float64(54852.28839061022), np.float64(54840.810622959136), np.float64(54783.57747612953), np.float64(54768.37032577276), np.float64(54871.59721805811), np.float64(54767.33560235977), np.float64(54690.32629625082), np.float64(54843.20729221106), np.float64(54591.18202205658), np.float64(54763.22967562675), np.float64(54721.05558557272), np.float64(54561.48706981659), np.float64(54769.45720388174), np.float64(54702.2872353077)]","[np.float64(55211.499416418075), np.float64(55205.30292342663), np.float64(55181.904435008495), np.float64(55171.17829900742), np.float64(55083.34262646294), np.float64(55042.62804822207), np.float64(54990.56851845742), np.float64(55067.8594599247), np.float64(55080.86176985191), np.float64(54979.551643786435), np.float64(54998.75366556016), np.float64(54967.239916107654), np.float64(55013.777190238245), np.float64(54923.28997749166), np.float64(54879.366532003914), np.float64(54852.28839061022), np.float64(54849.28305175045), np.float64(54797.11228007984), np.float64(54899.65719956414), np.float64(54871.59721805811), np.float64(54802.029304754564), np.float64(54843.259833556105), np.float64(54843.20729221106), np.float64(54871.45302635171), np.float64(54763.22967562675), np.float64(54724.275648918214), np.float64(54785.28983036537), np.float64(54785.55326448062), np.float64(54710.32837289897)]","[np.float64(55198.99774194064), np.float64(55135.04867320893), np.float64(55141.64534826756), np.float64(54993.89054358513), np.float64(55036.43835490281), np.float64(54985.48661407765), np.float64(54963.06552979012), np.float64(54990.56851845742), np.float64(54941.96168620632), np.float64(54974.38931810019), np.float64(54915.227003626824), np.float64(54915.227003626824), np.float64(54923.28149156571), np.float64(54735.32064943132), np.float64(54742.51280805531), np.float64(54821.9394676241), np.float64(54783.57747612953), np.float64(54759.80663992418), np.float64(54761.41749024891), np.float64(54747.173087173556), np.float64(54663.507680762166), np.float64(54690.32629625082), np.float64(54569.530453545936), np.float64(54586.03686527486), np.float64(54697.25941847486), np.float64(54561.46787170105), np.float64(54561.48706981659), np.float64(54702.2872353077), np.float64(54602.25780818438)]","[np.float64(55205.30292342663), np.float64(55141.64534826756), np.float64(55171.17829900742), np.float64(55077.3660376215), np.float64(55042.62804822207), np.float64(54985.512732372285), np.float64(54990.56851845742), np.float64(55067.8594599247), np.float64(54974.404297235014), np.float64(54979.551643786435), np.float64(54915.227003626824), np.float64(54967.239916107654), np.float64(54923.28149156571), np.float64(54742.5202692318), np.float64(54852.28839061022), np.float64(54840.810622959136), np.float64(54783.57747612953), np.float64(54768.37032577276), np.float64(54871.59721805811), np.float64(54767.33560235977), np.float64(54690.32629625082), np.float64(54843.20729221106), np.float64(54591.18202205658), np.float64(54763.22967562675), np.float64(54721.05558557272), np.float64(54561.48706981659), np.float64(54769.45720388174), np.float64(54702.2872353077), np.float64(54656.018422122004)]"
413,"[np.float64(55021.465217914585), np.float64(55034.36687315464), np.float64(55001.37239592552), np.float64(55005.85666956425), np.float64(54995.84760390759), np.float64(55001.10273683071), np.float64(54980.89182630777), np.float64(54961.143096535205), np.float64(54928.503271238806), np.float64(54940.130033910275), np.float64(54872.60695872784), np.float64(54891.37208956719), np.float64(54869.27691358328), np.float64(54831.157497005464), np.float64(54833.24020786524), np.float64(54831.02627321482), np.float64(54825.15378322363), np.float64(54802.542726469044), np.float64(54785.6928963542), np.float64(54770.66925326109), np.float64(54716.08852685928), np.float64(54693.025977847574), np.float64(54670.83962772846), np.float64(54671.994242553716), np.float64(54696.135814275745), np.float64(54600.61764361143), np.float64(54589.34334366322), np.float64(54589.645840899946), np.float64(54558.51360826015)]","[np.float64(55034.37924642975), np.float64(55046.37725300289), np.float64(55032.98086452992), np.float64(55005.85666956425), np.float64(55009.12559501745), np.float64(55006.92585635426), np.float64(55005.04190119177), np.float64(54961.16022025508), np.float64(54967.02977027144), np.float64(54942.93109615366), np.float64(54901.58964650275), np.float64(54906.047064042235), np.float64(54891.346570467394), np.float64(54843.090173501034), np.float64(54851.10752256097), np.float64(54839.34669902398), np.float64(54832.3482742879), np.float64(54834.98219745264), np.float64(54791.30520129671), np.float64(54780.3080401944), np.float64(54743.691833468336), np.float64(54705.79862073177), np.float64(54709.08252539071), np.float64(54696.135814275745), np.float64(54737.926546423885), np.float64(54600.61764361143), np.float64(54667.87481522313), np.float64(54589.645840899946), np.float64(54600.43416995143)]","[np.float64(55002.87600563044), np.float64(55001.35780108656), np.float64(55001.37239592552), np.float64(54976.85123975283), np.float64(54975.769551782214), np.float64(54978.47421948518), np.float64(54951.30806896591), np.float64(54922.57832598478), np.float64(54912.97366866365), np.float64(54869.56768533013), np.float64(54866.30187689835), np.float64(54850.57314006353), np.float64(54803.564389405474), np.float64(54818.67789298872), np.float64(54820.13727863366), np.float64(54789.55241092413), np.float64(54798.069498386816), np.float64(54764.07020450831), np.float64(54769.48240232205), np.float64(54668.58160055251), np.float64(54687.560691782855), np.float64(54647.39992358085), np.float64(54660.24352518193), np.float64(54624.36115770771), np.float64(54597.0560409289), np.float64(54566.58919861725), np.float64(54557.93857816421), np.float64(54553.16091295703), np.float64(54484.079370068124)]","[np.float64(55034.36687315464), np.float64(55001.37239592552), np.float64(55005.85666956425), np.float64(54995.84760390759), np.float64(55001.10273683071), np.float64(54980.89182630777), np.float64(54961.143096535205), np.float64(54928.503271238806), np.float64(54940.130033910275), np.float64(54872.60695872784), np.float64(54891.37208956719), np.float64(54869.27691358328), np.float64(54831.157497005464), np.float64(54833.24020786524), np.float64(54831.02627321482), np.float64(54825.15378322363), np.float64(54802.542726469044), np.float64(54785.6928963542), np.float64(54770.66925326109), np.float64(54716.08852685928), np.float64(54693.025977847574), np.float64(54670.83962772846), np.float64(54671.994242553716), np.float64(54696.135814275745), np.float64(54600.61764361143), np.float64(54589.34334366322), np.float64(54589.645840899946), np.float64(54558.51360826015), np.float64(54516.65373415232)]"
414,"[np.float64(55092.32967061997), np.float64(55123.082397360806), np.float64(55003.36792473793), np.float64(55006.528628091815), np.float64(55022.68061549664), np.float64(54983.68178060055), np.float64(54974.04372155905), np.float64(54971.83468043566), np.float64(54918.23896951437), np.float64(54969.517209055426), np.float64(54983.69027988434), np.float64(54924.79333386421), np.float64(54893.670244393354), np.float64(54872.10086501122), np.float64(54905.6723920989), np.float64(54906.38221107244), np.float64(54870.70556592226), np.float64(54888.37235749722), np.float64(54863.16464076757), np.float64(54867.6156899333), np.float64(54780.33693101883), np.float64(54760.947875483034), np.float64(54729.064486444), np.float64(54721.18616547823), np.float64(54713.341970424655), np.float64(54686.16885870695), np.float64(54660.86842251778), np.float64(54597.078078243736), np.float64(54544.87109878302)]","[np.float64(55123.082397360806), np.float64(55125.91921146047), np.float64(55030.57579230229), np.float64(55022.68061549664), np.float64(55072.51191504701), np.float64(54983.68178060055), np.float64(54982.403618267075), np.float64(54971.83468043566), np.float64(54969.52565897781), np.float64(54983.69027988434), np.float64(54995.593841699876), np.float64(54924.804515608404), np.float64(54893.670244393354), np.float64(54911.13347399713), np.float64(54906.38221107244), np.float64(54906.38221107244), np.float64(54888.37235749722), np.float64(54888.37235749722), np.float64(54874.1174460549), np.float64(54872.76387099561), np.float64(54780.33693101883), np.float64(54772.65136679076), np.float64(54729.064486444), np.float64(54726.53659734038), np.float64(54713.341970424655), np.float64(54728.43461228874), np.float64(54660.89008623767), np.float64(54605.34032888717), np.float64(54566.48334134214)]","[np.float64(55091.344105360426), np.float64(55003.36792473793), np.float64(54993.94241416244), np.float64(55006.528628091815), np.float64(54980.843970860114), np.float64(54966.11813455947), np.float64(54971.83468043566), np.float64(54918.23149878012), np.float64(54918.23896951437), np.float64(54969.50841900974), np.float64(54924.79333386421), np.float64(54893.66503584206), np.float64(54872.09272816843), np.float64(54867.24480160695), np.float64(54905.66371629439), np.float64(54849.77734182629), np.float64(54854.75471681332), np.float64(54862.65059085515), np.float64(54858.769944950276), np.float64(54772.40232956409), np.float64(54756.50062123836), np.float64(54724.11953999541), np.float64(54713.60768537232), np.float64(54694.128332167966), np.float64(54680.51451652171), np.float64(54657.38369229278), np.float64(54596.37753056819), np.float64(54487.73672853992), np.float64(54541.453759053154)]","[np.float64(55123.082397360806), np.float64(55003.36792473793), np.float64(55006.528628091815), np.float64(55022.68061549664), np.float64(54983.68178060055), np.float64(54974.04372155905), np.float64(54971.83468043566), np.float64(54918.23896951437), np.float64(54969.517209055426), np.float64(54983.69027988434), np.float64(54924.79333386421), np.float64(54893.670244393354), np.float64(54872.10086501122), np.float64(54905.6723920989), np.float64(54906.38221107244), np.float64(54870.70556592226), np.float64(54888.37235749722), np.float64(54863.16464076757), np.float64(54867.6156899333), np.float64(54780.33693101883), np.float64(54760.947875483034), np.float64(54729.064486444), np.float64(54721.18616547823), np.float64(54713.341970424655), np.float64(54686.16885870695), np.float64(54660.86842251778), np.float64(54597.078078243736), np.float64(54544.87109878302), np.float64(54555.85745329857)]"
415,"[np.float64(55072.17142990112), np.float64(55056.725140604976), np.float64(54970.7417498064), np.float64(55043.42195859432), np.float64(55018.079154763225), np.float64(55017.02112270832), np.float64(55072.81673158408), np.float64(54959.479812452795), np.float64(54980.807348577975), np.float64(54899.078493201734), np.float64(54883.78351691246), np.float64(54922.27419765949), np.float64(54936.29492526531), np.float64(54813.200055680274), np.float64(54752.927127125266), np.float64(54779.58178253174), np.float64(54885.518014690875), np.float64(54851.60316804886), np.float64(54747.54991358042), np.float64(54801.500276434424), np.float64(54641.5710562253), np.float64(54669.469311382774), np.float64(54626.58617501736), np.float64(54663.78972937822), np.float64(54511.359839344026), np.float64(54571.94376441956), np.float64(54406.97949122667), np.float64(54588.09382016897), np.float64(54533.022839624886)]","[np.float64(55072.17710479629), np.float64(55056.725140604976), np.float64(55048.67522477157), np.float64(55043.42195859432), np.float64(55035.978726617366), np.float64(55074.611324238605), np.float64(55072.82241624919), np.float64(54985.47255750838), np.float64(54980.807348577975), np.float64(54903.67702903733), np.float64(54925.35713088734), np.float64(54984.31566568777), np.float64(54942.40398602617), np.float64(54838.29908333929), np.float64(54779.58178253174), np.float64(54894.99933671556), np.float64(54885.518014690875), np.float64(54864.54178502882), np.float64(54802.89659157358), np.float64(54806.21841895306), np.float64(54669.47898444853), np.float64(54686.57590739616), np.float64(54663.78972937822), np.float64(54750.72693397431), np.float64(54660.875105032064), np.float64(54600.947446891085), np.float64(54588.09382016897), np.float64(54589.73834228846), np.float64(54535.03931911491)]","[np.float64(55056.725140604976), np.float64(54958.71261711072), np.float64(54970.73380977055), np.float64(55018.07062182891), np.float64(55001.29586140131), np.float64(55017.02112270832), np.float64(54947.15869476936), np.float64(54946.17543220078), np.float64(54871.68155533711), np.float64(54873.64585860041), np.float64(54878.6441412994), np.float64(54905.53298396178), np.float64(54813.200055680274), np.float64(54740.359401537), np.float64(54752.927127125266), np.float64(54759.86819581856), np.float64(54831.96070383111), np.float64(54747.54991358042), np.float64(54726.97724393543), np.float64(54641.563622072696), np.float64(54620.39450920869), np.float64(54626.58617501736), np.float64(54612.180575657505), np.float64(54508.77962545139), np.float64(54509.06174329079), np.float64(54405.258464655875), np.float64(54386.798350518286), np.float64(54533.01364243057), np.float64(54442.42384477009)]","[np.float64(55056.725140604976), np.float64(54970.7417498064), np.float64(55043.42195859432), np.float64(55018.079154763225), np.float64(55017.02112270832), np.float64(55072.81673158408), np.float64(54959.479812452795), np.float64(54980.807348577975), np.float64(54899.078493201734), np.float64(54883.78351691246), np.float64(54922.27419765949), np.float64(54936.29492526531), np.float64(54813.200055680274), np.float64(54752.927127125266), np.float64(54779.58178253174), np.float64(54885.518014690875), np.float64(54851.60316804886), np.float64(54747.54991358042), np.float64(54801.500276434424), np.float64(54641.5710562253), np.float64(54669.469311382774), np.float64(54626.58617501736), np.float64(54663.78972937822), np.float64(54511.359839344026), np.float64(54571.94376441956), np.float64(54406.97949122667), np.float64(54588.09382016897), np.float64(54533.022839624886), np.float64(54448.66384224653)]"
416,"[np.float64(55052.30113461494), np.float64(55076.37033364773), np.float64(55086.95580527782), np.float64(54988.65386161804), np.float64(54898.48573254586), np.float64(55037.184772062305), np.float64(54908.03648076296), np.float64(54914.16794135571), np.float64(54986.74654506922), np.float64(54946.58382340193), np.float64(54863.63660857201), np.float64(54887.58656007767), np.float64(54814.36523022175), np.float64(54972.226033821105), np.float64(54837.21619857788), np.float64(54870.87915735484), np.float64(54827.410214293006), np.float64(54942.641829824446), np.float64(54747.421651661396), np.float64(54858.56498291254), np.float64(54648.78205463648), np.float64(54692.759924509526), np.float64(54756.099420411585), np.float64(54574.28621854306), np.float64(54734.38181867123), np.float64(54613.170441885), np.float64(54426.123226525786), np.float64(54630.25709295273), np.float64(54477.03870118141)]","[np.float64(55076.37033364773), np.float64(55119.233337110825), np.float64(55086.96452307259), np.float64(54988.65386161804), np.float64(55037.184772062305), np.float64(55083.14026072688), np.float64(54914.16794135571), np.float64(55016.27388114638), np.float64(54986.74654506922), np.float64(54948.38591206254), np.float64(54898.156498575205), np.float64(54887.58656007767), np.float64(54992.07475954345), np.float64(54994.14434866096), np.float64(54870.87915735484), np.float64(54887.22266608627), np.float64(54942.641829824446), np.float64(54974.31234682173), np.float64(54860.278818721694), np.float64(54869.98609930757), np.float64(54714.30514220567), np.float64(54768.093891213495), np.float64(54756.10511611864), np.float64(54759.20393742793), np.float64(54734.38181867123), np.float64(54615.44271904816), np.float64(54667.90409549022), np.float64(54630.26265479747), np.float64(54494.24226426698)]","[np.float64(54998.454125567085), np.float64(55076.37033364773), np.float64(54988.65386161804), np.float64(54894.159277682396), np.float64(54885.9844486203), np.float64(54908.03648076296), np.float64(54887.68971100329), np.float64(54914.16794135571), np.float64(54933.137330926285), np.float64(54863.63660857201), np.float64(54834.49749510532), np.float64(54814.36523022175), np.float64(54814.36523022175), np.float64(54816.10667702993), np.float64(54837.21619857788), np.float64(54800.35633560451), np.float64(54827.410214293006), np.float64(54707.43270849738), np.float64(54738.53971711004), np.float64(54647.07637823688), np.float64(54631.94288198536), np.float64(54692.759924509526), np.float64(54570.80054695582), np.float64(54570.570053771975), np.float64(54577.82960812731), np.float64(54421.71910943981), np.float64(54402.9534558985), np.float64(54477.02982940395), np.float64(54277.85227311748)]","[np.float64(55076.37033364773), np.float64(55086.95580527782), np.float64(54988.65386161804), np.float64(54898.48573254586), np.float64(55037.184772062305), np.float64(54908.03648076296), np.float64(54914.16794135571), np.float64(54986.74654506922), np.float64(54946.58382340193), np.float64(54863.63660857201), np.float64(54887.58656007767), np.float64(54814.36523022175), np.float64(54972.226033821105), np.float64(54837.21619857788), np.float64(54870.87915735484), np.float64(54827.410214293006), np.float64(54942.641829824446), np.float64(54747.421651661396), np.float64(54858.56498291254), np.float64(54648.78205463648), np.float64(54692.759924509526), np.float64(54756.099420411585), np.float64(54574.28621854306), np.float64(54734.38181867123), np.float64(54613.170441885), np.float64(54426.123226525786), np.float64(54630.25709295273), np.float64(54477.03870118141), np.float64(54318.908367264274)]"
417,"[np.float64(55253.453555309774), np.float64(55164.9320980835), np.float64(55287.639348816876), np.float64(55076.3412300396), np.float64(55049.929834437375), np.float64(54974.24255328894), np.float64(55025.795474228864), np.float64(55083.106917490964), np.float64(54885.329356346134), np.float64(54743.92986257077), np.float64(54907.59232879639), np.float64(55022.717574503426), np.float64(54892.24597047329), np.float64(54929.98768403054), np.float64(54793.3962093401), np.float64(54773.94057608128), np.float64(54652.79539068699), np.float64(54878.02203271866), np.float64(54774.27925966263), np.float64(54631.323109183315), np.float64(54553.589947404864), np.float64(54659.78283217907), np.float64(54641.87213691473), np.float64(54632.11740588665), np.float64(54401.513163979056), np.float64(54465.45623780727), np.float64(54399.50321213961), np.float64(54331.58569292307), np.float64(54345.73751554251)]","[np.float64(55253.453555309774), np.float64(55348.17006541567), np.float64(55296.35892544639), np.float64(55076.3412300396), np.float64(55079.8012060385), np.float64(55025.795474228864), np.float64(55252.43343515713), np.float64(55083.106917490964), np.float64(54903.333163871524), np.float64(54907.59232879639), np.float64(55034.75197038777), np.float64(55026.06678670245), np.float64(54929.98768403054), np.float64(54929.98768403054), np.float64(54830.13113302342), np.float64(54798.037654780936), np.float64(54878.02203271866), np.float64(54997.20053804618), np.float64(54774.27925966263), np.float64(54642.838735964855), np.float64(54701.9132720439), np.float64(54717.54327151736), np.float64(54641.87213691473), np.float64(54646.1945781256), np.float64(54465.46171018505), np.float64(54493.668296752374), np.float64(54399.50321213961), np.float64(54410.51895006727), np.float64(54409.07601514727)]","[np.float64(55154.06463288599), np.float64(55134.28340072258), np.float64(55076.3412300396), np.float64(55007.888214835846), np.float64(54962.06578984345), np.float64(54941.100392135595), np.float64(55025.48081101329), np.float64(54868.97004713942), np.float64(54696.28669431499), np.float64(54741.03204230501), np.float64(54906.57919495399), np.float64(54882.277883211624), np.float64(54892.23642378155), np.float64(54787.54666554448), np.float64(54754.725074492584), np.float64(54641.33693125387), np.float64(54652.79539068699), np.float64(54713.81228750044), np.float64(54625.16066333206), np.float64(54533.61427519601), np.float64(54547.53186245555), np.float64(54626.63134029514), np.float64(54632.10893475613), np.float64(54329.26810766492), np.float64(54394.43608181504), np.float64(54360.79596173774), np.float64(54331.58569292307), np.float64(54326.10901979222), np.float64(54325.91540036925)]","[np.float64(55164.9320980835), np.float64(55287.639348816876), np.float64(55076.3412300396), np.float64(55049.929834437375), np.float64(54974.24255328894), np.float64(55025.795474228864), np.float64(55083.106917490964), np.float64(54885.329356346134), np.float64(54743.92986257077), np.float64(54907.59232879639), np.float64(55022.717574503426), np.float64(54892.24597047329), np.float64(54929.98768403054), np.float64(54793.3962093401), np.float64(54773.94057608128), np.float64(54652.79539068699), np.float64(54878.02203271866), np.float64(54774.27925966263), np.float64(54631.323109183315), np.float64(54553.589947404864), np.float64(54659.78283217907), np.float64(54641.87213691473), np.float64(54632.11740588665), np.float64(54401.513163979056), np.float64(54465.45623780727), np.float64(54399.50321213961), np.float64(54331.58569292307), np.float64(54345.73751554251), np.float64(54399.68414386272)]"
418,"[np.float64(55101.40458772182), np.float64(55092.29335549832), np.float64(55045.85017821789), np.float64(55107.30901441574), np.float64(55062.84617025853), np.float64(55068.603404810434), np.float64(54984.3783355403), np.float64(54941.51181141138), np.float64(54919.074346089365), np.float64(54972.22629137516), np.float64(54910.2077902174), np.float64(54905.814046828746), np.float64(54933.62370339155), np.float64(54918.01425360203), np.float64(54901.38733652115), np.float64(54870.7394342804), np.float64(54867.17269695998), np.float64(54794.98441641569), np.float64(54780.460685741906), np.float64(54769.79962199688), np.float64(54764.21430477619), np.float64(54765.29744835138), np.float64(54690.94442598105), np.float64(54697.16783337116), np.float64(54690.41656894684), np.float64(54704.747649188044), np.float64(54677.76177926779), np.float64(54600.43452267885), np.float64(54536.35713441134)]","[np.float64(55101.41650953164), np.float64(55096.1264746312), np.float64(55126.183401186165), np.float64(55112.606543675734), np.float64(55084.0928936698), np.float64(55068.612339153595), np.float64(54997.636035092546), np.float64(54941.51181141138), np.float64(54986.130995723615), np.float64(54977.71897327702), np.float64(54920.07304749598), np.float64(54933.62370339155), np.float64(54933.669976663085), np.float64(54940.03399091041), np.float64(54901.38733652115), np.float64(54870.751356278735), np.float64(54867.182381966406), np.float64(54801.8517827566), np.float64(54780.460685741906), np.float64(54801.26642173138), np.float64(54765.29744835138), np.float64(54765.30641690404), np.float64(54793.822526089396), np.float64(54702.06769286265), np.float64(54714.05074930666), np.float64(54715.118603011186), np.float64(54698.71670620637), np.float64(54600.443417725226), np.float64(54544.14974540624)]","[np.float64(55092.29335549832), np.float64(55007.50187321393), np.float64(55045.85017821789), np.float64(55062.84617025853), np.float64(55050.83372575735), np.float64(54984.3783355403), np.float64(54939.88387502785), np.float64(54918.47675279433), np.float64(54907.252694520925), np.float64(54910.2077902174), np.float64(54903.63241068868), np.float64(54890.26155013235), np.float64(54918.01425360203), np.float64(54891.58534849622), np.float64(54858.92651211166), np.float64(54853.864668469796), np.float64(54794.98441641569), np.float64(54760.90511545456), np.float64(54768.91869696322), np.float64(54740.319861741744), np.float64(54764.20035608681), np.float64(54657.23380798845), np.float64(54690.934909591655), np.float64(54655.0394116635), np.float64(54690.41656894684), np.float64(54646.30961215052), np.float64(54600.43452267885), np.float64(54495.3454921749), np.float64(54534.30222357756)]","[np.float64(55092.29335549832), np.float64(55045.85017821789), np.float64(55107.30901441574), np.float64(55062.84617025853), np.float64(55068.603404810434), np.float64(54984.3783355403), np.float64(54941.51181141138), np.float64(54919.074346089365), np.float64(54972.22629137516), np.float64(54910.2077902174), np.float64(54905.814046828746), np.float64(54933.62370339155), np.float64(54918.01425360203), np.float64(54901.38733652115), np.float64(54870.7394342804), np.float64(54867.17269695998), np.float64(54794.98441641569), np.float64(54780.460685741906), np.float64(54769.79962199688), np.float64(54764.21430477619), np.float64(54765.29744835138), np.float64(54690.94442598105), np.float64(54697.16783337116), np.float64(54690.41656894684), np.float64(54704.747649188044), np.float64(54677.76177926779), np.float64(54600.43452267885), np.float64(54536.35713441134), np.float64(54538.15473293304)]"
419,"[np.float64(55092.825075843335), np.float64(55059.65224243164), np.float64(55058.36163906574), np.float64(55125.515252957346), np.float64(55029.032671136854), np.float64(55080.58881150246), np.float64(55020.03102816344), np.float64(54962.04002852917), np.float64(54991.38998711348), np.float64(55010.87665563584), np.float64(54866.62912912846), np.float64(54936.9028816104), np.float64(54987.69601809025), np.float64(55006.85108576775), np.float64(54922.52994883538), np.float64(54935.997707886694), np.float64(54846.44320134878), np.float64(54875.17477264881), np.float64(54771.958697633745), np.float64(54864.25782895088), np.float64(54753.81594616652), np.float64(54791.50048272371), np.float64(54853.24108305693), np.float64(54669.49996031523), np.float64(54885.08751308918), np.float64(54719.863754186634), np.float64(54552.67189597845), np.float64(54700.32351442099), np.float64(54540.04672501564)]","[np.float64(55092.825075843335), np.float64(55073.0357463713), np.float64(55125.83165243783), np.float64(55125.515252957346), np.float64(55084.44109251118), np.float64(55090.19284363135), np.float64(55020.03102816344), np.float64(54993.85625778856), np.float64(55010.87665563584), np.float64(55010.87665563584), np.float64(54943.04689983208), np.float64(54987.69601809025), np.float64(55028.31008064757), np.float64(55021.49999316144), np.float64(54939.24668812061), np.float64(54948.5213137214), np.float64(54875.17477264881), np.float64(54901.04973977304), np.float64(54884.21934589663), np.float64(54864.25782895088), np.float64(54823.13867815291), np.float64(54859.27357299088), np.float64(54865.78900697387), np.float64(54909.17459428784), np.float64(54885.08751308918), np.float64(54719.863754186634), np.float64(54735.35437952276), np.float64(54703.85179636676), np.float64(54551.82507791268)]","[np.float64(55058.75891152669), np.float64(55058.3508646822), np.float64(55058.36163906574), np.float64(55002.576024480484), np.float64(55029.02510880182), np.float64(55020.03102816344), np.float64(54936.57477576893), np.float64(54962.04002852917), np.float64(54974.52294435246), np.float64(54866.618384845555), np.float64(54866.62068078459), np.float64(54925.62915058498), np.float64(54987.69601809025), np.float64(54912.703187765386), np.float64(54922.52195906222), np.float64(54810.04747965862), np.float64(54846.44320134878), np.float64(54759.83907089607), np.float64(54759.437400351126), np.float64(54744.26304094822), np.float64(54738.428495142216), np.float64(54791.50048272371), np.float64(54655.75206082942), np.float64(54663.93754287287), np.float64(54697.50518535681), np.float64(54552.67189597845), np.float64(54545.82300208116), np.float64(54540.04672501564), np.float64(54388.00062774387)]","[np.float64(55059.65224243164), np.float64(55058.36163906574), np.float64(55125.515252957346), np.float64(55029.032671136854), np.float64(55080.58881150246), np.float64(55020.03102816344), np.float64(54962.04002852917), np.float64(54991.38998711348), np.float64(55010.87665563584), np.float64(54866.62912912846), np.float64(54936.9028816104), np.float64(54987.69601809025), np.float64(55006.85108576775), np.float64(54922.52994883538), np.float64(54935.997707886694), np.float64(54846.44320134878), np.float64(54875.17477264881), np.float64(54771.958697633745), np.float64(54864.25782895088), np.float64(54753.81594616652), np.float64(54791.50048272371), np.float64(54853.24108305693), np.float64(54669.49996031523), np.float64(54885.08751308918), np.float64(54719.863754186634), np.float64(54552.67189597845), np.float64(54700.32351442099), np.float64(54540.04672501564), np.float64(54429.45958174467)]"
420,"[np.float64(55119.566655743125), np.float64(55065.253012895584), np.float64(55069.047814331054), np.float64(55056.57678946972), np.float64(54999.12729723454), np.float64(55062.47065644741), np.float64(54978.53649448157), np.float64(55017.97690580368), np.float64(55050.35673028231), np.float64(55060.53166074991), np.float64(54962.256373934746), np.float64(54948.733369538786), np.float64(54937.42571634054), np.float64(54989.327623023986), np.float64(54911.92052467823), np.float64(54910.88708903551), np.float64(54840.17716876268), np.float64(54877.09406546116), np.float64(54857.38177958727), np.float64(54883.85627593279), np.float64(54773.57703853369), np.float64(54834.79068327189), np.float64(54724.30875083208), np.float64(54710.73320540905), np.float64(54769.742960104944), np.float64(54696.5442950058), np.float64(54607.70926571846), np.float64(54635.80287562609), np.float64(54547.75390131235)]","[np.float64(55119.566655743125), np.float64(55083.562821909996), np.float64(55078.80736835413), np.float64(55056.57678946972), np.float64(55072.879124424544), np.float64(55098.67525657179), np.float64(55017.982563159414), np.float64(55061.62183384021), np.float64(55061.158352817416), np.float64(55064.90839672726), np.float64(54966.28412820731), np.float64(54967.086856990805), np.float64(54992.50589755677), np.float64(55023.1863055854), np.float64(54911.92052467823), np.float64(54923.83557550939), np.float64(54877.10344706514), np.float64(54888.11043147077), np.float64(54946.76985789665), np.float64(54894.95929569145), np.float64(54853.7898543192), np.float64(54839.718258540655), np.float64(54761.732477460995), np.float64(54775.256539834), np.float64(54793.30803856235), np.float64(54696.5442950058), np.float64(54672.42290524841), np.float64(54635.808194192745), np.float64(54571.850390932545)]","[np.float64(55031.98068437801), np.float64(55065.253012895584), np.float64(55032.627614947334), np.float64(54993.018920267445), np.float64(54977.68853179078), np.float64(54978.53649448157), np.float64(54938.09583274578), np.float64(55017.97690580368), np.float64(55046.55638650423), np.float64(54931.90759550195), np.float64(54932.25782362029), np.float64(54913.551383529186), np.float64(54937.42571634054), np.float64(54895.07923754619), np.float64(54910.87042092754), np.float64(54802.543976134184), np.float64(54840.16544705622), np.float64(54818.95657511453), np.float64(54846.262216524294), np.float64(54758.61738107629), np.float64(54741.402397625076), np.float64(54724.30875083208), np.float64(54700.954065576094), np.float64(54706.19599751211), np.float64(54677.000224480485), np.float64(54592.41851545634), np.float64(54593.326799821814), np.float64(54521.98463706933), np.float64(54476.315367690055)]","[np.float64(55065.253012895584), np.float64(55069.047814331054), np.float64(55056.57678946972), np.float64(54999.12729723454), np.float64(55062.47065644741), np.float64(54978.53649448157), np.float64(55017.97690580368), np.float64(55050.35673028231), np.float64(55060.53166074991), np.float64(54962.256373934746), np.float64(54948.733369538786), np.float64(54937.42571634054), np.float64(54989.327623023986), np.float64(54911.92052467823), np.float64(54910.88708903551), np.float64(54840.17716876268), np.float64(54877.09406546116), np.float64(54857.38177958727), np.float64(54883.85627593279), np.float64(54773.57703853369), np.float64(54834.79068327189), np.float64(54724.30875083208), np.float64(54710.73320540905), np.float64(54769.742960104944), np.float64(54696.5442950058), np.float64(54607.70926571846), np.float64(54635.80287562609), np.float64(54547.75390131235), np.float64(54496.41706822396)]"
421,"[np.float64(55150.76276178837), np.float64(55130.164103636744), np.float64(55091.52404153824), np.float64(55081.779741449354), np.float64(55036.352357358934), np.float64(55027.90677358866), np.float64(55014.21738927365), np.float64(54992.57241777659), np.float64(54945.30674162388), np.float64(54916.598865296844), np.float64(54952.71193579197), np.float64(54947.38224097014), np.float64(54884.12271560192), np.float64(54872.30381760597), np.float64(54810.7775022459), np.float64(54805.46403332949), np.float64(54816.435836040975), np.float64(54771.668691768646), np.float64(54711.03982351065), np.float64(54674.721482434274), np.float64(54598.85880697489), np.float64(54572.63027475119), np.float64(54616.36333949566), np.float64(54578.40218988419), np.float64(54596.290349168776), np.float64(54526.96053229571), np.float64(54479.77765977144), np.float64(54442.044703052044), np.float64(54428.53135693312)]","[np.float64(55152.98986305335), np.float64(55133.60395800793), np.float64(55103.3021949839), np.float64(55092.64951577571), np.float64(55057.93223605749), np.float64(55027.90677358866), np.float64(55037.46516181599), np.float64(54992.581734177955), np.float64(54962.72426218602), np.float64(54975.37422081477), np.float64(54952.71193579197), np.float64(54976.669948736), np.float64(54884.12271560192), np.float64(54884.76081339411), np.float64(54812.30046656277), np.float64(54838.34186755766), np.float64(54816.435836040975), np.float64(54802.86256422314), np.float64(54711.05470432226), np.float64(54682.345908689305), np.float64(54615.95305286438), np.float64(54633.67869726482), np.float64(54622.54317747415), np.float64(54596.29958829813), np.float64(54614.50755323785), np.float64(54542.25713809457), np.float64(54479.77765977144), np.float64(54477.573043605655), np.float64(54491.22207970231)]","[np.float64(55118.275568143355), np.float64(55086.03439812299), np.float64(55081.779741449354), np.float64(55022.34577743235), np.float64(55007.27076906831), np.float64(55008.46206317161), np.float64(54992.56360310881), np.float64(54923.41427003949), np.float64(54891.332505444254), np.float64(54916.59035971742), np.float64(54917.922302494786), np.float64(54884.11364329221), np.float64(54864.8528402582), np.float64(54802.59445495816), np.float64(54762.32539060531), np.float64(54796.99662009403), np.float64(54767.215075355365), np.float64(54681.7807336152), np.float64(54671.150191835186), np.float64(54551.7848746528), np.float64(54561.606947329645), np.float64(54546.39833535506), np.float64(54578.39122506185), np.float64(54531.19685018865), np.float64(54519.18090384978), np.float64(54467.06162627088), np.float64(54426.03247542739), np.float64(54404.713247602485), np.float64(54416.96050017654)]","[np.float64(55130.164103636744), np.float64(55091.52404153824), np.float64(55081.779741449354), np.float64(55036.352357358934), np.float64(55027.90677358866), np.float64(55014.21738927365), np.float64(54992.57241777659), np.float64(54945.30674162388), np.float64(54916.598865296844), np.float64(54952.71193579197), np.float64(54947.38224097014), np.float64(54884.12271560192), np.float64(54872.30381760597), np.float64(54810.7775022459), np.float64(54805.46403332949), np.float64(54816.435836040975), np.float64(54771.668691768646), np.float64(54711.03982351065), np.float64(54674.721482434274), np.float64(54598.85880697489), np.float64(54572.63027475119), np.float64(54616.36333949566), np.float64(54578.40218988419), np.float64(54596.290349168776), np.float64(54526.96053229571), np.float64(54479.77765977144), np.float64(54442.044703052044), np.float64(54428.53135693312), np.float64(54460.44088770867)]"
422,"[np.float64(55095.065152230265), np.float64(55008.86567358017), np.float64(55024.79423284293), np.float64(55047.377473759654), np.float64(55081.2862678814), np.float64(55019.716940994265), np.float64(55054.290224576), np.float64(54977.335906257635), np.float64(54956.87619851828), np.float64(54932.87834195852), np.float64(54913.94129378796), np.float64(54920.477886908055), np.float64(54901.9661892581), np.float64(54912.19353197575), np.float64(54872.231444916724), np.float64(54864.47082615376), np.float64(54841.97772915602), np.float64(54822.11310005903), np.float64(54803.64982257128), np.float64(54729.78087304592), np.float64(54707.46935165644), np.float64(54687.37781743765), np.float64(54714.01457283735), np.float64(54627.58136388302), np.float64(54671.89765978337), np.float64(54627.17597380161), np.float64(54460.58357265472), np.float64(54430.094710042475), np.float64(54447.75377499581)]","[np.float64(55095.065152230265), np.float64(55024.79423284293), np.float64(55060.26272353866), np.float64(55106.128369132275), np.float64(55098.004259260015), np.float64(55063.49459569263), np.float64(55054.290224576), np.float64(54977.335906257635), np.float64(54975.74598797237), np.float64(54939.034859058316), np.float64(54920.48340296707), np.float64(54934.544968097645), np.float64(54918.67908601765), np.float64(54917.25378833241), np.float64(54874.022347951424), np.float64(54895.07220958273), np.float64(54841.97772915602), np.float64(54871.429171053904), np.float64(54803.64982257128), np.float64(54729.79795597106), np.float64(54725.812821163534), np.float64(54736.33622086562), np.float64(54716.74596413082), np.float64(54676.819593825676), np.float64(54671.89765978337), np.float64(54633.08932507501), np.float64(54460.58357265472), np.float64(54518.73568891831), np.float64(54474.181961543356)]","[np.float64(55008.858032375465), np.float64(54917.15634574715), np.float64(55024.79423284293), np.float64(55030.11116689478), np.float64(55012.74330256119), np.float64(55019.716940994265), np.float64(54949.9022428987), np.float64(54956.87619851828), np.float64(54912.01422053889), np.float64(54913.94129378796), np.float64(54905.80813479498), np.float64(54895.012060071705), np.float64(54901.9661892581), np.float64(54856.04956911856), np.float64(54857.16344824491), np.float64(54827.46610595512), np.float64(54821.963371318845), np.float64(54726.81560687931), np.float64(54729.76962571299), np.float64(54682.82240418545), np.float64(54687.37781743765), np.float64(54656.79564057211), np.float64(54624.78680332484), np.float64(54579.81693200572), np.float64(54627.17597380161), np.float64(54419.025933291065), np.float64(54430.094710042475), np.float64(54423.26553454771), np.float64(54420.237247163095)]","[np.float64(55008.86567358017), np.float64(55024.79423284293), np.float64(55047.377473759654), np.float64(55081.2862678814), np.float64(55019.716940994265), np.float64(55054.290224576), np.float64(54977.335906257635), np.float64(54956.87619851828), np.float64(54932.87834195852), np.float64(54913.94129378796), np.float64(54920.477886908055), np.float64(54901.9661892581), np.float64(54912.19353197575), np.float64(54872.231444916724), np.float64(54864.47082615376), np.float64(54841.97772915602), np.float64(54822.11310005903), np.float64(54803.64982257128), np.float64(54729.78087304592), np.float64(54707.46935165644), np.float64(54687.37781743765), np.float64(54714.01457283735), np.float64(54627.58136388302), np.float64(54671.89765978337), np.float64(54627.17597380161), np.float64(54460.58357265472), np.float64(54430.094710042475), np.float64(54447.75377499581), np.float64(54473.89692805052)]"
423,"[np.float64(55079.262536900045), np.float64(55024.44357299805), np.float64(55031.501713078025), np.float64(54973.19211907864), np.float64(55031.01248915196), np.float64(54958.59614449263), np.float64(54900.6418463111), np.float64(54902.45090598822), np.float64(54898.46950664044), np.float64(54844.76034315825), np.float64(54874.27693921566), np.float64(54904.70836727381), np.float64(54824.197742574215), np.float64(54797.27394318104), np.float64(54755.334871201514), np.float64(54759.12709709645), np.float64(54700.9980484891), np.float64(54860.16735546112), np.float64(54821.18410258532), np.float64(54823.174351539616), np.float64(54663.16915288448), np.float64(54685.31017349005), np.float64(54631.693343136314), np.float64(54599.372240982055), np.float64(54656.08873437881), np.float64(54606.117839217186), np.float64(54445.53649214268), np.float64(54613.14120949984), np.float64(54615.37471825838)]","[np.float64(55079.262536900045), np.float64(55036.58001850346), np.float64(55034.640863823064), np.float64(55031.01248915196), np.float64(55036.883409594244), np.float64(54958.603970888325), np.float64(54902.45090598822), np.float64(54911.531669203556), np.float64(54898.46950664044), np.float64(54882.603508102045), np.float64(54904.717403552575), np.float64(54905.06940735929), np.float64(54824.197742574215), np.float64(54817.23273212734), np.float64(54763.571943802104), np.float64(54759.12709709645), np.float64(54860.16735546112), np.float64(54860.16735546112), np.float64(54823.174351539616), np.float64(54831.54216962458), np.float64(54685.31017349005), np.float64(54694.667164350394), np.float64(54631.7050841318), np.float64(54663.35607113878), np.float64(54656.08873437881), np.float64(54617.16793296045), np.float64(54633.02985918695), np.float64(54615.37471825838), np.float64(54625.15941261474)]","[np.float64(55018.09893752545), np.float64(55024.44357299805), np.float64(54961.78237505655), np.float64(54973.19211907864), np.float64(54957.16761253143), np.float64(54900.6418463111), np.float64(54888.131950587325), np.float64(54898.46950664044), np.float64(54839.36218608981), np.float64(54844.76034315825), np.float64(54852.676067649685), np.float64(54824.197742574215), np.float64(54787.9162747673), np.float64(54747.08894738362), np.float64(54755.334871201514), np.float64(54638.79211111306), np.float64(54692.58962585123), np.float64(54801.546216028575), np.float64(54821.17632966), np.float64(54663.16915288448), np.float64(54661.620188072644), np.float64(54622.73420409231), np.float64(54593.90406435346), np.float64(54599.360379524864), np.float64(54604.45530824556), np.float64(54435.868472380316), np.float64(54442.167592095546), np.float64(54611.437380071344), np.float64(54548.50055497151)]","[np.float64(55024.44357299805), np.float64(55031.501713078025), np.float64(54973.19211907864), np.float64(55031.01248915196), np.float64(54958.59614449263), np.float64(54900.6418463111), np.float64(54902.45090598822), np.float64(54898.46950664044), np.float64(54844.76034315825), np.float64(54874.27693921566), np.float64(54904.70836727381), np.float64(54824.197742574215), np.float64(54797.27394318104), np.float64(54755.334871201514), np.float64(54759.12709709645), np.float64(54700.9980484891), np.float64(54860.16735546112), np.float64(54821.18410258532), np.float64(54823.174351539616), np.float64(54663.16915288448), np.float64(54685.31017349005), np.float64(54631.693343136314), np.float64(54599.372240982055), np.float64(54656.08873437881), np.float64(54606.117839217186), np.float64(54445.53649214268), np.float64(54613.14120949984), np.float64(54615.37471825838), np.float64(54550.534454882145)]"
424,"[np.float64(55010.60068646669), np.float64(54998.647216477395), np.float64(55024.48400898457), np.float64(55009.72564656735), np.float64(54891.937163162234), np.float64(54894.27498131275), np.float64(54890.19442365408), np.float64(54906.687026295665), np.float64(54909.68997779131), np.float64(54872.45899392367), np.float64(54792.02808220387), np.float64(54824.4050735879), np.float64(54814.970353472236), np.float64(54813.77723431587), np.float64(54764.24212061405), np.float64(54720.75527754545), np.float64(54690.56672296047), np.float64(54719.45269791603), np.float64(54754.572124869825), np.float64(54652.04268896341), np.float64(54624.60365268469), np.float64(54701.063209664826), np.float64(54643.09268557787), np.float64(54613.09034257412), np.float64(54655.31993552685), np.float64(54600.9587739563), np.float64(54521.74750946045), np.float64(54526.641422822475), np.float64(54500.21083944321)]","[np.float64(55020.41347542558), np.float64(55024.48400898457), np.float64(55048.920180644134), np.float64(55009.72564656735), np.float64(54907.50960514387), np.float64(54894.27498131275), np.float64(54916.84954328583), np.float64(54909.68997779131), np.float64(54935.47231681591), np.float64(54872.45899392367), np.float64(54837.59727408996), np.float64(54824.4050735879), np.float64(54828.0759644699), np.float64(54813.77723431587), np.float64(54789.49948336904), np.float64(54720.75527754545), np.float64(54719.45269791603), np.float64(54754.58105701088), np.float64(54757.429948495956), np.float64(54652.04268896341), np.float64(54704.15994757796), np.float64(54701.063209664826), np.float64(54643.09268557787), np.float64(54706.679079464724), np.float64(54655.31993552685), np.float64(54600.96740609908), np.float64(54526.641422822475), np.float64(54535.97291934366), np.float64(54510.454408066274)]","[np.float64(54998.647216477395), np.float64(54953.64190580787), np.float64(55009.72564656735), np.float64(54891.937163162234), np.float64(54887.08409341241), np.float64(54890.19442365408), np.float64(54879.50487350311), np.float64(54906.687026295665), np.float64(54849.82473782462), np.float64(54792.02257894886), np.float64(54792.02808220387), np.float64(54771.903959234245), np.float64(54813.77723431587), np.float64(54764.21581708924), np.float64(54720.75527754545), np.float64(54686.9776233869), np.float64(54690.56672296047), np.float64(54705.57859611139), np.float64(54652.04268896341), np.float64(54574.03944716251), np.float64(54624.60365268469), np.float64(54610.07616731067), np.float64(54613.09034257412), np.float64(54580.03924446074), np.float64(54600.9587739563), np.float64(54504.43328593138), np.float64(54521.74750946045), np.float64(54482.988830449605), np.float64(54488.89450634966)]","[np.float64(54998.647216477395), np.float64(55024.48400898457), np.float64(55009.72564656735), np.float64(54891.937163162234), np.float64(54894.27498131275), np.float64(54890.19442365408), np.float64(54906.687026295665), np.float64(54909.68997779131), np.float64(54872.45899392367), np.float64(54792.02808220387), np.float64(54824.4050735879), np.float64(54814.970353472236), np.float64(54813.77723431587), np.float64(54764.24212061405), np.float64(54720.75527754545), np.float64(54690.56672296047), np.float64(54719.45269791603), np.float64(54754.572124869825), np.float64(54652.04268896341), np.float64(54624.60365268469), np.float64(54701.063209664826), np.float64(54643.09268557787), np.float64(54613.09034257412), np.float64(54655.31993552685), np.float64(54600.9587739563), np.float64(54521.74750946045), np.float64(54526.641422822475), np.float64(54500.21083944321), np.float64(54510.454408066274)]"
425,"[np.float64(55145.51561304092), np.float64(55101.996446938516), np.float64(55117.983857302665), np.float64(55078.79082664967), np.float64(55044.422298541074), np.float64(54944.72428313017), np.float64(55005.02425486088), np.float64(55033.22230293751), np.float64(55006.37731508494), np.float64(54911.43258852244), np.float64(54928.5497597456), np.float64(54944.63929029227), np.float64(54947.18443945646), np.float64(54949.7183850193), np.float64(54851.52371262312), np.float64(54815.86458114863), np.float64(54799.386787865165), np.float64(54835.81536207676), np.float64(54837.45507996321), np.float64(54737.72770339012), np.float64(54735.61408604384), np.float64(54710.11546200991), np.float64(54713.50577480316), np.float64(54679.57444470167), np.float64(54524.73024296284), np.float64(54560.48402555227), np.float64(54456.694377658365), np.float64(54464.859485063556), np.float64(54456.3171897459)]","[np.float64(55148.4794064959), np.float64(55150.6813413908), np.float64(55124.759074567046), np.float64(55078.799866420595), np.float64(55046.89154200962), np.float64(55005.02425486088), np.float64(55056.15848296133), np.float64(55033.22230293751), np.float64(55033.51283152771), np.float64(54928.55549109879), np.float64(54949.03764780877), np.float64(54947.1962125816), np.float64(54958.3144263242), np.float64(54958.67376003154), np.float64(54851.53527982386), np.float64(54833.77062902838), np.float64(54835.81536207676), np.float64(54869.98980411844), np.float64(54837.45507996321), np.float64(54751.25037149907), np.float64(54751.99890145725), np.float64(54732.386247158094), np.float64(54713.51421331158), np.float64(54679.57444470167), np.float64(54560.49569222753), np.float64(54586.524478258376), np.float64(54464.859485063556), np.float64(54496.070559090214), np.float64(54459.83755965242)]","[np.float64(55101.986608550294), np.float64(55071.255559844685), np.float64(55078.79082664967), np.float64(55017.201672638475), np.float64(54938.19669026127), np.float64(54944.72428313017), np.float64(55000.5929623748), np.float64(55006.3538962029), np.float64(54887.88916497627), np.float64(54911.43258852244), np.float64(54920.71552998899), np.float64(54935.613066711376), np.float64(54947.17892478045), np.float64(54842.30041942004), np.float64(54815.21155116559), np.float64(54764.55802592546), np.float64(54799.386787865165), np.float64(54807.53331426028), np.float64(54720.43875601776), np.float64(54733.62909156325), np.float64(54704.91654403968), np.float64(54705.690625322575), np.float64(54669.74387563433), np.float64(54492.275700483406), np.float64(54524.73024296284), np.float64(54435.460120695425), np.float64(54456.68513052146), np.float64(54456.3171897459), np.float64(54422.84865803122)]","[np.float64(55101.996446938516), np.float64(55117.983857302665), np.float64(55078.79082664967), np.float64(55044.422298541074), np.float64(54944.72428313017), np.float64(55005.02425486088), np.float64(55033.22230293751), np.float64(55006.37731508494), np.float64(54911.43258852244), np.float64(54928.5497597456), np.float64(54944.63929029227), np.float64(54947.18443945646), np.float64(54949.7183850193), np.float64(54851.52371262312), np.float64(54815.86458114863), np.float64(54799.386787865165), np.float64(54835.81536207676), np.float64(54837.45507996321), np.float64(54737.72770339012), np.float64(54735.61408604384), np.float64(54710.11546200991), np.float64(54713.50577480316), np.float64(54679.57444470167), np.float64(54524.73024296284), np.float64(54560.48402555227), np.float64(54456.694377658365), np.float64(54464.859485063556), np.float64(54456.3171897459), np.float64(54448.0694074893)]"
426,"[np.float64(55062.274529035094), np.float64(55025.02229695797), np.float64(55008.78454405308), np.float64(55025.30637907982), np.float64(54986.030931129455), np.float64(54965.23537290335), np.float64(54940.11625476837), np.float64(54948.68726736307), np.float64(54952.042681581974), np.float64(54897.54321348429), np.float64(54900.38828434468), np.float64(54863.05440763235), np.float64(54839.92193269492), np.float64(54850.353258223535), np.float64(54805.391145532136), np.float64(54825.29105953455), np.float64(54775.18610748768), np.float64(54673.42753086567), np.float64(54707.33323433876), np.float64(54717.29362227917), np.float64(54663.15885072231), np.float64(54598.44079674483), np.float64(54615.20898222447), np.float64(54599.09755958319), np.float64(54602.99731429577), np.float64(54531.92153848887), np.float64(54556.975881779195), np.float64(54493.77391974211), np.float64(54487.95834919691)]","[np.float64(55077.71508885423), np.float64(55025.02229695797), np.float64(55032.19078387927), np.float64(55025.30637907982), np.float64(54994.98098419922), np.float64(54965.23537290335), np.float64(54970.428937790784), np.float64(54952.042681581974), np.float64(54983.39942765965), np.float64(54900.38828434468), np.float64(54922.20606011548), np.float64(54863.05440763235), np.float64(54869.16419869633), np.float64(54850.364423829604), np.float64(54846.040458300566), np.float64(54836.85537114917), np.float64(54775.193562590175), np.float64(54780.36552906817), np.float64(54717.29362227917), np.float64(54717.31059060185), np.float64(54664.886065115694), np.float64(54657.92865399399), np.float64(54615.20898222447), np.float64(54624.0321085018), np.float64(54602.99731429577), np.float64(54590.873131770146), np.float64(54556.975881779195), np.float64(54541.42439148026), np.float64(54488.16856635538)]","[np.float64(55025.02229695797), np.float64(54999.34951298962), np.float64(55008.7712935672), np.float64(54986.030931129455), np.float64(54923.26631169883), np.float64(54940.10778582524), np.float64(54917.687084707344), np.float64(54948.68726736307), np.float64(54876.1466901803), np.float64(54897.53798949396), np.float64(54863.04868366399), np.float64(54835.00675857308), np.float64(54827.805442971054), np.float64(54794.9228324193), np.float64(54805.37654698384), np.float64(54734.242100133684), np.float64(54668.52641007593), np.float64(54646.41779419196), np.float64(54706.65827515378), np.float64(54651.32583288227), np.float64(54586.391312550244), np.float64(54581.03197203619), np.float64(54599.089138535404), np.float64(54542.52799039124), np.float64(54531.92153848887), np.float64(54497.158039890164), np.float64(54493.77391974211), np.float64(54456.89644000973), np.float64(54460.93627149015)]","[np.float64(55025.02229695797), np.float64(55008.78454405308), np.float64(55025.30637907982), np.float64(54986.030931129455), np.float64(54965.23537290335), np.float64(54940.11625476837), np.float64(54948.68726736307), np.float64(54952.042681581974), np.float64(54897.54321348429), np.float64(54900.38828434468), np.float64(54863.05440763235), np.float64(54839.92193269492), np.float64(54850.353258223535), np.float64(54805.391145532136), np.float64(54825.29105953455), np.float64(54775.18610748768), np.float64(54673.42753086567), np.float64(54707.33323433876), np.float64(54717.29362227917), np.float64(54663.15885072231), np.float64(54598.44079674483), np.float64(54615.20898222447), np.float64(54599.09755958319), np.float64(54602.99731429577), np.float64(54531.92153848887), np.float64(54556.975881779195), np.float64(54493.77391974211), np.float64(54487.95834919691), np.float64(54463.1983901906)]"
427,"[np.float64(55152.310661654476), np.float64(55090.01142657757), np.float64(55099.79835186243), np.float64(55022.30020815849), np.float64(54995.447880015374), np.float64(54959.24427927018), np.float64(54976.94287877083), np.float64(54920.147316279414), np.float64(54925.67558527708), np.float64(54857.4593033576), np.float64(55001.59852838516), np.float64(55039.42356067896), np.float64(54968.843190095424), np.float64(54949.496115870475), np.float64(54891.53911337137), np.float64(54859.999043886666), np.float64(54874.49341339827), np.float64(54891.55624071598), np.float64(54833.39229353428), np.float64(54807.083018114565), np.float64(54768.73605252981), np.float64(54809.50582910299), np.float64(54862.50620382786), np.float64(54817.16947876454), np.float64(54770.84271591663), np.float64(54746.44268870115), np.float64(54767.54679668427), np.float64(54789.60797553301), np.float64(54832.70050334454)]","[np.float64(55152.310661654476), np.float64(55099.81216036564), np.float64(55099.79835186243), np.float64(55034.32271825179), np.float64(54995.45947753803), np.float64(54976.94287877083), np.float64(54982.27783759737), np.float64(54934.35104044028), np.float64(54959.58699873902), np.float64(55001.608339207814), np.float64(55041.15478645269), np.float64(55039.42356067896), np.float64(54970.20766566537), np.float64(54963.70912405383), np.float64(54913.7036593281), np.float64(54882.275832792), np.float64(54940.78303365473), np.float64(54891.55624071598), np.float64(54856.40680219358), np.float64(54807.08851772816), np.float64(54809.51924309655), np.float64(54873.776072651526), np.float64(54868.55210792128), np.float64(54827.59414721931), np.float64(54770.85194552469), np.float64(54767.54679668427), np.float64(54797.676611870585), np.float64(54849.07876482735), np.float64(54861.444723334556)]","[np.float64(54948.636319952035), np.float64(55090.01142657757), np.float64(54994.661136067814), np.float64(54973.40178531928), np.float64(54956.23009411867), np.float64(54948.517935521675), np.float64(54901.64968668451), np.float64(54908.61527474056), np.float64(54849.45101101668), np.float64(54853.76297059793), np.float64(55001.58771928282), np.float64(54964.42373506614), np.float64(54949.496115870475), np.float64(54870.70089154133), np.float64(54859.999043886666), np.float64(54827.11704350151), np.float64(54874.48492800219), np.float64(54755.74746954601), np.float64(54807.071093879174), np.float64(54766.03492190334), np.float64(54742.23069264844), np.float64(54809.50582910299), np.float64(54792.72716231159), np.float64(54745.286220540795), np.float64(54743.01705949842), np.float64(54723.35648484865), np.float64(54767.54679668427), np.float64(54789.60797553301), np.float64(54762.678583244495)]","[np.float64(55090.01142657757), np.float64(55099.79835186243), np.float64(55022.30020815849), np.float64(54995.447880015374), np.float64(54959.24427927018), np.float64(54976.94287877083), np.float64(54920.147316279414), np.float64(54925.67558527708), np.float64(54857.4593033576), np.float64(55001.59852838516), np.float64(55039.42356067896), np.float64(54968.843190095424), np.float64(54949.496115870475), np.float64(54891.53911337137), np.float64(54859.999043886666), np.float64(54874.49341339827), np.float64(54891.55624071598), np.float64(54833.39229353428), np.float64(54807.083018114565), np.float64(54768.73605252981), np.float64(54809.50582910299), np.float64(54862.50620382786), np.float64(54817.16947876454), np.float64(54770.84271591663), np.float64(54746.44268870115), np.float64(54767.54679668427), np.float64(54789.60797553301), np.float64(54832.70050334454), np.float64(54850.975766372685)]"
428,"[np.float64(54978.885609002115), np.float64(55034.141513357165), np.float64(54992.78799052), np.float64(54966.453732357026), np.float64(54943.980467021465), np.float64(54899.44563650608), np.float64(54961.32093760967), np.float64(54842.77254096747), np.float64(54850.55041585207), np.float64(54876.04157081842), np.float64(54858.36293175697), np.float64(54834.7855321908), np.float64(54848.96259510756), np.float64(54813.845743694306), np.float64(54828.419439854624), np.float64(54752.346342732904), np.float64(54776.23383738041), np.float64(54694.37028123379), np.float64(54651.06630154372), np.float64(54674.50166004896), np.float64(54601.62107420683), np.float64(54594.26867861986), np.float64(54585.07618809224), np.float64(54585.74222287655), np.float64(54592.155833935736), np.float64(54625.03647227288), np.float64(54551.452119977475), np.float64(54480.77864360333), np.float64(54439.2368487525)]","[np.float64(55036.438301587936), np.float64(55051.190669116), np.float64(55005.59390934084), np.float64(54966.453732357026), np.float64(54969.01226323867), np.float64(54961.32093760967), np.float64(54985.12571628816), np.float64(54853.550243212005), np.float64(54912.2089174947), np.float64(54884.53710370198), np.float64(54870.676605449255), np.float64(54857.534265760834), np.float64(54848.98844601638), np.float64(54828.43287519841), np.float64(54833.66166295969), np.float64(54792.73042483553), np.float64(54776.23383738041), np.float64(54696.86414485088), np.float64(54682.98871120087), np.float64(54676.088559015596), np.float64(54644.456342317615), np.float64(54615.25131140261), np.float64(54607.148472674635), np.float64(54595.02106553043), np.float64(54625.05128892319), np.float64(54702.982663166506), np.float64(54551.452119977475), np.float64(54491.46443329539), np.float64(54471.03882835166)]","[np.float64(54978.885609002115), np.float64(54984.840151988836), np.float64(54966.453732357026), np.float64(54893.31093212134), np.float64(54895.79628578218), np.float64(54884.443059070414), np.float64(54842.77254096747), np.float64(54842.75660352193), np.float64(54830.71196712824), np.float64(54834.60320240742), np.float64(54827.009907520485), np.float64(54824.184992009345), np.float64(54800.56672080742), np.float64(54798.66734481677), np.float64(54743.406791386704), np.float64(54718.7446877302), np.float64(54689.27672722215), np.float64(54638.69728405768), np.float64(54651.04061690061), np.float64(54578.31642446871), np.float64(54593.60675035508), np.float64(54572.63386558621), np.float64(54578.55617771527), np.float64(54542.67805685067), np.float64(54569.88630228099), np.float64(54551.441453401945), np.float64(54416.744392451714), np.float64(54438.94469275606), np.float64(54412.59186137743)]","[np.float64(55034.141513357165), np.float64(54992.78799052), np.float64(54966.453732357026), np.float64(54943.980467021465), np.float64(54899.44563650608), np.float64(54961.32093760967), np.float64(54842.77254096747), np.float64(54850.55041585207), np.float64(54876.04157081842), np.float64(54858.36293175697), np.float64(54834.7855321908), np.float64(54848.96259510756), np.float64(54813.845743694306), np.float64(54828.419439854624), np.float64(54752.346342732904), np.float64(54776.23383738041), np.float64(54694.37028123379), np.float64(54651.06630154372), np.float64(54674.50166004896), np.float64(54601.62107420683), np.float64(54594.26867861986), np.float64(54585.07618809224), np.float64(54585.74222287655), np.float64(54592.155833935736), np.float64(54625.03647227288), np.float64(54551.452119977475), np.float64(54480.77864360333), np.float64(54439.2368487525), np.float64(54453.47907284498)]"
429,"[np.float64(55147.72001819134), np.float64(55141.04705019951), np.float64(55113.077581346035), np.float64(55050.80551822186), np.float64(55038.48426104307), np.float64(55025.96262681008), np.float64(55018.525495939255), np.float64(55000.265814931394), np.float64(54971.42349538803), np.float64(54967.544087445734), np.float64(54982.64383776188), np.float64(55001.54585858107), np.float64(54964.25125886202), np.float64(54925.330076513295), np.float64(54871.00651783466), np.float64(54866.184204499725), np.float64(54836.80218043566), np.float64(54890.90836349249), np.float64(54848.923575668334), np.float64(54828.344362847805), np.float64(54738.47989000559), np.float64(54803.23155478716), np.float64(54729.45519594431), np.float64(54732.569410791395), np.float64(54716.80040626526), np.float64(54735.24011755705), np.float64(54704.15012378216), np.float64(54677.2397171998), np.float64(54655.48979242564)]","[np.float64(55147.72001819134), np.float64(55141.04705019951), np.float64(55115.46931673602), np.float64(55050.8130411982), np.float64(55040.054990004486), np.float64(55062.65832298935), np.float64(55025.036881649066), np.float64(55023.882661450334), np.float64(54974.538524539974), np.float64(54997.52372229499), np.float64(55001.55889188044), np.float64(55001.55154605662), np.float64(54964.25125886202), np.float64(54930.931140113804), np.float64(54918.62802951644), np.float64(54869.20711507958), np.float64(54890.919447428874), np.float64(54890.90836349249), np.float64(54887.82015466437), np.float64(54841.58908036056), np.float64(54803.240737124994), np.float64(54803.23721664314), np.float64(54732.60168639092), np.float64(54737.501512360155), np.float64(54747.84242860489), np.float64(54754.148342329056), np.float64(54756.40279515536), np.float64(54677.250377761244), np.float64(54684.938190938934)]","[np.float64(55141.04705019951), np.float64(55109.259329496934), np.float64(55050.780232028126), np.float64(55038.48426104307), np.float64(55013.91112976008), np.float64(55018.525495939255), np.float64(55000.265814931394), np.float64(54971.42349538803), np.float64(54948.358303190704), np.float64(54967.53534712654), np.float64(54982.64383776188), np.float64(54909.23773098175), np.float64(54925.31655035391), np.float64(54860.19398077089), np.float64(54862.613635932874), np.float64(54834.820888569404), np.float64(54830.44990078767), np.float64(54773.05804961085), np.float64(54812.601625303396), np.float64(54738.46680877958), np.float64(54735.6404144319), np.float64(54676.3060980782), np.float64(54729.44046197016), np.float64(54696.56218506425), np.float64(54712.3013366453), np.float64(54698.87242048569), np.float64(54664.09156110238), np.float64(54618.39777228605), np.float64(54641.45851739423)]","[np.float64(55141.04705019951), np.float64(55113.077581346035), np.float64(55050.80551822186), np.float64(55038.48426104307), np.float64(55025.96262681008), np.float64(55018.525495939255), np.float64(55000.265814931394), np.float64(54971.42349538803), np.float64(54967.544087445734), np.float64(54982.64383776188), np.float64(55001.54585858107), np.float64(54964.25125886202), np.float64(54925.330076513295), np.float64(54871.00651783466), np.float64(54866.184204499725), np.float64(54836.80218043566), np.float64(54890.90836349249), np.float64(54848.923575668334), np.float64(54828.344362847805), np.float64(54738.47989000559), np.float64(54803.23155478716), np.float64(54729.45519594431), np.float64(54732.569410791395), np.float64(54716.80040626526), np.float64(54735.24011755705), np.float64(54704.15012378216), np.float64(54677.2397171998), np.float64(54655.48979242564), np.float64(54660.58717349052)]"
430,"[np.float64(55153.95797738552), np.float64(55115.087404408456), np.float64(55067.02820421458), np.float64(55043.97338182449), np.float64(54993.84203048706), np.float64(54995.446849799155), np.float64(55030.72544515848), np.float64(54983.44727763414), np.float64(55028.306368703845), np.float64(54959.47105561495), np.float64(54990.01889810562), np.float64(54960.59914237261), np.float64(54936.32724829912), np.float64(54905.559454646114), np.float64(54868.514424805646), np.float64(54894.55532890082), np.float64(54908.188952763085), np.float64(54835.30128418446), np.float64(54838.61742141008), np.float64(54821.390660936835), np.float64(54858.535879304414), np.float64(54847.210454876426), np.float64(54852.9884225297), np.float64(54820.6267556119), np.float64(54779.94828195095), np.float64(54792.27520531893), np.float64(54742.58002177239), np.float64(54700.01135890722), np.float64(54731.31872830391)]","[np.float64(55170.48272372637), np.float64(55115.087404408456), np.float64(55092.109610814114), np.float64(55043.97338182449), np.float64(54995.45848360011), np.float64(55036.10864803498), np.float64(55040.69891651146), np.float64(55034.35797592882), np.float64(55046.25574972334), np.float64(54990.01889810562), np.float64(55004.02157073949), np.float64(54960.59914237261), np.float64(54944.96197721176), np.float64(54905.568724873934), np.float64(54894.581310119924), np.float64(54908.188952763085), np.float64(54923.771030484095), np.float64(54838.61742141008), np.float64(54866.81758283687), np.float64(54868.74426092517), np.float64(54870.97871677761), np.float64(54874.785193949654), np.float64(54874.4926685728), np.float64(54830.802332711595), np.float64(54792.27520531893), np.float64(54839.864894621336), np.float64(54742.58002177239), np.float64(54754.917032568424), np.float64(54743.93608570181)]","[np.float64(55114.77829976082), np.float64(55051.11895806065), np.float64(55043.97338182449), np.float64(54946.21845368501), np.float64(54992.77464787219), np.float64(54966.42850592786), np.float64(54983.44727763414), np.float64(54983.44727763414), np.float64(54954.3684407197), np.float64(54942.028793516714), np.float64(54960.59914237261), np.float64(54925.13870888123), np.float64(54904.689091036125), np.float64(54854.325849138215), np.float64(54863.41882919516), np.float64(54883.110152379406), np.float64(54823.19832465736), np.float64(54835.30128418446), np.float64(54803.99494920758), np.float64(54798.78588935764), np.float64(54841.414644727454), np.float64(54840.70666091374), np.float64(54798.94110615276), np.float64(54772.574413664115), np.float64(54758.61714484503), np.float64(54742.58002177239), np.float64(54666.21111019865), np.float64(54699.99942238168), np.float64(54706.58444361162)]","[np.float64(55115.087404408456), np.float64(55067.02820421458), np.float64(55043.97338182449), np.float64(54993.84203048706), np.float64(54995.446849799155), np.float64(55030.72544515848), np.float64(54983.44727763414), np.float64(55028.306368703845), np.float64(54959.47105561495), np.float64(54990.01889810562), np.float64(54960.59914237261), np.float64(54936.32724829912), np.float64(54905.559454646114), np.float64(54868.514424805646), np.float64(54894.55532890082), np.float64(54908.188952763085), np.float64(54835.30128418446), np.float64(54838.61742141008), np.float64(54821.390660936835), np.float64(54858.535879304414), np.float64(54847.210454876426), np.float64(54852.9884225297), np.float64(54820.6267556119), np.float64(54779.94828195095), np.float64(54792.27520531893), np.float64(54742.58002177239), np.float64(54700.01135890722), np.float64(54731.31872830391), np.float64(54723.575365662575)]"
431,"[np.float64(55104.09190672398), np.float64(55082.39220499039), np.float64(55040.77031082869), np.float64(55023.64309499741), np.float64(54942.282799472814), np.float64(54954.10981042147), np.float64(54976.08509499312), np.float64(54914.21520252466), np.float64(54951.19416975022), np.float64(54935.09330682516), np.float64(54894.56550228596), np.float64(54832.632895405295), np.float64(54832.318421905045), np.float64(54792.33920750141), np.float64(54777.448204746244), np.float64(54843.06138783932), np.float64(54788.669062228204), np.float64(54767.98463857651), np.float64(54710.383060672284), np.float64(54672.81815797329), np.float64(54705.899817249774), np.float64(54651.855447165966), np.float64(54609.789014706614), np.float64(54519.34968121529), np.float64(54624.048237366675), np.float64(54566.05878305674), np.float64(54500.07691133499), np.float64(54425.02488726139), np.float64(54434.03412807942)]","[np.float64(55104.09190672398), np.float64(55097.34341342418), np.float64(55057.96850859309), np.float64(55023.64309499741), np.float64(54975.631054945756), np.float64(54985.74083107014), np.float64(54979.24016181766), np.float64(54953.664304809114), np.float64(54957.15055586714), np.float64(54935.10012395497), np.float64(54898.851130777126), np.float64(54832.632895405295), np.float64(54835.32276779087), np.float64(54809.092777035854), np.float64(54843.06986919213), np.float64(54844.73123487624), np.float64(54819.905236631144), np.float64(54772.933799072605), np.float64(54780.1362436651), np.float64(54741.916210799245), np.float64(54711.90688562062), np.float64(54661.3940795993), np.float64(54609.917792210435), np.float64(54642.91009252447), np.float64(54640.4137023203), np.float64(54579.60932695072), np.float64(54510.08718242448), np.float64(54458.237676291596), np.float64(54456.694550075576)]","[np.float64(55069.48138006556), np.float64(55033.699963653075), np.float64(55010.895512947835), np.float64(54937.99735694599), np.float64(54930.2148150161), np.float64(54954.10981042147), np.float64(54903.15609484541), np.float64(54898.12374878626), np.float64(54931.487014104954), np.float64(54865.274076826856), np.float64(54832.62408600322), np.float64(54821.43060231233), np.float64(54789.37138126564), np.float64(54777.43906789415), np.float64(54764.58760090624), np.float64(54772.51761023547), np.float64(54765.9670227257), np.float64(54705.0557747579), np.float64(54648.23792399915), np.float64(54664.625076207165), np.float64(54620.49177167498), np.float64(54580.58294259578), np.float64(54514.27243978458), np.float64(54505.328926089336), np.float64(54553.05563206321), np.float64(54498.341413963135), np.float64(54399.75977549381), np.float64(54387.305605000074), np.float64(54385.3269887771)]","[np.float64(55082.39220499039), np.float64(55040.77031082869), np.float64(55023.64309499741), np.float64(54942.282799472814), np.float64(54954.10981042147), np.float64(54976.08509499312), np.float64(54914.21520252466), np.float64(54951.19416975022), np.float64(54935.09330682516), np.float64(54894.56550228596), np.float64(54832.632895405295), np.float64(54832.318421905045), np.float64(54792.33920750141), np.float64(54777.448204746244), np.float64(54843.06138783932), np.float64(54788.669062228204), np.float64(54767.98463857651), np.float64(54710.383060672284), np.float64(54672.81815797329), np.float64(54705.899817249774), np.float64(54651.855447165966), np.float64(54609.789014706614), np.float64(54519.34968121529), np.float64(54624.048237366675), np.float64(54566.05878305674), np.float64(54500.07691133499), np.float64(54425.02488726139), np.float64(54434.03412807942), np.float64(54400.53729166746)]"
432,"[np.float64(55093.26510694504), np.float64(55067.740469951634), np.float64(55097.1376897049), np.float64(55031.73029230118), np.float64(55033.07961799145), np.float64(54893.470382447245), np.float64(54981.186339368825), np.float64(54970.805108103756), np.float64(54970.23179277897), np.float64(54927.6958392787), np.float64(54962.60458701611), np.float64(54947.85356488943), np.float64(54942.622642047405), np.float64(54848.10584154606), np.float64(54796.30669893027), np.float64(54767.44660815716), np.float64(54738.24036473513), np.float64(54769.61276653052), np.float64(54782.71982112885), np.float64(54745.867312943934), np.float64(54706.38994261503), np.float64(54644.098949267864), np.float64(54665.026632723806), np.float64(54693.679778814316), np.float64(54556.19278867722), np.float64(54598.45985574484), np.float64(54560.1305326128), np.float64(54474.89662411213), np.float64(54468.56555912733)]","[np.float64(55105.454012335606), np.float64(55097.147455989194), np.float64(55097.1376897049), np.float64(55050.97117692933), np.float64(55034.55397243016), np.float64(54981.186339368825), np.float64(55021.74215532334), np.float64(54973.89129483583), np.float64(54976.49774648401), np.float64(54981.777256559195), np.float64(54962.60458701611), np.float64(54950.32342335256), np.float64(54942.622642047405), np.float64(54848.10584154606), np.float64(54808.366625643575), np.float64(54767.45225292802), np.float64(54780.55009384797), np.float64(54782.71982112885), np.float64(54782.71982112885), np.float64(54757.774198963256), np.float64(54706.38994261503), np.float64(54667.72430110024), np.float64(54693.69375309068), np.float64(54693.679778814316), np.float64(54599.065779831624), np.float64(54603.79312083977), np.float64(54560.1305326128), np.float64(54621.9167483389), np.float64(54468.57481853366)]","[np.float64(55067.740469951634), np.float64(55067.72530289755), np.float64(55016.590065776385), np.float64(55031.73029230118), np.float64(54889.76723640746), np.float64(54893.470382447245), np.float64(54970.794343955866), np.float64(54967.78053934603), np.float64(54915.185030819164), np.float64(54927.6958392787), np.float64(54940.04261386933), np.float64(54940.21273184611), np.float64(54828.8262915574), np.float64(54796.30669893027), np.float64(54760.78569004478), np.float64(54733.93579004771), np.float64(54738.2145016885), np.float64(54757.00746546705), np.float64(54690.36299336739), np.float64(54706.38994261503), np.float64(54628.68667835657), np.float64(54641.67749077254), np.float64(54665.026632723806), np.float64(54549.12511144295), np.float64(54556.19278867722), np.float64(54537.24571379886), np.float64(54470.4673373724), np.float64(54468.56555912733), np.float64(54464.4239611578)]","[np.float64(55067.740469951634), np.float64(55097.1376897049), np.float64(55031.73029230118), np.float64(55033.07961799145), np.float64(54893.470382447245), np.float64(54981.186339368825), np.float64(54970.805108103756), np.float64(54970.23179277897), np.float64(54927.6958392787), np.float64(54962.60458701611), np.float64(54947.85356488943), np.float64(54942.622642047405), np.float64(54848.10584154606), np.float64(54796.30669893027), np.float64(54767.44660815716), np.float64(54738.24036473513), np.float64(54769.61276653052), np.float64(54782.71982112885), np.float64(54745.867312943934), np.float64(54706.38994261503), np.float64(54644.098949267864), np.float64(54665.026632723806), np.float64(54693.679778814316), np.float64(54556.19278867722), np.float64(54598.45985574484), np.float64(54560.1305326128), np.float64(54474.89662411213), np.float64(54468.56555912733), np.float64(54464.4239611578)]"
433,"[np.float64(55009.28883489132), np.float64(55037.28599080563), np.float64(55051.74095454693), np.float64(55070.72397611618), np.float64(54997.93894282818), np.float64(54955.670716767316), np.float64(54964.96545625448), np.float64(54944.48591685295), np.float64(54951.27594316244), np.float64(54935.82244235277), np.float64(54925.51500032425), np.float64(54881.28022028208), np.float64(54918.58216029168), np.float64(54858.33254037857), np.float64(54889.434510416984), np.float64(54845.713679490094), np.float64(54825.95567777157), np.float64(54753.87170661926), np.float64(54774.578279919624), np.float64(54820.1540151453), np.float64(54754.13750240326), np.float64(54682.69097753525), np.float64(54696.65697490454), np.float64(54686.7144869709), np.float64(54651.19598001003), np.float64(54660.75162175417), np.float64(54585.53437675476), np.float64(54587.0131233573), np.float64(54588.839696710114)]","[np.float64(55085.08069617593), np.float64(55051.74095454693), np.float64(55111.92426443041), np.float64(55070.73140755033), np.float64(54997.94796421366), np.float64(54969.02816245837), np.float64(54999.11999570443), np.float64(54963.44355118231), np.float64(54951.27594316244), np.float64(54938.091387724686), np.float64(54925.52499915302), np.float64(55004.32591590783), np.float64(54921.42478759393), np.float64(54903.56037153747), np.float64(54924.42799378908), np.float64(54847.143093685714), np.float64(54830.360239372334), np.float64(54808.34828106389), np.float64(54822.82301170952), np.float64(54820.162729953925), np.float64(54755.08490732845), np.float64(54708.78479129797), np.float64(54696.666162632966), np.float64(54705.648314142076), np.float64(54665.761823401524), np.float64(54669.75460494142), np.float64(54587.0131233573), np.float64(54607.62704763748), np.float64(54626.4539881782)]","[np.float64(55009.28883489132), np.float64(55015.15652658789), np.float64(55051.74095454693), np.float64(54992.70141068974), np.float64(54955.65995999849), np.float64(54903.71656170878), np.float64(54944.48591685295), np.float64(54929.804475900804), np.float64(54927.73373357468), np.float64(54925.50629795095), np.float64(54881.28022028208), np.float64(54872.935560194295), np.float64(54855.53520673185), np.float64(54848.37910739054), np.float64(54845.698738776504), np.float64(54825.95018869905), np.float64(54720.77993089554), np.float64(54753.87170661926), np.float64(54753.30734756338), np.float64(54753.08335175031), np.float64(54670.279649326636), np.float64(54674.96237602576), np.float64(54680.070899459686), np.float64(54646.35915824325), np.float64(54612.85630804698), np.float64(54585.53437675476), np.float64(54565.33751046571), np.float64(54587.0131233573), np.float64(54581.06210492316)]","[np.float64(55037.28599080563), np.float64(55051.74095454693), np.float64(55070.72397611618), np.float64(54997.93894282818), np.float64(54955.670716767316), np.float64(54964.96545625448), np.float64(54944.48591685295), np.float64(54951.27594316244), np.float64(54935.82244235277), np.float64(54925.51500032425), np.float64(54881.28022028208), np.float64(54918.58216029168), np.float64(54858.33254037857), np.float64(54889.434510416984), np.float64(54845.713679490094), np.float64(54825.95567777157), np.float64(54753.87170661926), np.float64(54774.578279919624), np.float64(54820.1540151453), np.float64(54754.13750240326), np.float64(54682.69097753525), np.float64(54696.65697490454), np.float64(54686.7144869709), np.float64(54651.19598001003), np.float64(54660.75162175417), np.float64(54585.53437675476), np.float64(54587.0131233573), np.float64(54588.839696710114), np.float64(54625.087596752644)]"
434,"[np.float64(55073.60935418606), np.float64(55096.258657717706), np.float64(55014.57023832798), np.float64(54994.25952560902), np.float64(55001.99310119629), np.float64(54980.83220254422), np.float64(54962.559643833636), np.float64(54884.6760704875), np.float64(54899.621030817034), np.float64(54862.49319734812), np.float64(54868.35087798119), np.float64(54868.62980902195), np.float64(54856.72218365431), np.float64(54815.21824924946), np.float64(54754.22404056549), np.float64(54752.84110407114), np.float64(54724.05763562918), np.float64(54745.101347186566), np.float64(54679.9296117425), np.float64(54660.817298038004), np.float64(54675.01895736694), np.float64(54618.18643586874), np.float64(54627.58574230194), np.float64(54509.74922506571), np.float64(54606.33933570385), np.float64(54611.86399894476), np.float64(54473.34808036089), np.float64(54404.297065751554), np.float64(54420.54035606861)]","[np.float64(55096.258657717706), np.float64(55145.64306117621), np.float64(55014.57023832798), np.float64(55011.774209712545), np.float64(55010.28186313536), np.float64(54980.83220254422), np.float64(54968.66906185778), np.float64(54899.629552537335), np.float64(54914.412348410755), np.float64(54868.35087798119), np.float64(54868.63729637925), np.float64(54868.62980902195), np.float64(54868.38870791156), np.float64(54815.21824924946), np.float64(54760.081575139426), np.float64(54752.85037927833), np.float64(54774.04300913522), np.float64(54745.101347186566), np.float64(54711.048601619914), np.float64(54686.294395766185), np.float64(54676.508988726084), np.float64(54654.79947454207), np.float64(54627.58574230194), np.float64(54617.52143926842), np.float64(54611.86399894476), np.float64(54611.86399894476), np.float64(54473.34808036089), np.float64(54471.01780413167), np.float64(54424.831200547764)]","[np.float64(55068.91839864355), np.float64(55002.43836364737), np.float64(54979.32621301916), np.float64(54992.435170733996), np.float64(54980.83220254422), np.float64(54958.90841973368), np.float64(54872.45475944396), np.float64(54884.6760704875), np.float64(54853.4779390885), np.float64(54861.2657463912), np.float64(54868.34551966467), np.float64(54834.486296885756), np.float64(54815.21021359035), np.float64(54744.470827517536), np.float64(54751.86938468057), np.float64(54694.06200734708), np.float64(54715.88666107597), np.float64(54672.24708197164), np.float64(54646.17171404112), np.float64(54656.23266242829), np.float64(54615.34026265174), np.float64(54618.17753648954), np.float64(54498.99387441191), np.float64(54492.93834720847), np.float64(54597.59027829479), np.float64(54473.0853944822), np.float64(54370.2153741813), np.float64(54403.52303505827), np.float64(54408.32054041398)]","[np.float64(55096.258657717706), np.float64(55014.57023832798), np.float64(54994.25952560902), np.float64(55001.99310119629), np.float64(54980.83220254422), np.float64(54962.559643833636), np.float64(54884.6760704875), np.float64(54899.621030817034), np.float64(54862.49319734812), np.float64(54868.35087798119), np.float64(54868.62980902195), np.float64(54856.72218365431), np.float64(54815.21824924946), np.float64(54754.22404056549), np.float64(54752.84110407114), np.float64(54724.05763562918), np.float64(54745.101347186566), np.float64(54679.9296117425), np.float64(54660.817298038004), np.float64(54675.01895736694), np.float64(54618.18643586874), np.float64(54627.58574230194), np.float64(54509.74922506571), np.float64(54606.33933570385), np.float64(54611.86399894476), np.float64(54473.34808036089), np.float64(54404.297065751554), np.float64(54420.54035606861), np.float64(54420.51395677805)]"
435,"[np.float64(55048.800331132414), np.float64(55034.86524024964), np.float64(55070.59764585257), np.float64(55053.19355941296), np.float64(54999.09677707911), np.float64(54953.04173375845), np.float64(54967.34396794558), np.float64(54975.483062391286), np.float64(54914.064790956974), np.float64(54950.731216337685), np.float64(54910.019260649686), np.float64(54902.24177209616), np.float64(54913.68489872694), np.float64(54902.001087832454), np.float64(54872.44083636284), np.float64(54834.78038110972), np.float64(54801.45340159655), np.float64(54763.67408514738), np.float64(54773.22560602665), np.float64(54790.770188202856), np.float64(54742.306756920814), np.float64(54731.242878634934), np.float64(54737.82789191723), np.float64(54726.80947192192), np.float64(54612.48328766823), np.float64(54597.874435379505), np.float64(54573.48007435322), np.float64(54574.30437610388), np.float64(54538.702035298345)]","[np.float64(55048.800331132414), np.float64(55070.59764585257), np.float64(55071.636135006825), np.float64(55078.156294181215), np.float64(54999.09677707911), np.float64(54980.58598816208), np.float64(54975.49230292737), np.float64(54978.06007265323), np.float64(54965.02709125332), np.float64(54950.731216337685), np.float64(54922.95258095331), np.float64(54919.48227671649), np.float64(54913.68489872694), np.float64(54908.88976337558), np.float64(54886.53621684735), np.float64(54834.78038110972), np.float64(54879.804507649984), np.float64(54773.22560602665), np.float64(54798.90303759102), np.float64(54790.770188202856), np.float64(54742.306756920814), np.float64(54768.28328373744), np.float64(54739.40586862491), np.float64(54742.88664501714), np.float64(54612.48328766823), np.float64(54609.762355663835), np.float64(54574.30437610388), np.float64(54582.32239633891), np.float64(54540.0952089238)]","[np.float64(55034.85954823716), np.float64(55034.86524024964), np.float64(55051.81120468502), np.float64(54999.087624691085), np.float64(54951.53446845482), np.float64(54953.0280136462), np.float64(54951.888805849565), np.float64(54914.019607256065), np.float64(54914.05549693378), np.float64(54910.01163822833), np.float64(54879.91877273088), np.float64(54902.24177209616), np.float64(54865.821753279306), np.float64(54867.94006887049), np.float64(54828.95667968164), np.float64(54796.336617131536), np.float64(54763.66564397771), np.float64(54763.66888574189), np.float64(54757.65560653078), np.float64(54700.08376105204), np.float64(54728.740789506934), np.float64(54715.11760977736), np.float64(54711.503101342), np.float64(54605.35993704087), np.float64(54585.92947598086), np.float64(54564.896289392855), np.float64(54541.29277691063), np.float64(54529.27897866518), np.float64(54538.692811044675)]","[np.float64(55034.86524024964), np.float64(55070.59764585257), np.float64(55053.19355941296), np.float64(54999.09677707911), np.float64(54953.04173375845), np.float64(54967.34396794558), np.float64(54975.483062391286), np.float64(54914.064790956974), np.float64(54950.731216337685), np.float64(54910.019260649686), np.float64(54902.24177209616), np.float64(54913.68489872694), np.float64(54902.001087832454), np.float64(54872.44083636284), np.float64(54834.78038110972), np.float64(54801.45340159655), np.float64(54763.67408514738), np.float64(54773.22560602665), np.float64(54790.770188202856), np.float64(54742.306756920814), np.float64(54731.242878634934), np.float64(54737.82789191723), np.float64(54726.80947192192), np.float64(54612.48328766823), np.float64(54597.874435379505), np.float64(54573.48007435322), np.float64(54574.30437610388), np.float64(54538.702035298345), np.float64(54540.08342646837)]"
436,"[np.float64(55129.25519537926), np.float64(55092.85456578255), np.float64(55072.35493716478), np.float64(55077.386384391786), np.float64(55072.77487905026), np.float64(55062.97559117079), np.float64(55007.82129189015), np.float64(55003.15673041344), np.float64(55002.58225609541), np.float64(54998.01208817959), np.float64(55000.92631230354), np.float64(54950.0235865736), np.float64(54926.70193818331), np.float64(54908.668647189144), np.float64(54890.039762444496), np.float64(54904.2830167532), np.float64(54844.304987590316), np.float64(54799.16026907444), np.float64(54758.85911210299), np.float64(54755.45089930296), np.float64(54738.622317397596), np.float64(54701.092828381064), np.float64(54674.37211035967), np.float64(54642.97382438183), np.float64(54627.883474788665), np.float64(54630.968457250594), np.float64(54650.79239280701), np.float64(54594.75725866079), np.float64(54556.96506450891)]","[np.float64(55129.25519537926), np.float64(55092.85456578255), np.float64(55093.83242697546), np.float64(55077.386384391786), np.float64(55084.39585802381), np.float64(55064.85410220392), np.float64(55010.41983889002), np.float64(55005.61032344951), np.float64(55023.576940367326), np.float64(55001.745615902284), np.float64(55021.38214637867), np.float64(54950.0235865736), np.float64(54940.597269095975), np.float64(54922.68386619301), np.float64(54916.345225685654), np.float64(54908.235247853445), np.float64(54868.45267980833), np.float64(54804.077156695166), np.float64(54770.518933996405), np.float64(54778.547955591464), np.float64(54738.622317397596), np.float64(54712.02726753171), np.float64(54692.38046315471), np.float64(54672.4101931867), np.float64(54630.97410966249), np.float64(54661.27478669917), np.float64(54680.61997648357), np.float64(54595.1945851093), np.float64(54568.6271257296)]","[np.float64(55092.85456578255), np.float64(55052.92925049113), np.float64(55050.57631761905), np.float64(55072.77487905026), np.float64(55027.69731850225), np.float64(55007.82129189015), np.float64(54980.108359244856), np.float64(54999.82234204193), np.float64(54969.040537376655), np.float64(54998.01208817959), np.float64(54950.0235865736), np.float64(54917.16091195579), np.float64(54908.668647189144), np.float64(54857.803979954304), np.float64(54890.03127597599), np.float64(54802.1688214061), np.float64(54799.15476488403), np.float64(54732.02325530384), np.float64(54755.17176608292), np.float64(54726.086286485435), np.float64(54689.879547543045), np.float64(54667.51857443293), np.float64(54640.3974359323), np.float64(54602.250660326376), np.float64(54627.883474788665), np.float64(54594.82749202781), np.float64(54594.75725866079), np.float64(54536.28051987239), np.float64(54518.82792642382)]","[np.float64(55092.85456578255), np.float64(55072.35493716478), np.float64(55077.386384391786), np.float64(55072.77487905026), np.float64(55062.97559117079), np.float64(55007.82129189015), np.float64(55003.15673041344), np.float64(55002.58225609541), np.float64(54998.01208817959), np.float64(55000.92631230354), np.float64(54950.0235865736), np.float64(54926.70193818331), np.float64(54908.668647189144), np.float64(54890.039762444496), np.float64(54904.2830167532), np.float64(54844.304987590316), np.float64(54799.16026907444), np.float64(54758.85911210299), np.float64(54755.45089930296), np.float64(54738.622317397596), np.float64(54701.092828381064), np.float64(54674.37211035967), np.float64(54642.97382438183), np.float64(54627.883474788665), np.float64(54630.968457250594), np.float64(54650.79239280701), np.float64(54594.75725866079), np.float64(54556.96506450891), np.float64(54527.39154900551)]"
437,"[np.float64(55005.96213794947), np.float64(54965.530916180614), np.float64(54976.40227281094), np.float64(54999.45696642399), np.float64(54986.23890602827), np.float64(54939.75104311943), np.float64(54913.953012497426), np.float64(54925.00645984412), np.float64(54930.44162305117), np.float64(54909.97431746721), np.float64(54910.18615567684), np.float64(54858.998446385864), np.float64(54858.70457720995), np.float64(54848.76337704658), np.float64(54875.672109527586), np.float64(54884.76376764297), np.float64(54820.94586508513), np.float64(54751.18181207657), np.float64(54726.5407142663), np.float64(54780.06701436997), np.float64(54740.474259824754), np.float64(54674.3029570961), np.float64(54647.10074177027), np.float64(54592.92798099041), np.float64(54618.29860065937), np.float64(54584.908134071826), np.float64(54550.672375078204), np.float64(54546.94415136576), np.float64(54536.19217103958)]","[np.float64(55010.09714948944), np.float64(54976.40227281094), np.float64(55004.06701879704), np.float64(55012.72064989978), np.float64(55003.97036216869), np.float64(54939.75104311943), np.float64(54931.883546723424), np.float64(54930.44940335413), np.float64(54979.687010915295), np.float64(54911.01318518809), np.float64(54920.38629632183), np.float64(54859.14811415575), np.float64(54859.47484951092), np.float64(54916.303332628304), np.float64(54884.76376764297), np.float64(54897.516225948), np.float64(54821.39148990363), np.float64(54754.66200168207), np.float64(54803.80819699626), np.float64(54783.93355168609), np.float64(54748.508922229026), np.float64(54677.51257866192), np.float64(54670.052408814896), np.float64(54657.25973664316), np.float64(54636.122129805386), np.float64(54614.01410545869), np.float64(54555.13399822601), np.float64(54569.527869974256), np.float64(54542.44037969513)]","[np.float64(54965.530916180614), np.float64(54945.4925992861), np.float64(54972.006127285815), np.float64(54984.59803994154), np.float64(54918.71512881508), np.float64(54913.953012497426), np.float64(54904.10038518098), np.float64(54912.847484201055), np.float64(54897.49964043722), np.float64(54905.21258209965), np.float64(54858.98700571791), np.float64(54842.39493677874), np.float64(54848.76337704658), np.float64(54829.79802624945), np.float64(54875.66363674155), np.float64(54803.92514510933), np.float64(54746.5817197382), np.float64(54718.17097531984), np.float64(54717.8888645068), np.float64(54736.0546951011), np.float64(54647.38918393685), np.float64(54647.10074177027), np.float64(54587.38631498346), np.float64(54563.8429907639), np.float64(54584.908134071826), np.float64(54528.35938955087), np.float64(54545.04173588908), np.float64(54512.41318968535), np.float64(54497.01354602069)]","[np.float64(54965.530916180614), np.float64(54976.40227281094), np.float64(54999.45696642399), np.float64(54986.23890602827), np.float64(54939.75104311943), np.float64(54913.953012497426), np.float64(54925.00645984412), np.float64(54930.44162305117), np.float64(54909.97431746721), np.float64(54910.18615567684), np.float64(54858.998446385864), np.float64(54858.70457720995), np.float64(54848.76337704658), np.float64(54875.672109527586), np.float64(54884.76376764297), np.float64(54820.94586508513), np.float64(54751.18181207657), np.float64(54726.5407142663), np.float64(54780.06701436997), np.float64(54740.474259824754), np.float64(54674.3029570961), np.float64(54647.10074177027), np.float64(54592.92798099041), np.float64(54618.29860065937), np.float64(54584.908134071826), np.float64(54550.672375078204), np.float64(54546.94415136576), np.float64(54536.19217103958), np.float64(54505.43802775145)]"
438,"[np.float64(55133.23324652434), np.float64(55093.70166106701), np.float64(55093.085462992196), np.float64(55084.71894831658), np.float64(55059.64979566813), np.float64(55063.94644117833), np.float64(54997.15919792891), np.float64(54973.049562909604), np.float64(54945.84554470539), np.float64(54955.52223685503), np.float64(54943.86443892002), np.float64(54897.84970280886), np.float64(54913.003925807476), np.float64(54924.720703620915), np.float64(54884.87940941334), np.float64(54893.694712028504), np.float64(54866.41471537828), np.float64(54853.96365095615), np.float64(54792.83731704235), np.float64(54769.652687408925), np.float64(54700.0174114275), np.float64(54723.080346770286), np.float64(54658.14066752911), np.float64(54661.21921113968), np.float64(54667.487819266324), np.float64(54683.57941024542), np.float64(54659.83537320614), np.float64(54603.3074093771), np.float64(54610.03961480141)]","[np.float64(55133.246227722026), np.float64(55093.70166106701), np.float64(55093.09115399704), np.float64(55098.2686617119), np.float64(55093.960289555645), np.float64(55063.94644117833), np.float64(54997.16873755508), np.float64(54973.06155219471), np.float64(55053.608012614946), np.float64(54969.5627643537), np.float64(54943.86443892002), np.float64(54923.73361710455), np.float64(54945.98969916713), np.float64(54937.59856373867), np.float64(54893.694712028504), np.float64(54922.17853505006), np.float64(54866.42648984516), np.float64(54855.58601055498), np.float64(54809.51753966628), np.float64(54785.131727590386), np.float64(54735.97946589323), np.float64(54726.60203455721), np.float64(54752.80676718358), np.float64(54681.66338283216), np.float64(54705.64377375447), np.float64(54691.655956778595), np.float64(54692.012657141284), np.float64(54620.48526806343), np.float64(54648.73708651658)]","[np.float64(55084.77716890329), np.float64(55078.92234912049), np.float64(55079.20788733879), np.float64(55058.972772008405), np.float64(55053.08210281576), np.float64(54997.15919792891), np.float64(54947.067303501426), np.float64(54936.23846708506), np.float64(54925.72071727949), np.float64(54938.642653102805), np.float64(54883.169239464274), np.float64(54882.97012482664), np.float64(54912.990927500134), np.float64(54861.00365452118), np.float64(54881.98830120814), np.float64(54811.348825238296), np.float64(54853.95496595384), np.float64(54725.81157484286), np.float64(54769.055014672624), np.float64(54686.999509713794), np.float64(54688.736758915074), np.float64(54658.14066752911), np.float64(54650.78316977053), np.float64(54600.26089131647), np.float64(54667.487819266324), np.float64(54620.8387878167), np.float64(54592.54817618256), np.float64(54592.74455570625), np.float64(54578.7881393124)]","[np.float64(55093.70166106701), np.float64(55093.085462992196), np.float64(55084.71894831658), np.float64(55059.64979566813), np.float64(55063.94644117833), np.float64(54997.15919792891), np.float64(54973.049562909604), np.float64(54945.84554470539), np.float64(54955.52223685503), np.float64(54943.86443892002), np.float64(54897.84970280886), np.float64(54913.003925807476), np.float64(54924.720703620915), np.float64(54884.87940941334), np.float64(54893.694712028504), np.float64(54866.41471537828), np.float64(54853.96365095615), np.float64(54792.83731704235), np.float64(54769.652687408925), np.float64(54700.0174114275), np.float64(54723.080346770286), np.float64(54658.14066752911), np.float64(54661.21921113968), np.float64(54667.487819266324), np.float64(54683.57941024542), np.float64(54659.83537320614), np.float64(54603.3074093771), np.float64(54610.03961480141), np.float64(54635.664697875975)]"
439,"[np.float64(55200.1683258009), np.float64(55183.795357017516), np.float64(55123.29874276638), np.float64(55112.87604529858), np.float64(55118.50540426254), np.float64(55060.712850027085), np.float64(55084.375757539274), np.float64(55020.87941121817), np.float64(54988.42335073948), np.float64(54986.73624290705), np.float64(54964.859472761156), np.float64(54987.93296782017), np.float64(54979.01889322519), np.float64(54935.756122183804), np.float64(54916.42720551968), np.float64(54891.290960040096), np.float64(54918.90062587977), np.float64(54900.85703272343), np.float64(54870.811678192615), np.float64(54832.33838234425), np.float64(54804.009239254), np.float64(54808.789571278096), np.float64(54806.440935857296), np.float64(54804.443346612454), np.float64(54747.6680021143), np.float64(54774.483628804686), np.float64(54742.71266211033), np.float64(54692.02563790083), np.float64(54665.840889866355)]","[np.float64(55214.8256203515), np.float64(55183.80382479782), np.float64(55157.37090493581), np.float64(55118.50540426254), np.float64(55139.057928548886), np.float64(55084.38753052227), np.float64(55102.397200372965), np.float64(55029.01937859011), np.float64(55014.24106238811), np.float64(54986.73624290705), np.float64(55016.27861255547), np.float64(55011.87871840706), np.float64(55003.0904616387), np.float64(54939.20151643474), np.float64(54978.442027716024), np.float64(54919.18367205245), np.float64(54948.05646829801), np.float64(54907.08635525227), np.float64(54888.860243137446), np.float64(54840.57828649554), np.float64(54832.475756943015), np.float64(54835.49349760481), np.float64(54828.28907291145), np.float64(54812.524308403896), np.float64(54779.524645328405), np.float64(54784.20715284429), np.float64(54777.33125351303), np.float64(54696.10974860084), np.float64(54691.707672458375)]","[np.float64(55179.657649917535), np.float64(55107.40131033072), np.float64(55100.02011816826), np.float64(55100.46246009403), np.float64(55060.687276569144), np.float64(55003.08769092937), np.float64(55006.255324518366), np.float64(54983.73365944088), np.float64(54977.56435209612), np.float64(54930.76854180605), np.float64(54964.85017851382), np.float64(54966.60193165389), np.float64(54920.06379492611), np.float64(54886.53676051704), np.float64(54886.97890250749), np.float64(54861.88343161157), np.float64(54878.991912622376), np.float64(54852.59708486396), np.float64(54829.82919190198), np.float64(54760.77526289038), np.float64(54804.000149253705), np.float64(54706.79524397094), np.float64(54796.52678193421), np.float64(54717.82015213329), np.float64(54727.841584706075), np.float64(54739.43288997765), np.float64(54661.21572211881), np.float64(54639.55783875325), np.float64(54642.65746887669)]","[np.float64(55183.795357017516), np.float64(55123.29874276638), np.float64(55112.87604529858), np.float64(55118.50540426254), np.float64(55060.712850027085), np.float64(55084.375757539274), np.float64(55020.87941121817), np.float64(54988.42335073948), np.float64(54986.73624290705), np.float64(54964.859472761156), np.float64(54987.93296782017), np.float64(54979.01889322519), np.float64(54935.756122183804), np.float64(54916.42720551968), np.float64(54891.290960040096), np.float64(54918.90062587977), np.float64(54900.85703272343), np.float64(54870.811678192615), np.float64(54832.33838234425), np.float64(54804.009239254), np.float64(54808.789571278096), np.float64(54806.440935857296), np.float64(54804.443346612454), np.float64(54747.6680021143), np.float64(54774.483628804686), np.float64(54742.71266211033), np.float64(54692.02563790083), np.float64(54665.840889866355), np.float64(54675.88524042845)]"
440,"[np.float64(55109.21143743754), np.float64(55083.93521132946), np.float64(55054.356287190916), np.float64(55044.09546244622), np.float64(55035.01037195921), np.float64(55000.657039539816), np.float64(54941.962273452285), np.float64(54952.2283780551), np.float64(54940.843716194635), np.float64(54958.949508655074), np.float64(54894.34812666416), np.float64(54941.50743299246), np.float64(54925.39897222281), np.float64(54907.33194164753), np.float64(54875.921421852116), np.float64(54841.53113042593), np.float64(54824.89416873694), np.float64(54804.754343132976), np.float64(54784.08292596102), np.float64(54751.501179103856), np.float64(54682.139167974), np.float64(54710.57622621298), np.float64(54660.679249064924), np.float64(54712.67413276195), np.float64(54654.40175532341), np.float64(54614.15996456146), np.float64(54558.29661896944), np.float64(54551.23023715973), np.float64(54550.53715919972)]","[np.float64(55109.21143743754), np.float64(55089.19215912014), np.float64(55073.55527890237), np.float64(55044.09546244622), np.float64(55038.57821737886), np.float64(55048.572504121155), np.float64(54953.256065845824), np.float64(54957.45235921871), np.float64(55022.48549121305), np.float64(54962.09645830003), np.float64(54959.238273011004), np.float64(54941.51651323387), np.float64(54930.118839949304), np.float64(54925.87261621127), np.float64(54879.11204265355), np.float64(54891.04799316882), np.float64(54824.903407510516), np.float64(54839.018204049535), np.float64(54784.08292596102), np.float64(54774.93189265636), np.float64(54719.824654574106), np.float64(54723.391984088135), np.float64(54759.14868100452), np.float64(54740.803804098236), np.float64(54654.40175532341), np.float64(54657.99412478297), np.float64(54558.29661896944), np.float64(54564.9887305048), np.float64(54568.56248915914)]","[np.float64(55083.93521132946), np.float64(55019.57538257668), np.float64(55023.507412073115), np.float64(55022.0654022348), np.float64(54975.255069137726), np.float64(54939.46731074525), np.float64(54932.93770866268), np.float64(54940.83061909142), np.float64(54904.6187546454), np.float64(54892.638213344544), np.float64(54871.51458072591), np.float64(54915.24397390226), np.float64(54906.5827786155), np.float64(54831.608024434645), np.float64(54826.232842877085), np.float64(54789.43844094734), np.float64(54794.97251232782), np.float64(54754.68409320633), np.float64(54740.35400678442), np.float64(54671.182080011145), np.float64(54666.03194840386), np.float64(54645.568176592424), np.float64(54635.60276224766), np.float64(54629.20782971182), np.float64(54614.151192552505), np.float64(54529.43149085214), np.float64(54544.76743906184), np.float64(54512.50664137374), np.float64(54529.145796728)]","[np.float64(55083.93521132946), np.float64(55054.356287190916), np.float64(55044.09546244622), np.float64(55035.01037195921), np.float64(55000.657039539816), np.float64(54941.962273452285), np.float64(54952.2283780551), np.float64(54940.843716194635), np.float64(54958.949508655074), np.float64(54894.34812666416), np.float64(54941.50743299246), np.float64(54925.39897222281), np.float64(54907.33194164753), np.float64(54875.921421852116), np.float64(54841.53113042593), np.float64(54824.89416873694), np.float64(54804.754343132976), np.float64(54784.08292596102), np.float64(54751.501179103856), np.float64(54682.139167974), np.float64(54710.57622621298), np.float64(54660.679249064924), np.float64(54712.67413276195), np.float64(54654.40175532341), np.float64(54614.15996456146), np.float64(54558.29661896944), np.float64(54551.23023715973), np.float64(54550.53715919972), np.float64(54546.18526834488)]"
441,"[np.float64(55122.04226531267), np.float64(55085.75019474983), np.float64(55057.85992376805), np.float64(55083.59704285622), np.float64(55048.56041953087), np.float64(55047.30188164473), np.float64(55010.70396564245), np.float64(54969.1074405551), np.float64(54925.47353412151), np.float64(54924.257235100275), np.float64(54917.19368638516), np.float64(54971.79115380049), np.float64(54907.6744885397), np.float64(54888.24564090252), np.float64(54857.584860959054), np.float64(54859.952684156895), np.float64(54837.89961826086), np.float64(54844.18664150238), np.float64(54793.05559410334), np.float64(54791.763831744196), np.float64(54738.1011567688), np.float64(54791.554053967004), np.float64(54749.04372709513), np.float64(54734.43358703613), np.float64(54795.15272799015), np.float64(54799.318020932675), np.float64(54772.24020421505), np.float64(54749.256724298), np.float64(54728.57526251793)]","[np.float64(55122.04226531267), np.float64(55088.838398378044), np.float64(55083.59704285622), np.float64(55131.39414899469), np.float64(55058.325012990004), np.float64(55058.939056721916), np.float64(55010.70396564245), np.float64(54979.42732684162), np.float64(54935.57444575152), np.float64(54959.05999267406), np.float64(54971.802909796745), np.float64(54981.894003032285), np.float64(54909.176953085924), np.float64(54909.05437118765), np.float64(54865.221687851685), np.float64(54878.55197847468), np.float64(54867.28498167291), np.float64(54848.02545529879), np.float64(54825.91655292844), np.float64(54791.763831744196), np.float64(54795.95994961688), np.float64(54802.0032985034), np.float64(54755.99295026662), np.float64(54817.2115854184), np.float64(54799.318020932675), np.float64(54799.318020932675), np.float64(54781.25219385009), np.float64(54767.260539135765), np.float64(54733.088882361226)]","[np.float64(55079.93846461104), np.float64(55057.84495607595), np.float64(55057.85992376805), np.float64(55019.334778887125), np.float64(55047.29663999364), np.float64(55006.523789530795), np.float64(54960.51167667474), np.float64(54918.5144654523), np.float64(54915.65527283745), np.float64(54911.86461497352), np.float64(54917.19368638516), np.float64(54885.62844029295), np.float64(54888.24564090252), np.float64(54838.956995711866), np.float64(54857.579377373055), np.float64(54834.54537475571), np.float64(54833.145204242144), np.float64(54702.87468579643), np.float64(54791.763831744196), np.float64(54727.33724239922), np.float64(54734.49371273198), np.float64(54739.63487657376), np.float64(54721.25581908035), np.float64(54706.14726439441), np.float64(54791.094059168405), np.float64(54736.27270192259), np.float64(54749.256724298), np.float64(54727.636364511214), np.float64(54692.49985229433)]","[np.float64(55085.75019474983), np.float64(55057.85992376805), np.float64(55083.59704285622), np.float64(55048.56041953087), np.float64(55047.30188164473), np.float64(55010.70396564245), np.float64(54969.1074405551), np.float64(54925.47353412151), np.float64(54924.257235100275), np.float64(54917.19368638516), np.float64(54971.79115380049), np.float64(54907.6744885397), np.float64(54888.24564090252), np.float64(54857.584860959054), np.float64(54859.952684156895), np.float64(54837.89961826086), np.float64(54844.18664150238), np.float64(54793.05559410334), np.float64(54791.763831744196), np.float64(54738.1011567688), np.float64(54791.554053967004), np.float64(54749.04372709513), np.float64(54734.43358703613), np.float64(54795.15272799015), np.float64(54799.318020932675), np.float64(54772.24020421505), np.float64(54749.256724298), np.float64(54728.57526251793), np.float64(54718.18875139475)]"
442,"[np.float64(55109.997621188166), np.float64(55099.771437463765), np.float64(55056.48046425343), np.float64(55086.05642652035), np.float64(55062.355658562185), np.float64(55019.774890656474), np.float64(54930.95209518671), np.float64(54920.77446040154), np.float64(54881.97548745156), np.float64(54932.01270278216), np.float64(54855.40183279514), np.float64(54908.54682412148), np.float64(54927.96820269108), np.float64(54927.08427717686), np.float64(54868.847184643746), np.float64(54821.00986726761), np.float64(54804.48030561924), np.float64(54770.71303745032), np.float64(54702.39463534832), np.float64(54671.93333101988), np.float64(54616.12072357655), np.float64(54631.75052013636), np.float64(54594.162695126535), np.float64(54617.34642332077), np.float64(54567.673775753974), np.float64(54531.540358488564), np.float64(54500.288105659485), np.float64(54433.902646734714), np.float64(54427.03149089813)]","[np.float64(55121.81937889465), np.float64(55099.78077736258), np.float64(55100.447795534594), np.float64(55086.06640039084), np.float64(55086.5508683973), np.float64(55019.774890656474), np.float64(54947.27875199028), np.float64(54920.77446040154), np.float64(55087.234416582134), np.float64(54932.01270278216), np.float64(54922.96347839226), np.float64(54927.96820269108), np.float64(54939.49078347625), np.float64(54927.11022223729), np.float64(54874.894009479365), np.float64(54829.49917345719), np.float64(54804.48030561924), np.float64(54814.778894959825), np.float64(54702.39463534832), np.float64(54696.25864779505), np.float64(54631.75052013636), np.float64(54644.92803551123), np.float64(54633.60770152424), np.float64(54633.945827896394), np.float64(54567.673775753974), np.float64(54642.07784796214), np.float64(54500.288105659485), np.float64(54471.19282482662), np.float64(54434.501673883424)]","[np.float64(55099.771437463765), np.float64(55021.20440740761), np.float64(55056.47493012919), np.float64(55057.194398090425), np.float64(54996.18893133057), np.float64(54930.95209518671), np.float64(54899.18642515454), np.float64(54881.97548745156), np.float64(54848.04242124192), np.float64(54855.40183279514), np.float64(54810.65802726206), np.float64(54905.6821552985), np.float64(54901.62794005425), np.float64(54852.20249216671), np.float64(54808.08482051882), np.float64(54770.440603070674), np.float64(54770.054899971175), np.float64(54681.52670566297), np.float64(54652.99129904651), np.float64(54599.68575142636), np.float64(54600.73636948963), np.float64(54547.16595543266), np.float64(54581.75471173071), np.float64(54501.6071110871), np.float64(54531.540358488564), np.float64(54436.86072599062), np.float64(54433.89080356491), np.float64(54400.7188501546), np.float64(54390.31244952232)]","[np.float64(55099.771437463765), np.float64(55056.48046425343), np.float64(55086.05642652035), np.float64(55062.355658562185), np.float64(55019.774890656474), np.float64(54930.95209518671), np.float64(54920.77446040154), np.float64(54881.97548745156), np.float64(54932.01270278216), np.float64(54855.40183279514), np.float64(54908.54682412148), np.float64(54927.96820269108), np.float64(54927.08427717686), np.float64(54868.847184643746), np.float64(54821.00986726761), np.float64(54804.48030561924), np.float64(54770.71303745032), np.float64(54702.39463534832), np.float64(54671.93333101988), np.float64(54616.12072357655), np.float64(54631.75052013636), np.float64(54594.162695126535), np.float64(54617.34642332077), np.float64(54567.673775753974), np.float64(54531.540358488564), np.float64(54500.288105659485), np.float64(54433.902646734714), np.float64(54427.03149089813), np.float64(54434.49283185005)]"
443,"[np.float64(55179.14393079758), np.float64(55126.389391417506), np.float64(55022.14155486107), np.float64(55062.2522506094), np.float64(55008.58931807995), np.float64(55001.797875223165), np.float64(54924.80221947908), np.float64(54867.56572444677), np.float64(54888.052089030745), np.float64(54932.01038479567), np.float64(54882.50836678982), np.float64(54942.29863904715), np.float64(54944.81571481943), np.float64(54980.07679650307), np.float64(54881.686640579705), np.float64(54859.67336678505), np.float64(54797.529050471785), np.float64(54839.88703412056), np.float64(54729.169053390026), np.float64(54720.52875875473), np.float64(54692.66926548243), np.float64(54659.3662384963), np.float64(54699.04990962267), np.float64(54628.91600899219), np.float64(54662.099788451196), np.float64(54570.68805962801), np.float64(54513.83210071087), np.float64(54523.699511637686), np.float64(54511.158947181706)]","[np.float64(55179.14393079758), np.float64(55157.22387433651), np.float64(55062.2522506094), np.float64(55098.72916499259), np.float64(55008.58931807995), np.float64(55028.86963267707), np.float64(54927.37711395271), np.float64(54911.71218469087), np.float64(54934.74409409627), np.float64(54964.95703861509), np.float64(54942.30407337054), np.float64(55024.74228312356), np.float64(54985.18297740135), np.float64(54994.526140134454), np.float64(54908.967997141815), np.float64(54873.91323375654), np.float64(54902.024365405676), np.float64(54846.75455731194), np.float64(54735.59444099309), np.float64(54720.5421980083), np.float64(54699.30589033258), np.float64(54714.41994181899), np.float64(54699.04990962267), np.float64(54697.83003302707), np.float64(54666.45216435724), np.float64(54588.99518749159), np.float64(54532.27024301983), np.float64(54569.48437647748), np.float64(54511.1737511465)]","[np.float64(55126.389391417506), np.float64(54997.35238004941), np.float64(55009.030829570445), np.float64(55008.58931807995), np.float64(55001.787111730955), np.float64(54911.02325472003), np.float64(54848.942872928215), np.float64(54864.03766334891), np.float64(54860.87137455104), np.float64(54862.98457547041), np.float64(54876.20102383161), np.float64(54942.29863904715), np.float64(54875.52460825559), np.float64(54881.67117909581), np.float64(54818.09284426795), np.float64(54782.438506464096), np.float64(54714.54959415527), np.float64(54729.16059396425), np.float64(54652.0661058895), np.float64(54691.938859695845), np.float64(54583.92383242719), np.float64(54657.69869831722), np.float64(54614.16666995628), np.float64(54611.62823527521), np.float64(54553.58277692775), np.float64(54501.598988902915), np.float64(54476.783453031625), np.float64(54511.158947181706), np.float64(54353.19528074837)]","[np.float64(55126.389391417506), np.float64(55022.14155486107), np.float64(55062.2522506094), np.float64(55008.58931807995), np.float64(55001.797875223165), np.float64(54924.80221947908), np.float64(54867.56572444677), np.float64(54888.052089030745), np.float64(54932.01038479567), np.float64(54882.50836678982), np.float64(54942.29863904715), np.float64(54944.81571481943), np.float64(54980.07679650307), np.float64(54881.686640579705), np.float64(54859.67336678505), np.float64(54797.529050471785), np.float64(54839.88703412056), np.float64(54729.169053390026), np.float64(54720.52875875473), np.float64(54692.66926548243), np.float64(54659.3662384963), np.float64(54699.04990962267), np.float64(54628.91600899219), np.float64(54662.099788451196), np.float64(54570.68805962801), np.float64(54513.83210071087), np.float64(54523.699511637686), np.float64(54511.158947181706), np.float64(54377.42413328409)]"
444,"[np.float64(55136.56123123646), np.float64(55137.81345904827), np.float64(55069.76432971001), np.float64(55054.64873981953), np.float64(55014.64183835506), np.float64(54991.32302305937), np.float64(55008.889497330194), np.float64(54998.956538896564), np.float64(54928.04456746817), np.float64(54953.22021871805), np.float64(54935.472297616005), np.float64(54979.65943015814), np.float64(54925.5119096756), np.float64(54899.076561546324), np.float64(54895.913540205955), np.float64(54866.13694333077), np.float64(54838.00302621365), np.float64(54847.13125700474), np.float64(54798.84257614851), np.float64(54783.41521707535), np.float64(54712.27569664002), np.float64(54747.06197742462), np.float64(54708.19707063675), np.float64(54709.30313652277), np.float64(54701.91790279389), np.float64(54699.83261639357), np.float64(54663.2157701683), np.float64(54647.774760730266), np.float64(54587.300296127796)]","[np.float64(55154.454953231856), np.float64(55137.824940007806), np.float64(55083.76903569957), np.float64(55059.036716031704), np.float64(55014.64183835506), np.float64(55008.91232084803), np.float64(55024.96436023531), np.float64(55005.705382078144), np.float64(54954.4217164946), np.float64(54953.234343222706), np.float64(54990.79195895102), np.float64(54979.65943015814), np.float64(54929.885080958884), np.float64(54930.52178480021), np.float64(54895.913540205955), np.float64(54866.311820927425), np.float64(54858.2757925262), np.float64(54848.80184834798), np.float64(54798.854286651236), np.float64(54787.010104164016), np.float64(54760.38991866245), np.float64(54757.24742785235), np.float64(54709.30313652277), np.float64(54720.41354398264), np.float64(54701.91790279389), np.float64(54754.582813190005), np.float64(54663.2157701683), np.float64(54682.47303511463), np.float64(54592.9491405195)]","[np.float64(55136.56123123646), np.float64(55057.15626302319), np.float64(55054.64873981953), np.float64(55014.64183835506), np.float64(54976.92108752014), np.float64(54991.309863707575), np.float64(54998.94759203617), np.float64(54928.0354203511), np.float64(54927.37646416226), np.float64(54929.971027400185), np.float64(54935.472297616005), np.float64(54925.50262249255), np.float64(54886.100892269395), np.float64(54888.54112968806), np.float64(54861.6731190093), np.float64(54832.80211019731), np.float64(54838.00302621365), np.float64(54766.635351954035), np.float64(54760.38039635836), np.float64(54709.548230349894), np.float64(54701.60045674867), np.float64(54691.35059085006), np.float64(54701.78094125632), np.float64(54668.066814215956), np.float64(54691.12100583992), np.float64(54663.19961786561), np.float64(54636.17519665424), np.float64(54569.83253403998), np.float64(54572.6688965739)]","[np.float64(55137.81345904827), np.float64(55069.76432971001), np.float64(55054.64873981953), np.float64(55014.64183835506), np.float64(54991.32302305937), np.float64(55008.889497330194), np.float64(54998.956538896564), np.float64(54928.04456746817), np.float64(54953.22021871805), np.float64(54935.472297616005), np.float64(54979.65943015814), np.float64(54925.5119096756), np.float64(54899.076561546324), np.float64(54895.913540205955), np.float64(54866.13694333077), np.float64(54838.00302621365), np.float64(54847.13125700474), np.float64(54798.84257614851), np.float64(54783.41521707535), np.float64(54712.27569664002), np.float64(54747.06197742462), np.float64(54708.19707063675), np.float64(54709.30313652277), np.float64(54701.91790279389), np.float64(54699.83261639357), np.float64(54663.2157701683), np.float64(54647.774760730266), np.float64(54587.300296127796), np.float64(54585.61975592375)]"
445,"[np.float64(55092.045202167035), np.float64(55056.061938915256), np.float64(55123.975981152056), np.float64(55055.81829277992), np.float64(55039.15660590172), np.float64(54976.98176943303), np.float64(54966.229531552795), np.float64(54958.275103363994), np.float64(54916.578518526556), np.float64(54860.57184410334), np.float64(54896.65529588223), np.float64(54889.320929079055), np.float64(54846.862756903174), np.float64(54833.21046037197), np.float64(54819.86297906399), np.float64(54742.64711460352), np.float64(54738.784705228805), np.float64(54778.71743112564), np.float64(54720.18917373419), np.float64(54709.5481992054), np.float64(54675.32931000233), np.float64(54641.013966805935), np.float64(54597.44251723051), np.float64(54575.124041881565), np.float64(54560.795022072794), np.float64(54586.407871329786), np.float64(54535.070523133276), np.float64(54472.71514127254), np.float64(54444.11389232397)]","[np.float64(55092.05316159147), np.float64(55123.975981152056), np.float64(55125.01341163407), np.float64(55077.42876758592), np.float64(55046.466274798455), np.float64(54976.98176943303), np.float64(54979.40245669428), np.float64(54968.48058236281), np.float64(54918.36083297473), np.float64(54958.993507929416), np.float64(54896.65529588223), np.float64(55010.75501704706), np.float64(54866.1573962234), np.float64(54833.21046037197), np.float64(54873.656379705324), np.float64(54743.49878015747), np.float64(54837.059546704084), np.float64(54796.37380465657), np.float64(54721.32122911314), np.float64(54717.45207634813), np.float64(54675.32931000233), np.float64(54678.6813998139), np.float64(54597.44251723051), np.float64(54660.91389348325), np.float64(54589.59395756872), np.float64(54586.41677537688), np.float64(54609.9351321262), np.float64(54473.362137511926), np.float64(54485.13692734104)]","[np.float64(55046.83353116662), np.float64(55056.0469451473), np.float64(55051.24446054973), np.float64(55039.14766215342), np.float64(54976.97325014621), np.float64(54941.773437780634), np.float64(54942.87897056031), np.float64(54887.66483114724), np.float64(54856.150473826114), np.float64(54853.21600248307), np.float64(54886.879605545146), np.float64(54846.854684023914), np.float64(54833.20153905), np.float64(54797.48929087426), np.float64(54733.61557009342), np.float64(54738.76978653518), np.float64(54735.8493574624), np.float64(54711.91635196863), np.float64(54696.950618697876), np.float64(54632.45235409491), np.float64(54634.49334498768), np.float64(54586.10034371547), np.float64(54567.78991078083), np.float64(54530.176195211105), np.float64(54548.56151861516), np.float64(54504.12118125304), np.float64(54423.75400472031), np.float64(54444.11389232397), np.float64(54423.00420095762)]","[np.float64(55056.061938915256), np.float64(55123.975981152056), np.float64(55055.81829277992), np.float64(55039.15660590172), np.float64(54976.98176943303), np.float64(54966.229531552795), np.float64(54958.275103363994), np.float64(54916.578518526556), np.float64(54860.57184410334), np.float64(54896.65529588223), np.float64(54889.320929079055), np.float64(54846.862756903174), np.float64(54833.21046037197), np.float64(54819.86297906399), np.float64(54742.64711460352), np.float64(54738.784705228805), np.float64(54778.71743112564), np.float64(54720.18917373419), np.float64(54709.5481992054), np.float64(54675.32931000233), np.float64(54641.013966805935), np.float64(54597.44251723051), np.float64(54575.124041881565), np.float64(54560.795022072794), np.float64(54586.407871329786), np.float64(54535.070523133276), np.float64(54472.71514127254), np.float64(54444.11389232397), np.float64(54479.11123865604)]"
446,"[np.float64(55056.098769145014), np.float64(55055.18084649563), np.float64(55091.55108471394), np.float64(55016.94256872177), np.float64(55022.851631388665), np.float64(54941.99949001313), np.float64(55000.737267627715), np.float64(54949.647300100325), np.float64(54908.35456001997), np.float64(54922.91524970055), np.float64(54928.96030090809), np.float64(54901.42970416308), np.float64(54867.70660651445), np.float64(54856.31795256615), np.float64(54823.75745391846), np.float64(54792.152094480996), np.float64(54725.4162332654), np.float64(54737.98603010655), np.float64(54691.12085050822), np.float64(54673.19830775738), np.float64(54574.15512352943), np.float64(54616.54336977959), np.float64(54585.03510822058), np.float64(54595.80975330353), np.float64(54546.09589708805), np.float64(54554.523065743444), np.float64(54569.94450107336), np.float64(54551.00758167982), np.float64(54498.00257098198)]","[np.float64(55056.110928642134), np.float64(55102.37674405828), np.float64(55099.58342552585), np.float64(55022.851631388665), np.float64(55058.44687760976), np.float64(55000.74659304069), np.float64(55016.54159239493), np.float64(54965.37517042922), np.float64(54935.72710715616), np.float64(55007.76680177404), np.float64(54933.06865340789), np.float64(54987.42273395214), np.float64(54867.7158501335), np.float64(54859.28558659567), np.float64(54894.76122656155), np.float64(54800.46719024094), np.float64(54737.99380066447), np.float64(54751.632680624825), np.float64(54700.20697361237), np.float64(54676.68184129023), np.float64(54628.527228379564), np.float64(54624.624134390644), np.float64(54612.52974609127), np.float64(54595.80975330353), np.float64(54570.32671543787), np.float64(54583.51896671482), np.float64(54596.8863490717), np.float64(54556.91625582765), np.float64(54530.36483803678)]","[np.float64(55042.73791871649), np.float64(55055.18084649563), np.float64(55016.933248568384), np.float64(54996.6688415086), np.float64(54934.511190858044), np.float64(54917.77793352575), np.float64(54949.63237613279), np.float64(54893.31763198361), np.float64(54885.79359721464), np.float64(54893.841851645), np.float64(54901.424024991546), np.float64(54861.27712917783), np.float64(54848.139398618914), np.float64(54811.74226628366), np.float64(54783.541798744445), np.float64(54697.86445064576), np.float64(54714.09386811636), np.float64(54681.96602268847), np.float64(54670.81309283419), np.float64(54547.72777300116), np.float64(54571.9056790013), np.float64(54536.037953155916), np.float64(54583.405155843146), np.float64(54512.03119990288), np.float64(54515.52527455301), np.float64(54536.780716361274), np.float64(54519.99595724189), np.float64(54497.99693714799), np.float64(54484.502470823085)]","[np.float64(55055.18084649563), np.float64(55091.55108471394), np.float64(55016.94256872177), np.float64(55022.851631388665), np.float64(54941.99949001313), np.float64(55000.737267627715), np.float64(54949.647300100325), np.float64(54908.35456001997), np.float64(54922.91524970055), np.float64(54928.96030090809), np.float64(54901.42970416308), np.float64(54867.70660651445), np.float64(54856.31795256615), np.float64(54823.75745391846), np.float64(54792.152094480996), np.float64(54725.4162332654), np.float64(54737.98603010655), np.float64(54691.12085050822), np.float64(54673.19830775738), np.float64(54574.15512352943), np.float64(54616.54336977959), np.float64(54585.03510822058), np.float64(54595.80975330353), np.float64(54546.09589708805), np.float64(54554.523065743444), np.float64(54569.94450107336), np.float64(54551.00758167982), np.float64(54498.00257098198), np.float64(54514.475213184356)]"
447,"[np.float64(55115.7279413414), np.float64(55124.703185024264), np.float64(55161.075483675006), np.float64(55057.77467337609), np.float64(54989.641066308024), np.float64(55019.236345129015), np.float64(54904.25056494236), np.float64(54990.65647316694), np.float64(54949.05737253904), np.float64(54866.526880168916), np.float64(54990.07272690297), np.float64(54937.13777090788), np.float64(54933.22462338448), np.float64(54934.33596912861), np.float64(54895.73866100312), np.float64(54891.613288939), np.float64(54811.84725301027), np.float64(54814.15558122158), np.float64(54666.771818995476), np.float64(54762.49551779509), np.float64(54760.17122123241), np.float64(54682.27464140654), np.float64(54893.00420960903), np.float64(54618.782931058406), np.float64(54702.190137429236), np.float64(54596.13478652001), np.float64(54424.41873379469), np.float64(54686.423064558505), np.float64(54631.16136523724)]","[np.float64(55181.93453348273), np.float64(55161.075483675006), np.float64(55234.010247815575), np.float64(55057.79710524498), np.float64(55019.236345129015), np.float64(55058.20804425576), np.float64(54991.581833911325), np.float64(55034.275740569836), np.float64(54949.05737253904), np.float64(54990.07272690297), np.float64(55007.28066697811), np.float64(54937.13777090788), np.float64(54942.661738976676), np.float64(55041.77503012414), np.float64(54895.73866100312), np.float64(54900.64834871602), np.float64(54814.15558122158), np.float64(54876.11652443882), np.float64(54762.49551779509), np.float64(54783.26583066888), np.float64(54760.17122123241), np.float64(54927.41493891785), np.float64(54893.01784061003), np.float64(54714.27370620559), np.float64(54702.190137429236), np.float64(54606.50480576336), np.float64(54686.43458461654), np.float64(54722.146059160674), np.float64(54643.20919626432)]","[np.float64(55103.86072764221), np.float64(55102.56281048675), np.float64(55057.77467337609), np.float64(54979.49274752026), np.float64(54971.841163931495), np.float64(54904.25056494236), np.float64(54846.11335537222), np.float64(54949.05737253904), np.float64(54852.01716495524), np.float64(54866.526880168916), np.float64(54900.948858557305), np.float64(54933.21911006637), np.float64(54933.22462338448), np.float64(54869.30874377978), np.float64(54891.613288939), np.float64(54699.017023912296), np.float64(54807.42352613739), np.float64(54649.53677696605), np.float64(54653.81901274936), np.float64(54760.17122123241), np.float64(54673.50611594997), np.float64(54644.596410690225), np.float64(54618.76910286631), np.float64(54606.06814828499), np.float64(54559.028678419156), np.float64(54424.402941897155), np.float64(54378.4757688539), np.float64(54618.65875200644), np.float64(54540.82583014407)]","[np.float64(55124.703185024264), np.float64(55161.075483675006), np.float64(55057.77467337609), np.float64(54989.641066308024), np.float64(55019.236345129015), np.float64(54904.25056494236), np.float64(54990.65647316694), np.float64(54949.05737253904), np.float64(54866.526880168916), np.float64(54990.07272690297), np.float64(54937.13777090788), np.float64(54933.22462338448), np.float64(54934.33596912861), np.float64(54895.73866100312), np.float64(54891.613288939), np.float64(54811.84725301027), np.float64(54814.15558122158), np.float64(54666.771818995476), np.float64(54762.49551779509), np.float64(54760.17122123241), np.float64(54682.27464140654), np.float64(54893.00420960903), np.float64(54618.782931058406), np.float64(54702.190137429236), np.float64(54596.13478652001), np.float64(54424.41873379469), np.float64(54686.423064558505), np.float64(54631.16136523724), np.float64(54552.92713204622)]"
448,"[np.float64(55121.95405304909), np.float64(55089.688453793526), np.float64(55039.096338253024), np.float64(55070.98745391369), np.float64(54988.27654492855), np.float64(55061.89631090641), np.float64(55012.01221146107), np.float64(54951.36054966927), np.float64(55062.53877949477), np.float64(55032.85902294397), np.float64(54985.30411358833), np.float64(54887.51998235464), np.float64(54927.491341359615), np.float64(54848.75977128983), np.float64(54807.888132088185), np.float64(54952.434034967424), np.float64(54878.89578484774), np.float64(54750.32080887318), np.float64(54759.78321604967), np.float64(54774.7400238657), np.float64(54744.333964881895), np.float64(54692.2699279213), np.float64(54631.40591281176), np.float64(54595.81812381029), np.float64(54651.54702618599), np.float64(54577.518264369966), np.float64(54543.90295309306), np.float64(54591.71606038809), np.float64(54550.583003821375)]","[np.float64(55121.95405304909), np.float64(55089.70344023944), np.float64(55093.40700823425), np.float64(55070.98745391369), np.float64(55086.88692709805), np.float64(55069.1646928385), np.float64(55012.02148255722), np.float64(55062.547822122084), np.float64(55070.84713683494), np.float64(55055.907122160745), np.float64(54990.69886245541), np.float64(54927.491341359615), np.float64(54933.929032812855), np.float64(54871.59409658558), np.float64(54953.05460092142), np.float64(54962.23813543469), np.float64(54885.03584629926), np.float64(54766.42612790806), np.float64(54825.396406177955), np.float64(54779.20798802538), np.float64(54784.327248356174), np.float64(54692.27972712159), np.float64(54634.42803084941), np.float64(54694.7323270336), np.float64(54651.56355655008), np.float64(54597.91132976143), np.float64(54606.637379245396), np.float64(54613.16207100972), np.float64(54570.97827463381)]","[np.float64(55086.83351437864), np.float64(55031.98249084455), np.float64(55039.09080719095), np.float64(54984.221833644086), np.float64(54965.35095430825), np.float64(55012.00637343598), np.float64(54935.740401364426), np.float64(54948.51404263037), np.float64(55007.77163150038), np.float64(54914.33411107795), np.float64(54887.51998235464), np.float64(54879.399852660805), np.float64(54848.75977128983), np.float64(54798.53682232941), np.float64(54796.36056835057), np.float64(54839.95677234547), np.float64(54749.227619450125), np.float64(54742.73386559637), np.float64(54741.36591599886), np.float64(54733.2791042628), np.float64(54639.86388462943), np.float64(54629.728370656754), np.float64(54584.50101450677), np.float64(54579.88933018593), np.float64(54556.96390247955), np.float64(54537.26351971648), np.float64(54533.28747058217), np.float64(54544.18149759203), np.float64(54434.41153357326)]","[np.float64(55089.688453793526), np.float64(55039.096338253024), np.float64(55070.98745391369), np.float64(54988.27654492855), np.float64(55061.89631090641), np.float64(55012.01221146107), np.float64(54951.36054966927), np.float64(55062.53877949477), np.float64(55032.85902294397), np.float64(54985.30411358833), np.float64(54887.51998235464), np.float64(54927.491341359615), np.float64(54848.75977128983), np.float64(54807.888132088185), np.float64(54952.434034967424), np.float64(54878.89578484774), np.float64(54750.32080887318), np.float64(54759.78321604967), np.float64(54774.7400238657), np.float64(54744.333964881895), np.float64(54692.2699279213), np.float64(54631.40591281176), np.float64(54595.81812381029), np.float64(54651.54702618599), np.float64(54577.518264369966), np.float64(54543.90295309306), np.float64(54591.71606038809), np.float64(54550.583003821375), np.float64(54451.1205215931)]"
449,"[np.float64(55285.485424261096), np.float64(55247.00453056813), np.float64(55147.605277860166), np.float64(55067.851990857125), np.float64(55036.78195752144), np.float64(55030.42642490149), np.float64(55058.680619761944), np.float64(55099.132703409196), np.float64(55169.601166756154), np.float64(55085.32754854679), np.float64(55161.11694987774), np.float64(55086.27496113539), np.float64(54939.62780350447), np.float64(54996.42967607021), np.float64(54919.013305778506), np.float64(54847.82884216071), np.float64(54875.920906744), np.float64(55006.71818787575), np.float64(54830.82332062006), np.float64(54873.87541244507), np.float64(54651.514960706234), np.float64(54894.41483316421), np.float64(54749.40043946028), np.float64(54834.55128677845), np.float64(54680.621273155215), np.float64(54791.030961682794), np.float64(54671.18088685036), np.float64(54735.57030185461), np.float64(54665.13647952795)]","[np.float64(55289.61369834517), np.float64(55254.21881149308), np.float64(55147.605277860166), np.float64(55111.9588163463), np.float64(55036.78195752144), np.float64(55058.692382833884), np.float64(55099.14539382989), np.float64(55213.2669776685), np.float64(55169.601166756154), np.float64(55180.19822212389), np.float64(55163.52166892813), np.float64(55092.54714656615), np.float64(55002.91907555891), np.float64(55015.46904869628), np.float64(54919.013305778506), np.float64(54904.17436567984), np.float64(55010.5596078472), np.float64(55018.621814087106), np.float64(54873.87541244507), np.float64(54885.23253080122), np.float64(54894.43199101084), np.float64(54922.19795525409), np.float64(54834.55128677845), np.float64(54863.73630359054), np.float64(54791.030961682794), np.float64(54808.07293806996), np.float64(54735.57030185461), np.float64(54762.23576765996), np.float64(54668.85569070881)]","[np.float64(55246.288516730805), np.float64(55147.59740558256), np.float64(55029.81077970693), np.float64(55036.78195752144), np.float64(55027.73543446325), np.float64(54994.152121131694), np.float64(55058.674923089995), np.float64(55092.14473275149), np.float64(55023.361038824245), np.float64(55085.32754854679), np.float64(55079.22885620175), np.float64(54939.62780350447), np.float64(54939.6019528457), np.float64(54902.02473874239), np.float64(54835.336789968824), np.float64(54837.62485297999), np.float64(54843.80528518705), np.float64(54830.81408758537), np.float64(54805.08763697524), np.float64(54651.514960706234), np.float64(54622.64853039036), np.float64(54749.40043946028), np.float64(54720.37513991955), np.float64(54669.717531680486), np.float64(54662.799586005654), np.float64(54668.19906023371), np.float64(54657.894522942435), np.float64(54665.13647952795), np.float64(54577.12016922368)]","[np.float64(55247.00453056813), np.float64(55147.605277860166), np.float64(55067.851990857125), np.float64(55036.78195752144), np.float64(55030.42642490149), np.float64(55058.680619761944), np.float64(55099.132703409196), np.float64(55169.601166756154), np.float64(55085.32754854679), np.float64(55161.11694987774), np.float64(55086.27496113539), np.float64(54939.62780350447), np.float64(54996.42967607021), np.float64(54919.013305778506), np.float64(54847.82884216071), np.float64(54875.920906744), np.float64(55006.71818787575), np.float64(54830.82332062006), np.float64(54873.87541244507), np.float64(54651.514960706234), np.float64(54894.41483316421), np.float64(54749.40043946028), np.float64(54834.55128677845), np.float64(54680.621273155215), np.float64(54791.030961682794), np.float64(54671.18088685036), np.float64(54735.57030185461), np.float64(54665.13647952795), np.float64(54599.103483326435)]"
450,"[np.float64(55033.57708364725), np.float64(55052.39952026367), np.float64(55069.27549211502), np.float64(55057.803261876106), np.float64(55084.293469018936), np.float64(54990.117541308406), np.float64(55011.880987670425), np.float64(54995.767247042655), np.float64(54974.534877140526), np.float64(54955.27305330754), np.float64(54924.827073445325), np.float64(54905.29224231482), np.float64(54918.63740563631), np.float64(54884.016088223456), np.float64(54901.236409845355), np.float64(54863.05221842289), np.float64(54811.75157167912), np.float64(54806.64736543179), np.float64(54773.0350160265), np.float64(54740.448633196356), np.float64(54725.10317631245), np.float64(54630.429267838), np.float64(54640.10351322412), np.float64(54687.20255190373), np.float64(54601.306214375494), np.float64(54633.38907902956), np.float64(54623.04982907534), np.float64(54595.738539607526), np.float64(54549.02299891472)]","[np.float64(55074.01213937197), np.float64(55094.11381367822), np.float64(55076.127955090386), np.float64(55089.006749168875), np.float64(55089.11500977134), np.float64(55011.880987670425), np.float64(55051.17053926066), np.float64(55002.035832413276), np.float64(54979.64375737183), np.float64(54955.35381884779), np.float64(54950.897746972485), np.float64(54918.63740563631), np.float64(54918.63740563631), np.float64(54912.67662959751), np.float64(54912.72312908936), np.float64(54865.09458809209), np.float64(54816.13333846311), np.float64(54839.161324921086), np.float64(54780.251366674645), np.float64(54752.96094193844), np.float64(54742.803071222064), np.float64(54660.93894853258), np.float64(54687.212288661205), np.float64(54687.20255190373), np.float64(54659.37681921842), np.float64(54657.48165866378), np.float64(54623.04982907534), np.float64(54633.049298977996), np.float64(54561.71350741981)]","[np.float64(54957.87544338782), np.float64(55052.39952026367), np.float64(55057.803261876106), np.float64(55034.04275549866), np.float64(54975.065234387876), np.float64(54990.117541308406), np.float64(54994.52251049974), np.float64(54962.301776984015), np.float64(54943.744189696496), np.float64(54916.41031873501), np.float64(54898.783813761926), np.float64(54899.32821061126), np.float64(54825.63515959269), np.float64(54884.00680082792), np.float64(54857.490393117754), np.float64(54803.47460226634), np.float64(54788.12509506839), np.float64(54764.883448291046), np.float64(54733.21718361651), np.float64(54709.728240178876), np.float64(54610.22490417385), np.float64(54570.75075714308), np.float64(54638.974856129396), np.float64(54559.636420862276), np.float64(54573.71828286689), np.float64(54616.1624638989), np.float64(54583.26444961809), np.float64(54540.77448576802), np.float64(54479.373867379545)]","[np.float64(55052.39952026367), np.float64(55069.27549211502), np.float64(55057.803261876106), np.float64(55084.293469018936), np.float64(54990.117541308406), np.float64(55011.880987670425), np.float64(54995.767247042655), np.float64(54974.534877140526), np.float64(54955.27305330754), np.float64(54924.827073445325), np.float64(54905.29224231482), np.float64(54918.63740563631), np.float64(54884.016088223456), np.float64(54901.236409845355), np.float64(54863.05221842289), np.float64(54811.75157167912), np.float64(54806.64736543179), np.float64(54773.0350160265), np.float64(54740.448633196356), np.float64(54725.10317631245), np.float64(54630.429267838), np.float64(54640.10351322412), np.float64(54687.20255190373), np.float64(54601.306214375494), np.float64(54633.38907902956), np.float64(54623.04982907534), np.float64(54595.738539607526), np.float64(54549.02299891472), np.float64(54507.096675860885)]"
451,"[np.float64(54993.16762519598), np.float64(55001.372911033635), np.float64(54979.66689922571), np.float64(55020.73067375183), np.float64(54986.02513616324), np.float64(54915.926520438195), np.float64(54897.10936367989), np.float64(54951.607544007304), np.float64(54841.787267932894), np.float64(54859.23797165632), np.float64(54816.014091277124), np.float64(54825.746028771406), np.float64(54835.10077835322), np.float64(54890.48790649891), np.float64(54831.78695911408), np.float64(54773.93246312857), np.float64(54778.19627049685), np.float64(54801.28148426533), np.float64(54729.309935457706), np.float64(54716.0985714674), np.float64(54685.70963982821), np.float64(54609.16341590881), np.float64(54677.568871281146), np.float64(54684.974709334376), np.float64(54677.29032657146), np.float64(54727.45142540216), np.float64(54649.35215053558), np.float64(54571.53064771652), np.float64(54513.46238186598)]","[np.float64(55007.69349572455), np.float64(55001.38218541409), np.float64(55020.73067375183), np.float64(55043.27812061693), np.float64(54986.02513616324), np.float64(54915.93220652869), np.float64(54993.55921945052), np.float64(54951.61416594312), np.float64(54896.637906958094), np.float64(54859.23797165632), np.float64(54828.54339777398), np.float64(54848.614058692445), np.float64(54906.36693144303), np.float64(54890.50004360908), np.float64(54847.83839718245), np.float64(54779.2498281516), np.float64(54826.193463496944), np.float64(54801.306713152386), np.float64(54734.81515038564), np.float64(54716.11018723361), np.float64(54693.99248121211), np.float64(54693.10994773559), np.float64(54684.974709334376), np.float64(54688.051940192694), np.float64(54731.88465710007), np.float64(54731.228683887035), np.float64(54650.23795095126), np.float64(54579.9985092763), np.float64(54513.471505166715)]","[np.float64(54993.15351788139), np.float64(54978.007163861104), np.float64(54948.953722445454), np.float64(54986.02513616324), np.float64(54915.912652808205), np.float64(54880.00976889606), np.float64(54892.38733782998), np.float64(54841.787267932894), np.float64(54833.21736932301), np.float64(54815.98833039481), np.float64(54813.01990925784), np.float64(54825.746028771406), np.float64(54798.29269387826), np.float64(54831.77762955746), np.float64(54750.84907397588), np.float64(54773.88935131772), np.float64(54771.91794202447), np.float64(54729.309935457706), np.float64(54671.98736944106), np.float64(54680.71264383478), np.float64(54577.326068286005), np.float64(54609.16341590881), np.float64(54647.71664410901), np.float64(54669.46455778366), np.float64(54671.00945839818), np.float64(54648.59126700286), np.float64(54547.366291113176), np.float64(54513.46238186598), np.float64(54462.31674892492)]","[np.float64(55001.372911033635), np.float64(54979.66689922571), np.float64(55020.73067375183), np.float64(54986.02513616324), np.float64(54915.926520438195), np.float64(54897.10936367989), np.float64(54951.607544007304), np.float64(54841.787267932894), np.float64(54859.23797165632), np.float64(54816.014091277124), np.float64(54825.746028771406), np.float64(54835.10077835322), np.float64(54890.48790649891), np.float64(54831.78695911408), np.float64(54773.93246312857), np.float64(54778.19627049685), np.float64(54801.28148426533), np.float64(54729.309935457706), np.float64(54716.0985714674), np.float64(54685.70963982821), np.float64(54609.16341590881), np.float64(54677.568871281146), np.float64(54684.974709334376), np.float64(54677.29032657146), np.float64(54727.45142540216), np.float64(54649.35215053558), np.float64(54571.53064771652), np.float64(54513.46238186598), np.float64(54495.67222189903)]"
452,"[np.float64(55134.97624358654), np.float64(55047.22989528656), np.float64(55079.26099157572), np.float64(54906.48561902523), np.float64(54822.08966264009), np.float64(54944.274464974405), np.float64(54882.286999080185), np.float64(54884.58991865635), np.float64(54880.084396808146), np.float64(54797.25591439724), np.float64(54805.85126585007), np.float64(54887.24156642199), np.float64(54807.10284977675), np.float64(54937.19121337414), np.float64(54768.27515954972), np.float64(54737.7641472888), np.float64(54708.32777931929), np.float64(54799.93885498047), np.float64(54659.85121278048), np.float64(54556.781170914175), np.float64(54574.65658127308), np.float64(54685.63868368626), np.float64(54627.17932200432), np.float64(54539.300333366395), np.float64(54467.56380263329), np.float64(54463.838540792465), np.float64(54387.21118734598), np.float64(54273.135088078976), np.float64(54348.86241888285)]","[np.float64(55134.97624358654), np.float64(55082.72251688925), np.float64(55089.79469255194), np.float64(54906.48561902523), np.float64(54957.5114305956), np.float64(54944.274464974405), np.float64(54911.298205991574), np.float64(54884.58991865635), np.float64(54908.80305612718), np.float64(54805.85126585007), np.float64(54887.25087939259), np.float64(54920.7405857762), np.float64(54937.19121337414), np.float64(54937.199941644634), np.float64(54781.5158166336), np.float64(54781.12958482309), np.float64(54799.93885498047), np.float64(54850.05827715331), np.float64(54659.85121278048), np.float64(54584.35008700916), np.float64(54704.587034236065), np.float64(54725.723372417924), np.float64(54627.17932200432), np.float64(54545.7266356306), np.float64(54467.58061761682), np.float64(54499.737769796826), np.float64(54387.21118734598), np.float64(54385.90081713027), np.float64(54359.90689589457)]","[np.float64(55047.22989528656), np.float64(54965.717648034624), np.float64(54906.48561902523), np.float64(54768.07299024463), np.float64(54822.080584205876), np.float64(54875.7069408274), np.float64(54882.2717249072), np.float64(54877.05914235479), np.float64(54715.58531351611), np.float64(54797.25591439724), np.float64(54771.18633514494), np.float64(54795.23344405131), np.float64(54807.10284977675), np.float64(54751.827947151396), np.float64(54719.38060301465), np.float64(54696.183507192545), np.float64(54703.500986722094), np.float64(54636.68224992961), np.float64(54540.4590877832), np.float64(54526.998221803835), np.float64(54571.96326002131), np.float64(54623.19130761828), np.float64(54537.3542062313), np.float64(54406.9794630151), np.float64(54461.93325863766), np.float64(54355.32829142885), np.float64(54270.2873172385), np.float64(54269.95933167532), np.float64(54260.769851738645)]","[np.float64(55047.22989528656), np.float64(55079.26099157572), np.float64(54906.48561902523), np.float64(54822.08966264009), np.float64(54944.274464974405), np.float64(54882.286999080185), np.float64(54884.58991865635), np.float64(54880.084396808146), np.float64(54797.25591439724), np.float64(54805.85126585007), np.float64(54887.24156642199), np.float64(54807.10284977675), np.float64(54937.19121337414), np.float64(54768.27515954972), np.float64(54737.7641472888), np.float64(54708.32777931929), np.float64(54799.93885498047), np.float64(54659.85121278048), np.float64(54556.781170914175), np.float64(54574.65658127308), np.float64(54685.63868368626), np.float64(54627.17932200432), np.float64(54539.300333366395), np.float64(54467.56380263329), np.float64(54463.838540792465), np.float64(54387.21118734598), np.float64(54273.135088078976), np.float64(54348.86241888285), np.float64(54303.55724419117)]"
453,"[np.float64(55136.42820456743), np.float64(55110.130519080165), np.float64(55058.86386947155), np.float64(55094.005317296986), np.float64(55069.00068193913), np.float64(55089.488591847425), np.float64(55042.53455610037), np.float64(55043.35061612129), np.float64(54944.52107298136), np.float64(54985.89713179827), np.float64(54992.88959559441), np.float64(54991.47575261354), np.float64(54933.04214633704), np.float64(54907.101945877075), np.float64(54953.55066056967), np.float64(54970.66551380634), np.float64(54906.49991327524), np.float64(54901.045691068175), np.float64(54839.6508570528), np.float64(54886.29350994826), np.float64(54814.91639589787), np.float64(54866.58920825005), np.float64(54807.18835772276), np.float64(54774.70473896027), np.float64(54816.922741980554), np.float64(54804.01348889589), np.float64(54784.68315568447), np.float64(54775.11746933222), np.float64(54763.52187070131)]","[np.float64(55136.42820456743), np.float64(55110.130519080165), np.float64(55094.01721511801), np.float64(55104.217260044374), np.float64(55089.488591847425), np.float64(55089.50036312998), np.float64(55046.072747953345), np.float64(55047.60916467772), np.float64(54988.89275535775), np.float64(54992.88959559441), np.float64(54999.87922445113), np.float64(54991.47575261354), np.float64(54940.881026825235), np.float64(54965.048286582496), np.float64(54970.66551380634), np.float64(54970.67110710001), np.float64(54906.49991327524), np.float64(54903.19189387628), np.float64(54886.29350994826), np.float64(54898.214465831705), np.float64(54866.58920825005), np.float64(54902.10327436279), np.float64(54807.20004820421), np.float64(54831.7488368242), np.float64(54816.922741980554), np.float64(54828.35696194192), np.float64(54784.68315568447), np.float64(54796.28353961511), np.float64(54763.52187070131)]","[np.float64(55108.386279106606), np.float64(55058.85815036594), np.float64(55058.85538414001), np.float64(55069.00068193913), np.float64(55067.66526716987), np.float64(55042.53455610037), np.float64(55042.52578086985), np.float64(54944.52107298136), np.float64(54943.95796738954), np.float64(54985.89713179827), np.float64(54991.379358857856), np.float64(54933.033678676526), np.float64(54898.1973769915), np.float64(54896.11810538045), np.float64(54953.55066056967), np.float64(54895.105672642945), np.float64(54901.03642152648), np.float64(54828.236186965136), np.float64(54822.35083716555), np.float64(54814.91639589787), np.float64(54797.66120086136), np.float64(54807.18284241528), np.float64(54763.655415726906), np.float64(54750.732612403546), np.float64(54804.00047763062), np.float64(54784.673462239836), np.float64(54768.31429813144), np.float64(54763.51314054739), np.float64(54713.25287298978)]","[np.float64(55110.130519080165), np.float64(55058.86386947155), np.float64(55094.005317296986), np.float64(55069.00068193913), np.float64(55089.488591847425), np.float64(55042.53455610037), np.float64(55043.35061612129), np.float64(54944.52107298136), np.float64(54985.89713179827), np.float64(54992.88959559441), np.float64(54991.47575261354), np.float64(54933.04214633704), np.float64(54907.101945877075), np.float64(54953.55066056967), np.float64(54970.66551380634), np.float64(54906.49991327524), np.float64(54901.045691068175), np.float64(54839.6508570528), np.float64(54886.29350994826), np.float64(54814.91639589787), np.float64(54866.58920825005), np.float64(54807.18835772276), np.float64(54774.70473896027), np.float64(54816.922741980554), np.float64(54804.01348889589), np.float64(54784.68315568447), np.float64(54775.11746933222), np.float64(54763.52187070131), np.float64(54728.7882597208)]"
454,"[np.float64(55096.9507054615), np.float64(55096.32587932587), np.float64(55066.479871633055), np.float64(55027.654241838456), np.float64(55044.062237973216), np.float64(55002.06586021662), np.float64(54997.98208313227), np.float64(54983.20607826233), np.float64(54939.97202449799), np.float64(54920.38903075934), np.float64(54931.35349318028), np.float64(54948.47813347101), np.float64(54941.465451681615), np.float64(54895.13289386749), np.float64(54881.74188592434), np.float64(54847.39318947792), np.float64(54817.6525213933), np.float64(54792.75644506932), np.float64(54755.45360362053), np.float64(54760.03652046204), np.float64(54705.96909929037), np.float64(54730.20982932329), np.float64(54681.295678446295), np.float64(54676.908373909), np.float64(54662.23345900536), np.float64(54683.34889936686), np.float64(54661.47663641691), np.float64(54634.64117806435), np.float64(54638.92777896643)]","[np.float64(55103.73451787609), np.float64(55096.32587932587), np.float64(55066.479871633055), np.float64(55078.87003387572), np.float64(55044.062237973216), np.float64(55003.832940304026), np.float64(55032.09908019196), np.float64(54983.221002601116), np.float64(54958.4302451133), np.float64(54931.35349318028), np.float64(54963.23239097798), np.float64(54948.47813347101), np.float64(54993.39608024505), np.float64(54895.14138289491), np.float64(54917.58570557334), np.float64(54847.40810816327), np.float64(54837.71376336265), np.float64(54792.75644506932), np.float64(54760.045751530044), np.float64(54769.68321041908), np.float64(54738.05463885923), np.float64(54738.92888677872), np.float64(54684.552138180785), np.float64(54709.45996506751), np.float64(54683.35451634877), np.float64(54699.50619690076), np.float64(54676.98412228044), np.float64(54689.67396124925), np.float64(54638.936232034685)]","[np.float64(55073.665795479144), np.float64(55049.015622741914), np.float64(55027.638099987365), np.float64(55027.648713036615), np.float64(54999.30151774339), np.float64(54975.983759307965), np.float64(54983.193155222194), np.float64(54939.10508279545), np.float64(54909.82985379547), np.float64(54904.693009116454), np.float64(54931.35349318028), np.float64(54904.93920053804), np.float64(54880.594048168365), np.float64(54865.27897006736), np.float64(54847.07936264314), np.float64(54812.16024775027), np.float64(54791.80998436099), np.float64(54734.56032899349), np.float64(54743.18147581223), np.float64(54705.963440761894), np.float64(54700.689931886984), np.float64(54636.759266498055), np.float64(54671.82937995548), np.float64(54641.67457534223), np.float64(54648.45845860682), np.float64(54660.28718108801), np.float64(54597.12065453273), np.float64(54634.632308424996), np.float64(54603.29809104152)]","[np.float64(55096.32587932587), np.float64(55066.479871633055), np.float64(55027.654241838456), np.float64(55044.062237973216), np.float64(55002.06586021662), np.float64(54997.98208313227), np.float64(54983.20607826233), np.float64(54939.97202449799), np.float64(54920.38903075934), np.float64(54931.35349318028), np.float64(54948.47813347101), np.float64(54941.465451681615), np.float64(54895.13289386749), np.float64(54881.74188592434), np.float64(54847.39318947792), np.float64(54817.6525213933), np.float64(54792.75644506932), np.float64(54755.45360362053), np.float64(54760.03652046204), np.float64(54705.96909929037), np.float64(54730.20982932329), np.float64(54681.295678446295), np.float64(54676.908373909), np.float64(54662.23345900536), np.float64(54683.34889936686), np.float64(54661.47663641691), np.float64(54634.64117806435), np.float64(54638.92777896643), np.float64(54628.18442670107)]"
455,"[np.float64(55089.14063632012), np.float64(55100.62522915364), np.float64(54982.03176055193), np.float64(55043.509526972775), np.float64(54970.39018852234), np.float64(55011.02346144676), np.float64(55036.98735687971), np.float64(54951.25624027729), np.float64(54952.07925425768), np.float64(54858.52828145981), np.float64(54792.432442069054), np.float64(54837.297456882), np.float64(54949.459543194775), np.float64(54859.90465032578), np.float64(54792.65162056923), np.float64(54708.39384193421), np.float64(54730.9384497428), np.float64(54706.866932723526), np.float64(54653.66811259985), np.float64(54633.848426685334), np.float64(54638.098197357656), np.float64(54657.92033003569), np.float64(54529.89265642643), np.float64(54504.060628669264), np.float64(54447.64946560383), np.float64(54542.900423936844), np.float64(54505.50228748799), np.float64(54526.12399672747), np.float64(54520.14075849295)]","[np.float64(55100.63076493926), np.float64(55100.64164154527), np.float64(55048.13168925283), np.float64(55043.509526972775), np.float64(55027.451568608354), np.float64(55036.98735687971), np.float64(55051.749535870775), np.float64(54952.07925425768), np.float64(54958.51301966951), np.float64(54858.52828145981), np.float64(54843.5282003296), np.float64(54949.459543194775), np.float64(54972.43273311454), np.float64(54865.93932466121), np.float64(54792.65162056923), np.float64(54739.63985494425), np.float64(54747.34158518447), np.float64(54706.866932723526), np.float64(54683.053708127096), np.float64(54640.563466469495), np.float64(54657.92033003569), np.float64(54674.83708215907), np.float64(54529.89265642643), np.float64(54510.141537342475), np.float64(54556.60334390596), np.float64(54548.712731344574), np.float64(54526.135819495976), np.float64(54526.12399672747), np.float64(54520.14075849295)]","[np.float64(55089.14063632012), np.float64(54982.02614749472), np.float64(54936.79274649003), np.float64(54970.39018852234), np.float64(54936.41300582982), np.float64(55011.02346144676), np.float64(54927.09912542022), np.float64(54951.24710429792), np.float64(54856.520662696166), np.float64(54778.1547825762), np.float64(54792.432442069054), np.float64(54830.40388058957), np.float64(54853.82229414269), np.float64(54786.36223948089), np.float64(54705.528079602), np.float64(54670.152279499605), np.float64(54706.866932723526), np.float64(54648.20701680121), np.float64(54631.10622081393), np.float64(54631.24614129418), np.float64(54607.67935586708), np.float64(54529.89265642643), np.float64(54491.35876589903), np.float64(54438.694240505385), np.float64(54447.64946560383), np.float64(54497.06781035933), np.float64(54505.49164605117), np.float64(54512.16038631407), np.float64(54430.349239870244)]","[np.float64(55100.62522915364), np.float64(54982.03176055193), np.float64(55043.509526972775), np.float64(54970.39018852234), np.float64(55011.02346144676), np.float64(55036.98735687971), np.float64(54951.25624027729), np.float64(54952.07925425768), np.float64(54858.52828145981), np.float64(54792.432442069054), np.float64(54837.297456882), np.float64(54949.459543194775), np.float64(54859.90465032578), np.float64(54792.65162056923), np.float64(54708.39384193421), np.float64(54730.9384497428), np.float64(54706.866932723526), np.float64(54653.66811259985), np.float64(54633.848426685334), np.float64(54638.098197357656), np.float64(54657.92033003569), np.float64(54529.89265642643), np.float64(54504.060628669264), np.float64(54447.64946560383), np.float64(54542.900423936844), np.float64(54505.50228748799), np.float64(54526.12399672747), np.float64(54520.14075849295), np.float64(54436.45526496649)]"
456,"[np.float64(55054.43329585314), np.float64(55048.87412036896), np.float64(55026.1820628643), np.float64(55024.146613173485), np.float64(55079.17715773106), np.float64(55025.75568212748), np.float64(55038.759586327076), np.float64(55046.65683751583), np.float64(55010.45903173685), np.float64(55006.2100337267), np.float64(55001.98202637196), np.float64(54990.477473099236), np.float64(54910.183708913326), np.float64(54909.04416100025), np.float64(54884.493335886), np.float64(54884.08871846676), np.float64(54830.324953525065), np.float64(54842.179522757535), np.float64(54849.2433290267), np.float64(54871.96101315975), np.float64(54776.12785388708), np.float64(54759.64194765091), np.float64(54770.928352639676), np.float64(54726.152322752474), np.float64(54663.352273817065), np.float64(54598.05601098776), np.float64(54523.55296338082), np.float64(54520.73776879072), np.float64(54558.42719887495)]","[np.float64(55054.44181117195), np.float64(55048.87412036896), np.float64(55026.1820628643), np.float64(55099.047834097975), np.float64(55079.17715773106), np.float64(55038.759586327076), np.float64(55068.15740883269), np.float64(55046.67215994624), np.float64(55010.46756895233), np.float64(55006.21787238634), np.float64(55008.885893021565), np.float64(54990.477473099236), np.float64(54924.58393239425), np.float64(54909.057124825216), np.float64(54884.50543549568), np.float64(54884.08871846676), np.float64(54889.890095778836), np.float64(54849.2433290267), np.float64(54873.15056321199), np.float64(54880.37567474121), np.float64(54776.12785388708), np.float64(54794.919400137616), np.float64(54770.928352639676), np.float64(54787.09478320471), np.float64(54663.352273817065), np.float64(54640.335521645844), np.float64(54523.55296338082), np.float64(54624.01814843896), np.float64(54558.44080041059)]","[np.float64(55048.86018082865), np.float64(55015.23280763717), np.float64(55022.990637302595), np.float64(55024.146613173485), np.float64(55015.93219739667), np.float64(55012.29596611372), np.float64(55038.759586327076), np.float64(55010.45903173685), np.float64(54999.57253761045), np.float64(55001.98202637196), np.float64(54990.46945764738), np.float64(54910.175266649814), np.float64(54909.04416100025), np.float64(54875.45096321885), np.float64(54884.08871846676), np.float64(54815.60124192346), np.float64(54827.629416678334), np.float64(54842.170373824745), np.float64(54839.081562613144), np.float64(54768.763969005275), np.float64(54759.628858544645), np.float64(54759.631300418856), np.float64(54721.44704301728), np.float64(54655.549251959616), np.float64(54585.98393609948), np.float64(54522.487913419536), np.float64(54416.21671930528), np.float64(54520.7348407912), np.float64(54542.32672228098)]","[np.float64(55048.87412036896), np.float64(55026.1820628643), np.float64(55024.146613173485), np.float64(55079.17715773106), np.float64(55025.75568212748), np.float64(55038.759586327076), np.float64(55046.65683751583), np.float64(55010.45903173685), np.float64(55006.2100337267), np.float64(55001.98202637196), np.float64(54990.477473099236), np.float64(54910.183708913326), np.float64(54909.04416100025), np.float64(54884.493335886), np.float64(54884.08871846676), np.float64(54830.324953525065), np.float64(54842.179522757535), np.float64(54849.2433290267), np.float64(54871.96101315975), np.float64(54776.12785388708), np.float64(54759.64194765091), np.float64(54770.928352639676), np.float64(54726.152322752474), np.float64(54663.352273817065), np.float64(54598.05601098776), np.float64(54523.55296338082), np.float64(54520.73776879072), np.float64(54558.42719887495), np.float64(54542.32672228098)]"
457,"[np.float64(55065.329764003756), np.float64(55082.30128840923), np.float64(55067.88057935715), np.float64(55045.27196936608), np.float64(55051.015038444995), np.float64(54999.13759939671), np.float64(54989.929913179876), np.float64(54987.82646921873), np.float64(54938.28362889528), np.float64(54946.121256320475), np.float64(54933.68873579025), np.float64(54974.0966489172), np.float64(54944.757250049115), np.float64(54918.77867403507), np.float64(54813.29663845062), np.float64(54804.368913490776), np.float64(54757.662000858785), np.float64(54801.626864252095), np.float64(54786.56355783463), np.float64(54806.67878702641), np.float64(54709.72063164473), np.float64(54709.231021387575), np.float64(54668.28417640209), np.float64(54673.88533319712), np.float64(54613.90395583153), np.float64(54603.57281883001), np.float64(54552.99113422871), np.float64(54581.19884058237), np.float64(54549.58060344219)]","[np.float64(55082.30128840923), np.float64(55082.30128840923), np.float64(55067.88057935715), np.float64(55149.63529474112), np.float64(55051.015038444995), np.float64(55004.30794151745), np.float64(54993.389009011145), np.float64(54992.70554244685), np.float64(54957.599780582656), np.float64(54946.121256320475), np.float64(54992.89845582523), np.float64(54974.0966489172), np.float64(54958.38484492266), np.float64(54918.791607590705), np.float64(54813.3097353841), np.float64(54804.368913490776), np.float64(54900.82596737736), np.float64(54801.626864252095), np.float64(54815.98752190811), np.float64(54808.047924207574), np.float64(54709.72063164473), np.float64(54720.705628639334), np.float64(54673.88533319712), np.float64(54725.6588823378), np.float64(54613.90395583153), np.float64(54653.72233873163), np.float64(54581.19884058237), np.float64(54622.07462519182), np.float64(54550.951779638235)]","[np.float64(55065.329764003756), np.float64(55060.461746219036), np.float64(55045.27196936608), np.float64(55045.27196936608), np.float64(54980.74533305793), np.float64(54989.929913179876), np.float64(54987.82646921873), np.float64(54936.56755609461), np.float64(54933.506634224505), np.float64(54933.68125571706), np.float64(54930.94980611618), np.float64(54941.19240244923), np.float64(54882.39470805978), np.float64(54809.26094236552), np.float64(54796.5653303694), np.float64(54757.662000858785), np.float64(54757.662000858785), np.float64(54770.07669004906), np.float64(54769.14648657588), np.float64(54697.55043044938), np.float64(54708.062730856676), np.float64(54662.06555636044), np.float64(54660.06341258794), np.float64(54600.56300964608), np.float64(54598.16210264354), np.float64(54547.744457302615), np.float64(54469.87693688242), np.float64(54540.4523831522), np.float64(54523.352774539555)]","[np.float64(55082.30128840923), np.float64(55067.88057935715), np.float64(55045.27196936608), np.float64(55051.015038444995), np.float64(54999.13759939671), np.float64(54989.929913179876), np.float64(54987.82646921873), np.float64(54938.28362889528), np.float64(54946.121256320475), np.float64(54933.68873579025), np.float64(54974.0966489172), np.float64(54944.757250049115), np.float64(54918.77867403507), np.float64(54813.29663845062), np.float64(54804.368913490776), np.float64(54757.662000858785), np.float64(54801.626864252095), np.float64(54786.56355783463), np.float64(54806.67878702641), np.float64(54709.72063164473), np.float64(54709.231021387575), np.float64(54668.28417640209), np.float64(54673.88533319712), np.float64(54613.90395583153), np.float64(54603.57281883001), np.float64(54552.99113422871), np.float64(54581.19884058237), np.float64(54549.58060344219), np.float64(54523.35825251579)]"
458,"[np.float64(55118.76888206005), np.float64(55092.10559859276), np.float64(55104.37792050123), np.float64(55052.5762023449), np.float64(54986.203234791756), np.float64(55033.62202682972), np.float64(54997.89090899706), np.float64(55004.403034482006), np.float64(55005.954668881895), np.float64(54989.4567863822), np.float64(54915.92420245171), np.float64(55014.73713335514), np.float64(54943.6939381361), np.float64(55005.374528374676), np.float64(54953.799972894194), np.float64(54885.23650810957), np.float64(54793.262667562965), np.float64(54809.5466514206), np.float64(54742.37745550871), np.float64(54808.04060408831), np.float64(54732.60302159548), np.float64(54888.33359561205), np.float64(54847.23852826834), np.float64(54784.80909961701), np.float64(54822.24020298481), np.float64(54804.93939572096), np.float64(54688.242297620774), np.float64(54691.59835572481), np.float64(54704.369431059364)]","[np.float64(55118.76888206005), np.float64(55119.76190290791), np.float64(55104.37792050123), np.float64(55052.5762023449), np.float64(55038.86480061219), np.float64(55098.726904629846), np.float64(55004.403034482006), np.float64(55020.197690079214), np.float64(55008.19981432846), np.float64(54989.4567863822), np.float64(55026.76904336044), np.float64(55028.74701057244), np.float64(55005.384369324776), np.float64(55013.711444118046), np.float64(54953.799972894194), np.float64(54916.79841074232), np.float64(54809.5466514206), np.float64(54823.858957598044), np.float64(54848.373076510936), np.float64(54809.69437630237), np.float64(54901.1503276188), np.float64(54889.658468100664), np.float64(54881.97278690518), np.float64(54822.251336075766), np.float64(54872.64453542694), np.float64(54804.93939572096), np.float64(54846.68113991929), np.float64(54704.38087546945), np.float64(54716.22166751924)]","[np.float64(55092.10559859276), np.float64(55092.10559859276), np.float64(55043.66138984912), np.float64(54986.203234791756), np.float64(54986.19404611235), np.float64(54997.86672361195), np.float64(54997.87552133498), np.float64(55004.403034482006), np.float64(54974.57355270921), np.float64(54909.747629849546), np.float64(54915.92420245171), np.float64(54931.27536882961), np.float64(54943.6939381361), np.float64(54943.626783852604), np.float64(54875.49231451099), np.float64(54789.142658902005), np.float64(54779.427756608595), np.float64(54719.1647699776), np.float64(54730.091394408875), np.float64(54717.98214168955), np.float64(54720.41717044834), np.float64(54847.22437595544), np.float64(54778.584998255705), np.float64(54766.75006350281), np.float64(54802.645057838636), np.float64(54675.559625397036), np.float64(54688.242297620774), np.float64(54669.11695569873), np.float64(54628.57921589804)]","[np.float64(55092.10559859276), np.float64(55104.37792050123), np.float64(55052.5762023449), np.float64(54986.203234791756), np.float64(55033.62202682972), np.float64(54997.89090899706), np.float64(55004.403034482006), np.float64(55005.954668881895), np.float64(54989.4567863822), np.float64(54915.92420245171), np.float64(55014.73713335514), np.float64(54943.6939381361), np.float64(55005.374528374676), np.float64(54953.799972894194), np.float64(54885.23650810957), np.float64(54793.262667562965), np.float64(54809.5466514206), np.float64(54742.37745550871), np.float64(54808.04060408831), np.float64(54732.60302159548), np.float64(54888.33359561205), np.float64(54847.23852826834), np.float64(54784.80909961701), np.float64(54822.24020298481), np.float64(54804.93939572096), np.float64(54688.242297620774), np.float64(54691.59835572481), np.float64(54704.369431059364), np.float64(54650.885884928706)]"
459,"[np.float64(55055.771160387994), np.float64(55066.54232849121), np.float64(55049.712973923684), np.float64(54989.01057398319), np.float64(54993.87976215601), np.float64(54968.02172143936), np.float64(54944.66530325174), np.float64(54896.55098649025), np.float64(54904.44746501684), np.float64(54859.129026291375), np.float64(54887.831236429214), np.float64(54849.81561413527), np.float64(54805.74811545134), np.float64(54792.232837677), np.float64(54763.11042809964), np.float64(54791.57311296702), np.float64(54751.20383294821), np.float64(54748.24028722286), np.float64(54736.63567420006), np.float64(54703.97022227526), np.float64(54729.975197579864), np.float64(54636.03106851816), np.float64(54625.350173110965), np.float64(54583.89955239534), np.float64(54622.37851443291), np.float64(54589.10420472384), np.float64(54566.27242414474), np.float64(54489.29376696825), np.float64(54504.571615912915)]","[np.float64(55073.04065029671), np.float64(55066.5480238995), np.float64(55079.492605357), np.float64(54993.89177124828), np.float64(55005.15381355587), np.float64(54976.169730149435), np.float64(54944.67668143446), np.float64(54910.983575753664), np.float64(54913.54538140775), np.float64(54887.84070438451), np.float64(54889.87293248779), np.float64(54935.38903617897), np.float64(54805.74811545134), np.float64(54792.246407272134), np.float64(54819.35512002537), np.float64(54796.58986696196), np.float64(54762.75550053944), np.float64(54759.62154412565), np.float64(54752.14520353256), np.float64(54730.90010972586), np.float64(54735.32501488357), np.float64(54652.02887754425), np.float64(54642.03584165428), np.float64(54633.99054722114), np.float64(54622.37851443291), np.float64(54590.45567394322), np.float64(54566.27242414474), np.float64(54517.77062536997), np.float64(54519.89164458942)]","[np.float64(55055.76116257811), np.float64(55039.282261314955), np.float64(54984.60529527395), np.float64(54969.268717556675), np.float64(54968.02172143936), np.float64(54931.55676851085), np.float64(54886.62467646723), np.float64(54894.919232923196), np.float64(54849.44989101911), np.float64(54853.642712505025), np.float64(54846.23117548337), np.float64(54801.235466871665), np.float64(54792.232837677), np.float64(54756.70973143553), np.float64(54760.45582113713), np.float64(54733.898594301834), np.float64(54712.52065964051), np.float64(54736.63567420006), np.float64(54703.95353405861), np.float64(54668.10525262682), np.float64(54636.02557956734), np.float64(54597.840307407714), np.float64(54579.08145910014), np.float64(54570.18414051355), np.float64(54560.41905703887), np.float64(54565.304392299724), np.float64(54479.98601523964), np.float64(54470.51022269918), np.float64(54497.716309662464)]","[np.float64(55066.54232849121), np.float64(55049.712973923684), np.float64(54989.01057398319), np.float64(54993.87976215601), np.float64(54968.02172143936), np.float64(54944.66530325174), np.float64(54896.55098649025), np.float64(54904.44746501684), np.float64(54859.129026291375), np.float64(54887.831236429214), np.float64(54849.81561413527), np.float64(54805.74811545134), np.float64(54792.232837677), np.float64(54763.11042809964), np.float64(54791.57311296702), np.float64(54751.20383294821), np.float64(54748.24028722286), np.float64(54736.63567420006), np.float64(54703.97022227526), np.float64(54729.975197579864), np.float64(54636.03106851816), np.float64(54625.350173110965), np.float64(54583.89955239534), np.float64(54622.37851443291), np.float64(54589.10420472384), np.float64(54566.27242414474), np.float64(54489.29376696825), np.float64(54504.571615912915), np.float64(54501.42958522797)]"
460,"[np.float64(55064.472109003065), np.float64(55068.92573370934), np.float64(55046.34133379936), np.float64(55081.920365962986), np.float64(54998.61630999089), np.float64(54989.07908336163), np.float64(54961.80436656952), np.float64(55037.44477288008), np.float64(54983.32674233675), np.float64(54917.73442112208), np.float64(54906.49823917389), np.float64(54895.582840800285), np.float64(54887.47748593569), np.float64(54897.321845774655), np.float64(54868.403161454204), np.float64(54834.06335062266), np.float64(54824.15936702013), np.float64(54845.657017598154), np.float64(54873.421988532544), np.float64(54825.53560710907), np.float64(54829.11650990248), np.float64(54829.0843156457), np.float64(54846.28042718649), np.float64(54781.813874742984), np.float64(54726.017235651016), np.float64(54793.41462445498), np.float64(54681.63204404116), np.float64(54702.99576651096), np.float64(54624.208435988425)]","[np.float64(55161.14194366286), np.float64(55091.413560111425), np.float64(55115.19751780765), np.float64(55081.93349670061), np.float64(55015.02925997598), np.float64(54989.07908336163), np.float64(55059.319728780196), np.float64(55048.134884622006), np.float64(55001.986962539224), np.float64(54926.760010295824), np.float64(54912.533230787274), np.float64(54943.52125825997), np.float64(54907.8357787558), np.float64(54955.29106037332), np.float64(54868.403161454204), np.float64(54849.38304144796), np.float64(54845.66381535503), np.float64(54891.190267063634), np.float64(54895.883269243706), np.float64(54840.94284281175), np.float64(54878.55141389743), np.float64(54857.42663608964), np.float64(54849.48585965967), np.float64(54781.825435515726), np.float64(54801.96930798701), np.float64(54803.19699970783), np.float64(54734.985166579), np.float64(54708.19856092489), np.float64(54638.126261795354)]","[np.float64(55060.5905051456), np.float64(55039.05178660797), np.float64(55031.500437510374), np.float64(54998.32831583204), np.float64(54979.292003566996), np.float64(54949.635636203144), np.float64(54951.63120541817), np.float64(54983.32674233675), np.float64(54902.34883592329), np.float64(54901.85107113731), np.float64(54895.57185663821), np.float64(54887.46904199068), np.float64(54887.47748593569), np.float64(54851.31807202935), np.float64(54830.34482659307), np.float64(54802.98516151743), np.float64(54815.52877232746), np.float64(54830.19550314547), np.float64(54807.71672066), np.float64(54820.2576340977), np.float64(54812.887500256475), np.float64(54829.0843156457), np.float64(54764.95619870451), np.float64(54701.67862635389), np.float64(54696.24170556357), np.float64(54672.627054740085), np.float64(54652.39920830925), np.float64(54602.35801385423), np.float64(54590.88737886047)]","[np.float64(55068.92573370934), np.float64(55046.34133379936), np.float64(55081.920365962986), np.float64(54998.61630999089), np.float64(54989.07908336163), np.float64(54961.80436656952), np.float64(55037.44477288008), np.float64(54983.32674233675), np.float64(54917.73442112208), np.float64(54906.49823917389), np.float64(54895.582840800285), np.float64(54887.47748593569), np.float64(54897.321845774655), np.float64(54868.403161454204), np.float64(54834.06335062266), np.float64(54824.15936702013), np.float64(54845.657017598154), np.float64(54873.421988532544), np.float64(54825.53560710907), np.float64(54829.11650990248), np.float64(54829.0843156457), np.float64(54846.28042718649), np.float64(54781.813874742984), np.float64(54726.017235651016), np.float64(54793.41462445498), np.float64(54681.63204404116), np.float64(54702.99576651096), np.float64(54624.208435988425), np.float64(54620.55837993145)]"
461,"[np.float64(55054.759230508804), np.float64(55011.96044309616), np.float64(55048.39893313885), np.float64(54978.89256296158), np.float64(54914.74550632238), np.float64(54963.09316705704), np.float64(54865.76104318858), np.float64(54997.52299303055), np.float64(54867.05396454096), np.float64(54891.98751497984), np.float64(54869.38109419823), np.float64(54940.97635653258), np.float64(54872.893358836176), np.float64(54895.32760473251), np.float64(54896.32356626034), np.float64(54868.27374054194), np.float64(54766.98597273111), np.float64(54822.850863647465), np.float64(54754.088438355924), np.float64(54816.74078004122), np.float64(54666.105655434134), np.float64(54738.77337285042), np.float64(54689.56728445292), np.float64(54721.0526237011), np.float64(54763.11944249153), np.float64(54656.268764662746), np.float64(54651.09604903698), np.float64(54707.887361886504), np.float64(54709.49475673914)]","[np.float64(55057.30084390486), np.float64(55048.39893313885), np.float64(55060.792499487376), np.float64(54978.89256296158), np.float64(54963.10615578618), np.float64(54963.10484143849), np.float64(55030.355799162724), np.float64(55003.48767581974), np.float64(54893.03022163494), np.float64(54891.98751497984), np.float64(54948.87258854278), np.float64(54940.97635653258), np.float64(54895.32760473251), np.float64(54943.76949608421), np.float64(54912.18225479521), np.float64(54870.557896114326), np.float64(54822.850863647465), np.float64(54828.46902805971), np.float64(54816.74078004122), np.float64(54816.74078004122), np.float64(54738.77337285042), np.float64(54743.77387135959), np.float64(54721.065994208795), np.float64(54763.11944249153), np.float64(54765.68049331676), np.float64(54673.22092195324), np.float64(54707.89285558278), np.float64(54709.50286616048), np.float64(54722.28136869503)]","[np.float64(55011.96044309616), np.float64(55011.66388332316), np.float64(54978.89256296158), np.float64(54914.74550632238), np.float64(54910.12408430692), np.float64(54865.75548556677), np.float64(54865.76104318858), np.float64(54867.05396454096), np.float64(54850.37590679363), np.float64(54869.38109419823), np.float64(54861.83209088865), np.float64(54856.92963184893), np.float64(54872.893358836176), np.float64(54881.39524563785), np.float64(54868.27374054194), np.float64(54721.74399813074), np.float64(54763.21517166068), np.float64(54684.04972410023), np.float64(54754.075550893955), np.float64(54666.105655434134), np.float64(54666.08901939234), np.float64(54643.419465799096), np.float64(54689.55819582395), np.float64(54694.28774561948), np.float64(54655.5626144152), np.float64(54650.39745726859), np.float64(54651.084972025485), np.float64(54682.21908742844), np.float64(54642.101642756184)]","[np.float64(55011.96044309616), np.float64(55048.39893313885), np.float64(54978.89256296158), np.float64(54914.74550632238), np.float64(54963.09316705704), np.float64(54865.76104318858), np.float64(54997.52299303055), np.float64(54867.05396454096), np.float64(54891.98751497984), np.float64(54869.38109419823), np.float64(54940.97635653258), np.float64(54872.893358836176), np.float64(54895.32760473251), np.float64(54896.32356626034), np.float64(54868.27374054194), np.float64(54766.98597273111), np.float64(54822.850863647465), np.float64(54754.088438355924), np.float64(54816.74078004122), np.float64(54666.105655434134), np.float64(54738.77337285042), np.float64(54689.56728445292), np.float64(54721.0526237011), np.float64(54763.11944249153), np.float64(54656.268764662746), np.float64(54651.09604903698), np.float64(54707.887361886504), np.float64(54709.49475673914), np.float64(54647.25295621634)]"
462,"[np.float64(55114.56778910399), np.float64(55104.107875075344), np.float64(55071.41203177214), np.float64(55042.70338278294), np.float64(55006.69436412573), np.float64(55031.62083182812), np.float64(54939.730310018065), np.float64(54935.38215369701), np.float64(54944.038159129625), np.float64(54923.679155025486), np.float64(54925.51062190533), np.float64(54928.08384446144), np.float64(54935.04437155485), np.float64(54927.81933644772), np.float64(54880.17647238255), np.float64(54883.648429811), np.float64(54863.78946690321), np.float64(54857.54339475632), np.float64(54799.594891541004), np.float64(54772.64688206673), np.float64(54762.203193943504), np.float64(54696.69638067484), np.float64(54699.799005589484), np.float64(54680.78945595265), np.float64(54729.531818275456), np.float64(54672.61533415556), np.float64(54664.04174602032), np.float64(54616.4247661376), np.float64(54622.660922453404)]","[np.float64(55114.56778910399), np.float64(55125.28544223717), np.float64(55071.41203177214), np.float64(55059.29964035446), np.float64(55031.62636307314), np.float64(55031.62083182812), np.float64(54957.50874016137), np.float64(54948.96654710587), np.float64(54954.61199820955), np.float64(54939.94244500414), np.float64(54928.08384446144), np.float64(54935.05689036291), np.float64(54944.728561654105), np.float64(54927.81933644772), np.float64(54911.41955309523), np.float64(54883.660196413766), np.float64(54906.10402101727), np.float64(54857.54339475632), np.float64(54815.69367933654), np.float64(54776.57582497767), np.float64(54762.203193943504), np.float64(54712.5000451677), np.float64(54707.86605292293), np.float64(54729.546685315734), np.float64(54735.26601960237), np.float64(54672.61533415556), np.float64(54664.04174602032), np.float64(54674.30127378235), np.float64(54625.92937028338)]","[np.float64(55095.88569522741), np.float64(55071.40269158669), np.float64(55042.70338278294), np.float64(55003.700042772805), np.float64(55006.69436412573), np.float64(54921.60257902469), np.float64(54935.38215369701), np.float64(54926.4583569448), np.float64(54919.95865275003), np.float64(54923.67042034851), np.float64(54925.51062190533), np.float64(54908.80539301906), np.float64(54924.26138781824), np.float64(54879.16571411859), np.float64(54873.05840622757), np.float64(54859.3375926502), np.float64(54843.89094523495), np.float64(54799.56879757393), np.float64(54732.879096980956), np.float64(54762.19700557134), np.float64(54675.45817539642), np.float64(54696.69638067484), np.float64(54661.48687391496), np.float64(54670.995777135424), np.float64(54664.379493072935), np.float64(54664.03332443952), np.float64(54594.776013015144), np.float64(54616.4247661376), np.float64(54600.98611100935)]","[np.float64(55104.107875075344), np.float64(55071.41203177214), np.float64(55042.70338278294), np.float64(55006.69436412573), np.float64(55031.62083182812), np.float64(54939.730310018065), np.float64(54935.38215369701), np.float64(54944.038159129625), np.float64(54923.679155025486), np.float64(54925.51062190533), np.float64(54928.08384446144), np.float64(54935.04437155485), np.float64(54927.81933644772), np.float64(54880.17647238255), np.float64(54883.648429811), np.float64(54863.78946690321), np.float64(54857.54339475632), np.float64(54799.594891541004), np.float64(54772.64688206673), np.float64(54762.203193943504), np.float64(54696.69638067484), np.float64(54699.799005589484), np.float64(54680.78945595265), np.float64(54729.531818275456), np.float64(54672.61533415556), np.float64(54664.04174602032), np.float64(54616.4247661376), np.float64(54622.660922453404), np.float64(54617.2378642869)]"
463,"[np.float64(55019.676505007745), np.float64(55061.40979129791), np.float64(54995.06721512318), np.float64(54887.0930865097), np.float64(54911.576174907685), np.float64(54939.80899278164), np.float64(54836.31475938797), np.float64(54827.97284112454), np.float64(54796.40160759926), np.float64(54753.827793653014), np.float64(54794.310268678666), np.float64(54826.262424650195), np.float64(54773.46912338495), np.float64(54766.69892873764), np.float64(54688.27346166134), np.float64(54647.292104432585), np.float64(54653.23825488329), np.float64(54635.783301517964), np.float64(54567.09093092918), np.float64(54556.74859032631), np.float64(54574.66340645552), np.float64(54534.95604035616), np.float64(54491.00701653719), np.float64(54398.43333259821), np.float64(54444.24563122272), np.float64(54485.32073812723), np.float64(54394.30963463545), np.float64(54260.98896765709), np.float64(54298.9707215929)]","[np.float64(55061.40979129791), np.float64(55096.276526696056), np.float64(54995.06721512318), np.float64(54949.11421887408), np.float64(54946.86498916352), np.float64(54939.80899278164), np.float64(54849.37327489076), np.float64(54827.97284112454), np.float64(54817.845068524), np.float64(54805.75643955941), np.float64(54826.262424650195), np.float64(54848.2163215453), np.float64(54773.477590120914), np.float64(54771.6346289418), np.float64(54688.292067537295), np.float64(54655.803411208944), np.float64(54716.975384245336), np.float64(54635.783301517964), np.float64(54601.059580494104), np.float64(54574.67635114798), np.float64(54574.675092799516), np.float64(54578.789950405895), np.float64(54491.00701653719), np.float64(54450.34014913253), np.float64(54487.596480686276), np.float64(54485.32073812723), np.float64(54394.30963463545), np.float64(54342.065756027936), np.float64(54317.46779511706)]","[np.float64(55011.801302153326), np.float64(54995.05015826428), np.float64(54879.219033526024), np.float64(54887.08458482046), np.float64(54911.576174907685), np.float64(54832.72517585814), np.float64(54779.587571599484), np.float64(54790.899058765535), np.float64(54747.02739518746), np.float64(54750.65604694299), np.float64(54787.15697997072), np.float64(54773.457803706566), np.float64(54723.03511885107), np.float64(54688.25987883264), np.float64(54624.19773592832), np.float64(54631.833122524404), np.float64(54635.67448714938), np.float64(54528.971832415016), np.float64(54542.938899357316), np.float64(54543.58927833294), np.float64(54525.98521363862), np.float64(54490.99551732706), np.float64(54394.96446812612), np.float64(54382.71466465374), np.float64(54438.63223204404), np.float64(54361.264915480875), np.float64(54234.29161695936), np.float64(54259.00409055398), np.float64(54291.28019126567)]","[np.float64(55061.40979129791), np.float64(54995.06721512318), np.float64(54887.0930865097), np.float64(54911.576174907685), np.float64(54939.80899278164), np.float64(54836.31475938797), np.float64(54827.97284112454), np.float64(54796.40160759926), np.float64(54753.827793653014), np.float64(54794.310268678666), np.float64(54826.262424650195), np.float64(54773.46912338495), np.float64(54766.69892873764), np.float64(54688.27346166134), np.float64(54647.292104432585), np.float64(54653.23825488329), np.float64(54635.783301517964), np.float64(54567.09093092918), np.float64(54556.74859032631), np.float64(54574.66340645552), np.float64(54534.95604035616), np.float64(54491.00701653719), np.float64(54398.43333259821), np.float64(54444.24563122272), np.float64(54485.32073812723), np.float64(54394.30963463545), np.float64(54260.98896765709), np.float64(54298.9707215929), np.float64(54314.590215990545)]"
464,"[np.float64(55176.53014347792), np.float64(55113.10552596093), np.float64(55133.825749626165), np.float64(55105.19604095459), np.float64(55093.676935877804), np.float64(55062.16210669041), np.float64(54986.90674369097), np.float64(55072.56188184738), np.float64(54995.817083752154), np.float64(54984.10223759413), np.float64(54895.77806677342), np.float64(54944.682044265275), np.float64(54886.31424304962), np.float64(54927.46880537987), np.float64(54918.39414583206), np.float64(54858.00312874317), np.float64(54812.095535118584), np.float64(54868.759229934214), np.float64(54825.630644555094), np.float64(54725.9165320158), np.float64(54718.64694005728), np.float64(54727.21563466549), np.float64(54679.79233543158), np.float64(54667.39690268517), np.float64(54679.80482680321), np.float64(54646.742355303766), np.float64(54614.973835372926), np.float64(54615.38991394758), np.float64(54545.62032352686)]","[np.float64(55187.37269383093), np.float64(55209.868723092535), np.float64(55143.275870484904), np.float64(55116.666559045094), np.float64(55103.91983960588), np.float64(55075.41030734815), np.float64(55094.906536502516), np.float64(55096.61167079532), np.float64(55003.81499895445), np.float64(55033.426599130944), np.float64(54949.67483863145), np.float64(55000.30782719208), np.float64(54932.93617641979), np.float64(54964.93471812358), np.float64(54928.7792277571), np.float64(54899.04185249885), np.float64(54887.22756769256), np.float64(54894.801198108784), np.float64(54846.836624809184), np.float64(54747.70061332321), np.float64(54747.09813093028), np.float64(54743.55735084793), np.float64(54691.211903099604), np.float64(54683.74298485473), np.float64(54712.09505118405), np.float64(54651.024469262826), np.float64(54652.66779693811), np.float64(54632.08565583262), np.float64(54566.42158216013)]","[np.float64(55113.10552596093), np.float64(55107.66153548714), np.float64(55079.92720096043), np.float64(55093.676935877804), np.float64(55039.210980079086), np.float64(54972.09862064716), np.float64(54979.303214845066), np.float64(54968.82788425171), np.float64(54962.807446144914), np.float64(54860.6352490536), np.float64(54895.76451519982), np.float64(54869.26047224492), np.float64(54884.03242588345), np.float64(54900.47675457285), np.float64(54840.94584033432), np.float64(54790.34672771259), np.float64(54801.80926752307), np.float64(54801.75882413243), np.float64(54713.19890592269), np.float64(54697.18410487654), np.float64(54698.71191905368), np.float64(54661.91877360389), np.float64(54664.755376979345), np.float64(54604.08282044568), np.float64(54637.94401656421), np.float64(54581.152120781), np.float64(54577.34181555301), np.float64(54495.40845149017), np.float64(54526.79032507329)]","[np.float64(55113.10552596093), np.float64(55133.825749626165), np.float64(55105.19604095459), np.float64(55093.676935877804), np.float64(55062.16210669041), np.float64(54986.90674369097), np.float64(55072.56188184738), np.float64(54995.817083752154), np.float64(54984.10223759413), np.float64(54895.77806677342), np.float64(54944.682044265275), np.float64(54886.31424304962), np.float64(54927.46880537987), np.float64(54918.39414583206), np.float64(54858.00312874317), np.float64(54812.095535118584), np.float64(54868.759229934214), np.float64(54825.630644555094), np.float64(54725.9165320158), np.float64(54718.64694005728), np.float64(54727.21563466549), np.float64(54679.79233543158), np.float64(54667.39690268517), np.float64(54679.80482680321), np.float64(54646.742355303766), np.float64(54614.973835372926), np.float64(54615.38991394758), np.float64(54545.62032352686), np.float64(54531.198713035585)]"
465,"[np.float64(55091.494422822), np.float64(55061.69773673058), np.float64(55080.103322110175), np.float64(55070.88881071091), np.float64(55071.85206287384), np.float64(55060.302180087565), np.float64(55002.03006020308), np.float64(54983.264543032645), np.float64(54915.628401620386), np.float64(54936.04239351511), np.float64(54923.71933345795), np.float64(54996.336055171494), np.float64(54916.29791338444), np.float64(54952.94553731919), np.float64(54929.659560165404), np.float64(54888.20172793627), np.float64(54873.76479297876), np.float64(54901.397767460345), np.float64(54861.29466955662), np.float64(54877.250014441015), np.float64(54798.608201959134), np.float64(54830.98094370127), np.float64(54824.3087483716), np.float64(54769.60040393591), np.float64(54778.97086431504), np.float64(54707.11817670346), np.float64(54660.841508119105), np.float64(54662.39146841765), np.float64(54685.53218508482)]","[np.float64(55091.494422822), np.float64(55102.42748226657), np.float64(55080.11566379574), np.float64(55074.667797178314), np.float64(55088.04823427359), np.float64(55068.62377390188), np.float64(55010.38051854404), np.float64(54983.27946464984), np.float64(55056.63727330181), np.float64(54948.99641956802), np.float64(55008.897632955566), np.float64(54996.344935950496), np.float64(54980.28330111616), np.float64(55001.88570063941), np.float64(54929.659560165404), np.float64(54935.883748745015), np.float64(54913.35602741489), np.float64(54908.72951607241), np.float64(54891.13785348634), np.float64(54877.265783906856), np.float64(54863.35447816987), np.float64(54834.187069073465), np.float64(54887.42679473933), np.float64(54791.033759066195), np.float64(54791.93170317176), np.float64(54711.8447018987), np.float64(54698.29962996983), np.float64(54687.814173782645), np.float64(54746.65560635044)]","[np.float64(55055.37055450314), np.float64(55048.293046946754), np.float64(55052.05491704655), np.float64(55043.782135036716), np.float64(55052.33482936944), np.float64(54933.734725424474), np.float64(54980.330564758515), np.float64(54904.82963887693), np.float64(54896.69375509109), np.float64(54916.37528770391), np.float64(54917.39967640462), np.float64(54911.69216244163), np.float64(54916.288612047116), np.float64(54900.27564425906), np.float64(54854.957793082925), np.float64(54854.14511122572), np.float64(54853.80603070296), np.float64(54827.51038742409), np.float64(54848.51606371851), np.float64(54780.20745012556), np.float64(54777.90584657624), np.float64(54824.3087483716), np.float64(54720.3437343137), np.float64(54750.69144296971), np.float64(54704.506279056084), np.float64(54629.66985599427), np.float64(54653.990500619395), np.float64(54645.78127161651), np.float64(54663.27797327891)]","[np.float64(55061.69773673058), np.float64(55080.103322110175), np.float64(55070.88881071091), np.float64(55071.85206287384), np.float64(55060.302180087565), np.float64(55002.03006020308), np.float64(54983.264543032645), np.float64(54915.628401620386), np.float64(54936.04239351511), np.float64(54923.71933345795), np.float64(54996.336055171494), np.float64(54916.29791338444), np.float64(54952.94553731919), np.float64(54929.659560165404), np.float64(54888.20172793627), np.float64(54873.76479297876), np.float64(54901.397767460345), np.float64(54861.29466955662), np.float64(54877.250014441015), np.float64(54798.608201959134), np.float64(54830.98094370127), np.float64(54824.3087483716), np.float64(54769.60040393591), np.float64(54778.97086431504), np.float64(54707.11817670346), np.float64(54660.841508119105), np.float64(54662.39146841765), np.float64(54685.53218508482), np.float64(54721.78111534357)]"
466,"[np.float64(55174.23404908419), np.float64(55087.830458846096), np.float64(55144.283989553456), np.float64(55156.15439836025), np.float64(55067.567007296086), np.float64(55078.23644154787), np.float64(55014.22202524662), np.float64(54824.77157300711), np.float64(55025.49503742457), np.float64(54955.034944584375), np.float64(54928.01662285328), np.float64(54892.65264832497), np.float64(54929.455448577406), np.float64(54953.44931304932), np.float64(54814.17386755943), np.float64(55003.25369951487), np.float64(54901.37896601439), np.float64(54849.40545930386), np.float64(54688.439970357416), np.float64(54732.91620732546), np.float64(54683.157536704544), np.float64(54581.76996669769), np.float64(54608.620620739464), np.float64(54562.49050041199), np.float64(54666.72674703598), np.float64(54578.828699398044), np.float64(54449.335929551125), np.float64(54416.62514811278), np.float64(54363.17933365107)]","[np.float64(55174.2427630779), np.float64(55144.29996607838), np.float64(55169.16783261148), np.float64(55156.15439836025), np.float64(55087.36263262875), np.float64(55127.55131009354), np.float64(55014.22202524662), np.float64(55025.49503742457), np.float64(55025.49503742457), np.float64(54955.04717413946), np.float64(54943.51583876074), np.float64(54929.455448577406), np.float64(54998.61664173456), np.float64(54953.45852113077), np.float64(55036.52684683467), np.float64(55003.26532778523), np.float64(54902.299953325004), np.float64(54859.71593914772), np.float64(54756.42301621685), np.float64(54758.690587768106), np.float64(54685.72119476943), np.float64(54618.99373577894), np.float64(54608.620620739464), np.float64(54727.3941762163), np.float64(54678.61117879164), np.float64(54591.07829434536), np.float64(54459.463235035546), np.float64(54459.51737751721), np.float64(54368.14792269805)]","[np.float64(55087.82243689493), np.float64(55075.654114249475), np.float64(55144.283989553456), np.float64(55067.567007296086), np.float64(55059.52582803184), np.float64(55014.22202524662), np.float64(54798.257698652655), np.float64(54810.49137825873), np.float64(54945.62287105449), np.float64(54928.000347431655), np.float64(54883.46165989971), np.float64(54891.589065231594), np.float64(54923.96454710402), np.float64(54814.157950539906), np.float64(54804.70002098451), np.float64(54895.90375944415), np.float64(54841.46221603517), np.float64(54688.439970357416), np.float64(54600.2483918037), np.float64(54679.56592549384), np.float64(54502.644627960304), np.float64(54541.01528039513), np.float64(54559.49927611219), np.float64(54557.373385082916), np.float64(54518.34050364528), np.float64(54449.335929551125), np.float64(54363.28258012076), np.float64(54359.99114279669), np.float64(54241.23862087788)]","[np.float64(55087.830458846096), np.float64(55144.283989553456), np.float64(55156.15439836025), np.float64(55067.567007296086), np.float64(55078.23644154787), np.float64(55014.22202524662), np.float64(54824.77157300711), np.float64(55025.49503742457), np.float64(54955.034944584375), np.float64(54928.01662285328), np.float64(54892.65264832497), np.float64(54929.455448577406), np.float64(54953.44931304932), np.float64(54814.17386755943), np.float64(55003.25369951487), np.float64(54901.37896601439), np.float64(54849.40545930386), np.float64(54688.439970357416), np.float64(54732.91620732546), np.float64(54683.157536704544), np.float64(54581.76996669769), np.float64(54608.620620739464), np.float64(54562.49050041199), np.float64(54666.72674703598), np.float64(54578.828699398044), np.float64(54449.335929551125), np.float64(54416.62514811278), np.float64(54363.17933365107), np.float64(54275.18650612116)]"
467,"[np.float64(55082.864430348876), np.float64(55099.42631503105), np.float64(55031.577949078084), np.float64(55039.61711255074), np.float64(54890.682617363935), np.float64(55080.29571498871), np.float64(54966.63595185042), np.float64(54900.664382290845), np.float64(54967.60950617552), np.float64(54956.133283848765), np.float64(54912.03281824589), np.float64(54931.516138565545), np.float64(54827.39450349569), np.float64(54929.476954340935), np.float64(54834.00527218342), np.float64(54928.55066118479), np.float64(54812.43795323372), np.float64(54840.60432216168), np.float64(54713.55857338429), np.float64(54792.56907449484), np.float64(54658.14427328587), np.float64(54672.59331328392), np.float64(54682.84370708943), np.float64(54490.87089921952), np.float64(54841.28143177032), np.float64(54560.439983808996), np.float64(54469.06147945881), np.float64(54562.32978668213), np.float64(54428.89747002125)]","[np.float64(55099.42631503105), np.float64(55104.25526658363), np.float64(55042.977752276216), np.float64(55039.61711255074), np.float64(55080.307634684425), np.float64(55144.92524852359), np.float64(54966.63595185042), np.float64(54978.70113945367), np.float64(54967.60950617552), np.float64(54959.36683188104), np.float64(54940.36944403451), np.float64(54931.516138565545), np.float64(54955.729419744566), np.float64(54931.979497217304), np.float64(54944.980922298804), np.float64(54939.37214713567), np.float64(54840.60432216168), np.float64(54852.04999650331), np.float64(54822.67128883559), np.float64(54797.153653087546), np.float64(54712.47982676617), np.float64(54682.98964281184), np.float64(54682.85217842424), np.float64(54891.03327948207), np.float64(54841.28143177032), np.float64(54560.5210544518), np.float64(54584.06734580684), np.float64(54591.22592743648), np.float64(54447.310859974175)]","[np.float64(55071.37637877408), np.float64(55026.05473273898), np.float64(55031.577949078084), np.float64(54874.14042633273), np.float64(54885.62748319163), np.float64(54965.449172811444), np.float64(54895.12242410106), np.float64(54893.839262883186), np.float64(54921.70627517425), np.float64(54910.63628618041), np.float64(54912.03281824589), np.float64(54827.385248481136), np.float64(54827.39450349569), np.float64(54833.99676539577), np.float64(54804.99330753123), np.float64(54806.660457575075), np.float64(54803.10934069426), np.float64(54703.86633188095), np.float64(54704.11113932398), np.float64(54656.80832630578), np.float64(54638.84625451564), np.float64(54647.57000745278), np.float64(54481.363612116205), np.float64(54476.037648129226), np.float64(54495.66728262155), np.float64(54469.06147945881), np.float64(54460.01295730568), np.float64(54424.43099797645), np.float64(54217.2469621547)]","[np.float64(55099.42631503105), np.float64(55031.577949078084), np.float64(55039.61711255074), np.float64(54890.682617363935), np.float64(55080.29571498871), np.float64(54966.63595185042), np.float64(54900.664382290845), np.float64(54967.60950617552), np.float64(54956.133283848765), np.float64(54912.03281824589), np.float64(54931.516138565545), np.float64(54827.39450349569), np.float64(54929.476954340935), np.float64(54834.00527218342), np.float64(54928.55066118479), np.float64(54812.43795323372), np.float64(54840.60432216168), np.float64(54713.55857338429), np.float64(54792.56907449484), np.float64(54658.14427328587), np.float64(54672.59331328392), np.float64(54682.84370708943), np.float64(54490.87089921952), np.float64(54841.28143177032), np.float64(54560.439983808996), np.float64(54469.06147945881), np.float64(54562.32978668213), np.float64(54428.89747002125), np.float64(54256.85638407946)]"
468,"[np.float64(55049.62128468037), np.float64(55033.097904329305), np.float64(54981.3618624568), np.float64(54995.93182408333), np.float64(54968.79515626431), np.float64(54928.50005181313), np.float64(54954.02211326599), np.float64(54921.97723783493), np.float64(54935.653744447234), np.float64(54942.88405941248), np.float64(54939.97537270069), np.float64(54877.87419669151), np.float64(54845.92229827404), np.float64(54812.35347550392), np.float64(54849.957655196195), np.float64(54799.35304828406), np.float64(54792.07869157553), np.float64(54749.01153283835), np.float64(54734.02214443445), np.float64(54671.54635605335), np.float64(54619.932137248514), np.float64(54577.86248536348), np.float64(54575.01419507742), np.float64(54658.573873448375), np.float64(54606.773056731225), np.float64(54530.47344081879), np.float64(54549.24462417841), np.float64(54462.689720933435), np.float64(54384.083966019156)]","[np.float64(55049.62128468037), np.float64(55039.483719283395), np.float64(54995.93182408333), np.float64(55018.58980501794), np.float64(54968.80430940637), np.float64(54976.0690450112), np.float64(54954.032834374935), np.float64(54951.35422592217), np.float64(54943.50944223307), np.float64(54965.25188970952), np.float64(54939.97537270069), np.float64(54881.43639963267), np.float64(54845.9315476656), np.float64(54849.957655196195), np.float64(54863.20429856964), np.float64(54799.364343713176), np.float64(54816.87591672684), np.float64(54749.01153283835), np.float64(54748.42745098003), np.float64(54679.99283002429), np.float64(54619.932137248514), np.float64(54595.50438971135), np.float64(54658.58233991279), np.float64(54665.85747354368), np.float64(54606.773056731225), np.float64(54549.24462417841), np.float64(54549.24462417841), np.float64(54569.750861754575), np.float64(54384.10065597221)]","[np.float64(55004.89568335219), np.float64(54981.35264488804), np.float64(54971.40346969928), np.float64(54964.80140227171), np.float64(54928.494533256075), np.float64(54928.492033818926), np.float64(54913.16232418689), np.float64(54917.04504777316), np.float64(54932.24389917403), np.float64(54939.96684456696), np.float64(54877.87419669151), np.float64(54825.654469175046), np.float64(54799.85509388741), np.float64(54811.058663517906), np.float64(54797.564304626496), np.float64(54775.094890076085), np.float64(54742.20800690243), np.float64(54734.010247350125), np.float64(54633.41485752882), np.float64(54619.932137248514), np.float64(54552.61988592667), np.float64(54563.066729070684), np.float64(54554.58598565037), np.float64(54598.22934656592), np.float64(54522.544889739984), np.float64(54521.15105370562), np.float64(54449.85132092208), np.float64(54384.083966019156), np.float64(54340.08954792843)]","[np.float64(55033.097904329305), np.float64(54981.3618624568), np.float64(54995.93182408333), np.float64(54968.79515626431), np.float64(54928.50005181313), np.float64(54954.02211326599), np.float64(54921.97723783493), np.float64(54935.653744447234), np.float64(54942.88405941248), np.float64(54939.97537270069), np.float64(54877.87419669151), np.float64(54845.92229827404), np.float64(54812.35347550392), np.float64(54849.957655196195), np.float64(54799.35304828406), np.float64(54792.07869157553), np.float64(54749.01153283835), np.float64(54734.02214443445), np.float64(54671.54635605335), np.float64(54619.932137248514), np.float64(54577.86248536348), np.float64(54575.01419507742), np.float64(54658.573873448375), np.float64(54606.773056731225), np.float64(54530.47344081879), np.float64(54549.24462417841), np.float64(54462.689720933435), np.float64(54384.083966019156), np.float64(54356.78181972027)]"
469,"[np.float64(55053.24223712921), np.float64(55059.98139651299), np.float64(55046.631082110405), np.float64(55038.01976230621), np.float64(55014.03001869917), np.float64(54982.46380747795), np.float64(54992.11371400595), np.float64(54976.93875790596), np.float64(54948.244789497854), np.float64(54940.78344854593), np.float64(54911.24805104256), np.float64(54909.96736350775), np.float64(54887.83226664543), np.float64(54883.153282141684), np.float64(54912.53710908413), np.float64(54861.96546909094), np.float64(54823.33854224921), np.float64(54803.98116586208), np.float64(54831.326967573164), np.float64(54820.10932951689), np.float64(54812.26474813223), np.float64(54818.498586461545), np.float64(54772.34335461378), np.float64(54732.12641781807), np.float64(54743.98420647621), np.float64(54718.44939609766), np.float64(54628.50945991755), np.float64(54626.951257889275), np.float64(54641.76164622545)]","[np.float64(55059.98139651299), np.float64(55059.98139651299), np.float64(55068.22223936805), np.float64(55038.01976230621), np.float64(55023.396311227996), np.float64(54992.11371400595), np.float64(55004.07464302428), np.float64(54976.93875790596), np.float64(54973.88016804339), np.float64(54940.78344854593), np.float64(54933.79206075745), np.float64(54909.96736350775), np.float64(54909.628087859215), np.float64(54912.54562278864), np.float64(54942.090630481325), np.float64(54861.96546909094), np.float64(54823.33854224921), np.float64(54832.511835224956), np.float64(54831.326967573164), np.float64(54820.10932951689), np.float64(54827.59982397995), np.float64(54818.498586461545), np.float64(54775.2222304235), np.float64(54755.39110035589), np.float64(54743.98420647621), np.float64(54718.456841504965), np.float64(54628.50945991755), np.float64(54645.07156068502), np.float64(54656.130807438225)]","[np.float64(55053.24223712921), np.float64(55012.380728775395), np.float64(55038.01976230621), np.float64(54995.64418394326), np.float64(54979.17597774736), np.float64(54982.46380747795), np.float64(54971.78097082719), np.float64(54948.244789497854), np.float64(54922.806111370875), np.float64(54911.24805104256), np.float64(54909.96736350775), np.float64(54868.52081550642), np.float64(54883.153282141684), np.float64(54869.46001948052), np.float64(54861.96546909094), np.float64(54805.037770695475), np.float64(54803.98116586208), np.float64(54762.73853746898), np.float64(54820.10932951689), np.float64(54787.85901533971), np.float64(54812.26474813223), np.float64(54752.1060175468), np.float64(54728.500280574335), np.float64(54702.60894052714), np.float64(54718.44939609766), np.float64(54603.56663244692), np.float64(54626.951257889275), np.float64(54626.93863145986), np.float64(54617.90084647881)]","[np.float64(55059.98139651299), np.float64(55046.631082110405), np.float64(55038.01976230621), np.float64(55014.03001869917), np.float64(54982.46380747795), np.float64(54992.11371400595), np.float64(54976.93875790596), np.float64(54948.244789497854), np.float64(54940.78344854593), np.float64(54911.24805104256), np.float64(54909.96736350775), np.float64(54887.83226664543), np.float64(54883.153282141684), np.float64(54912.53710908413), np.float64(54861.96546909094), np.float64(54823.33854224921), np.float64(54803.98116586208), np.float64(54831.326967573164), np.float64(54820.10932951689), np.float64(54812.26474813223), np.float64(54818.498586461545), np.float64(54772.34335461378), np.float64(54732.12641781807), np.float64(54743.98420647621), np.float64(54718.44939609766), np.float64(54628.50945991755), np.float64(54626.951257889275), np.float64(54641.76164622545), np.float64(54656.12015597343)]"
470,"[np.float64(55106.97355026007), np.float64(55091.199523429874), np.float64(55088.26997483969), np.float64(55053.81864310265), np.float64(55037.50001822472), np.float64(55000.15609690428), np.float64(54954.01837873221), np.float64(54922.80733455181), np.float64(54915.36724180937), np.float64(54937.97636690855), np.float64(54916.25670473576), np.float64(54917.904149243834), np.float64(54929.98832791567), np.float64(54887.397257847784), np.float64(54871.57648495674), np.float64(54859.76647257567), np.float64(54810.30411789417), np.float64(54788.31672828198), np.float64(54769.73458959818), np.float64(54741.77091571093), np.float64(54692.017782502175), np.float64(54711.80256984234), np.float64(54667.266709110736), np.float64(54692.83783461094), np.float64(54637.85467999935), np.float64(54619.693642194274), np.float64(54609.2203353548), np.float64(54580.958156318666), np.float64(54584.42972741604)]","[np.float64(55124.30043520677), np.float64(55091.199523429874), np.float64(55112.08511846023), np.float64(55053.81864310265), np.float64(55049.49983028326), np.float64(55000.608392488), np.float64(54962.50331077223), np.float64(54922.80733455181), np.float64(54985.954724491115), np.float64(54937.97636690855), np.float64(54948.45918215395), np.float64(54929.98832791567), np.float64(54943.17892213369), np.float64(54890.18351774365), np.float64(54877.59540628015), np.float64(54874.36597095307), np.float64(54810.30411789417), np.float64(54829.51930945627), np.float64(54769.73458959818), np.float64(54747.78175356673), np.float64(54724.58724965175), np.float64(54721.89934768367), np.float64(54701.3667778937), np.float64(54710.90154430009), np.float64(54637.85467999935), np.float64(54654.28787043839), np.float64(54609.2203353548), np.float64(54633.955746746215), np.float64(54593.56436789044)]","[np.float64(55091.19398727467), np.float64(55057.72871733199), np.float64(55053.81864310265), np.float64(55022.48092516841), np.float64(54989.24340600523), np.float64(54954.01837873221), np.float64(54910.091036814534), np.float64(54915.36724180937), np.float64(54893.002881154905), np.float64(54914.54425802103), np.float64(54911.886108496816), np.float64(54905.903135548615), np.float64(54887.397257847784), np.float64(54854.75282239482), np.float64(54854.77014648999), np.float64(54786.44148531278), np.float64(54787.06037765448), np.float64(54750.75778122594), np.float64(54741.757820195715), np.float64(54671.4613037664), np.float64(54689.76136242932), np.float64(54639.79388959057), np.float64(54665.04536609756), np.float64(54593.15362660589), np.float64(54619.68815575676), np.float64(54592.014509517554), np.float64(54580.958156318666), np.float64(54559.35699392682), np.float64(54572.38745269081)]","[np.float64(55091.199523429874), np.float64(55088.26997483969), np.float64(55053.81864310265), np.float64(55037.50001822472), np.float64(55000.15609690428), np.float64(54954.01837873221), np.float64(54922.80733455181), np.float64(54915.36724180937), np.float64(54937.97636690855), np.float64(54916.25670473576), np.float64(54917.904149243834), np.float64(54929.98832791567), np.float64(54887.397257847784), np.float64(54871.57648495674), np.float64(54859.76647257567), np.float64(54810.30411789417), np.float64(54788.31672828198), np.float64(54769.73458959818), np.float64(54741.77091571093), np.float64(54692.017782502175), np.float64(54711.80256984234), np.float64(54667.266709110736), np.float64(54692.83783461094), np.float64(54637.85467999935), np.float64(54619.693642194274), np.float64(54609.2203353548), np.float64(54580.958156318666), np.float64(54584.42972741604), np.float64(54593.55087547064)]"
471,"[np.float64(55139.38891719819), np.float64(55152.470860276226), np.float64(55090.28597919941), np.float64(55102.99704443932), np.float64(55115.10723607064), np.float64(55111.20400437832), np.float64(55031.935949213505), np.float64(54985.92250087261), np.float64(54966.36603520155), np.float64(54996.62103873253), np.float64(54964.951934666635), np.float64(54933.22462338448), np.float64(54965.27915709258), np.float64(54941.12200335026), np.float64(54885.08892963648), np.float64(54902.184079988), np.float64(54879.8155103755), np.float64(54829.33169631481), np.float64(54764.528649499414), np.float64(54774.10747110844), np.float64(54735.728053712846), np.float64(54684.391735732555), np.float64(54683.83361609698), np.float64(54694.54747842312), np.float64(54691.674978055955), np.float64(54705.97734102011), np.float64(54687.205771329405), np.float64(54581.85148255587), np.float64(54534.81734749794)]","[np.float64(55154.193660764), np.float64(55152.470860276226), np.float64(55116.04557150445), np.float64(55115.10723607064), np.float64(55123.66056257029), np.float64(55111.20400437832), np.float64(55048.34072827494), np.float64(54985.92250087261), np.float64(55008.73434075405), np.float64(55004.77548385297), np.float64(54977.904524636564), np.float64(54965.27915709258), np.float64(54974.77258072107), np.float64(54944.684774826615), np.float64(54915.8125046085), np.float64(54902.184079988), np.float64(54898.773880200475), np.float64(54834.054915898894), np.float64(54774.10747110844), np.float64(54800.817518470285), np.float64(54735.728053712846), np.float64(54686.6251365394), np.float64(54738.62267881024), np.float64(54694.55670239605), np.float64(54708.59988861702), np.float64(54705.990987937745), np.float64(54720.760007100886), np.float64(54581.85148255587), np.float64(54567.1016058952)]","[np.float64(55139.38891719819), np.float64(55073.06284031325), np.float64(55090.27517257789), np.float64(55102.99704443932), np.float64(55091.12436140777), np.float64(55031.935949213505), np.float64(54973.24425875528), np.float64(54966.35110764857), np.float64(54951.65341652248), np.float64(54964.951934666635), np.float64(54921.75549413339), np.float64(54930.46275347961), np.float64(54939.460129538595), np.float64(54874.11138641909), np.float64(54878.02334966923), np.float64(54857.17852276201), np.float64(54829.33169631481), np.float64(54740.13970141564), np.float64(54758.86847856653), np.float64(54708.74506183017), np.float64(54681.7506719379), np.float64(54627.17574302373), np.float64(54680.31575380215), np.float64(54672.491799798074), np.float64(54691.674978055955), np.float64(54659.95837194632), np.float64(54581.85148255587), np.float64(54523.86971511773), np.float64(54525.7498534033)]","[np.float64(55152.470860276226), np.float64(55090.28597919941), np.float64(55102.99704443932), np.float64(55115.10723607064), np.float64(55111.20400437832), np.float64(55031.935949213505), np.float64(54985.92250087261), np.float64(54966.36603520155), np.float64(54996.62103873253), np.float64(54964.951934666635), np.float64(54933.22462338448), np.float64(54965.27915709258), np.float64(54941.12200335026), np.float64(54885.08892963648), np.float64(54902.184079988), np.float64(54879.8155103755), np.float64(54829.33169631481), np.float64(54764.528649499414), np.float64(54774.10747110844), np.float64(54735.728053712846), np.float64(54684.391735732555), np.float64(54683.83361609698), np.float64(54694.54747842312), np.float64(54691.674978055955), np.float64(54705.97734102011), np.float64(54687.205771329405), np.float64(54581.85148255587), np.float64(54534.81734749794), np.float64(54550.857942774295)]"
472,"[np.float64(54982.109541876314), np.float64(54976.586423959736), np.float64(54939.93764103174), np.float64(54960.910654001236), np.float64(54928.48691655636), np.float64(54900.21392024994), np.float64(54905.30048404455), np.float64(54824.245390074255), np.float64(54835.100005691056), np.float64(54880.17222274065), np.float64(54895.20938742161), np.float64(54886.5229906106), np.float64(54910.58188748122), np.float64(54849.13863330364), np.float64(54789.360594863894), np.float64(54803.927852172856), np.float64(54819.82421717882), np.float64(54719.50614038229), np.float64(54757.61203537226), np.float64(54747.298927154545), np.float64(54702.11158344269), np.float64(54657.17496860266), np.float64(54698.45689141274), np.float64(54636.8481587553), np.float64(54584.40448711872), np.float64(54636.41739959955), np.float64(54647.92555862904), np.float64(54581.92733222485), np.float64(54614.945633203984)]","[np.float64(54982.109541876314), np.float64(54992.06537104859), np.float64(54974.310477330466), np.float64(54960.910654001236), np.float64(54972.11990193745), np.float64(54905.30048404455), np.float64(54918.2580148), np.float64(54843.13215480671), np.float64(54902.912139981934), np.float64(54895.20938742161), np.float64(54903.004830046986), np.float64(54930.971975119865), np.float64(54910.59114060569), np.float64(54867.17695878387), np.float64(54853.46073913759), np.float64(54820.282504487775), np.float64(54819.82421717882), np.float64(54762.67288564168), np.float64(54785.50822527999), np.float64(54753.648454454924), np.float64(54702.30832637241), np.float64(54724.303543965565), np.float64(54730.15656167577), np.float64(54636.8481587553), np.float64(54660.06490775893), np.float64(54654.309881680005), np.float64(54657.05538891384), np.float64(54628.75826103473), np.float64(54681.646242610914)]","[np.float64(54976.57406997197), np.float64(54933.665296602485), np.float64(54939.93764103174), np.float64(54811.197678440745), np.float64(54900.21392024994), np.float64(54856.765975595255), np.float64(54824.245390074255), np.float64(54823.42072570594), np.float64(54822.56389753731), np.float64(54880.163128666514), np.float64(54886.5229906106), np.float64(54851.95760017964), np.float64(54849.13863330364), np.float64(54774.654871081264), np.float64(54789.360594863894), np.float64(54779.040516335896), np.float64(54674.490708578116), np.float64(54719.494309445894), np.float64(54734.10762994448), np.float64(54699.86966313025), np.float64(54656.05272036159), np.float64(54641.86089524666), np.float64(54631.80060274257), np.float64(54572.03564615805), np.float64(54565.785102750604), np.float64(54636.41739959955), np.float64(54577.080618467706), np.float64(54581.92733222485), np.float64(54605.03416909437)]","[np.float64(54976.586423959736), np.float64(54939.93764103174), np.float64(54960.910654001236), np.float64(54928.48691655636), np.float64(54900.21392024994), np.float64(54905.30048404455), np.float64(54824.245390074255), np.float64(54835.100005691056), np.float64(54880.17222274065), np.float64(54895.20938742161), np.float64(54886.5229906106), np.float64(54910.58188748122), np.float64(54849.13863330364), np.float64(54789.360594863894), np.float64(54803.927852172856), np.float64(54819.82421717882), np.float64(54719.50614038229), np.float64(54757.61203537226), np.float64(54747.298927154545), np.float64(54702.11158344269), np.float64(54657.17496860266), np.float64(54698.45689141274), np.float64(54636.8481587553), np.float64(54584.40448711872), np.float64(54636.41739959955), np.float64(54647.92555862904), np.float64(54581.92733222485), np.float64(54614.945633203984), np.float64(54678.12415782213)]"
473,"[np.float64(55106.53184505701), np.float64(55080.22025165081), np.float64(55082.685043950085), np.float64(54962.569817218784), np.float64(54962.72550864458), np.float64(54992.126591708664), np.float64(54962.53800929308), np.float64(54926.27311068297), np.float64(54919.51772539377), np.float64(54879.136082780366), np.float64(54905.57130213261), np.float64(54936.216500055794), np.float64(54858.01046903372), np.float64(54874.00341681004), np.float64(54781.74523658753), np.float64(54775.69400408268), np.float64(54790.12900738478), np.float64(54753.22782148361), np.float64(54671.16427461386), np.float64(54630.299846925736), np.float64(54601.259597091674), np.float64(54603.31552232981), np.float64(54584.43088640928), np.float64(54580.31349852085), np.float64(54507.7612940979), np.float64(54512.23436413526), np.float64(54480.51799890042), np.float64(54469.726612803934), np.float64(54388.78973614454)]","[np.float64(55106.53184505701), np.float64(55093.53547402763), np.float64(55082.69056457411), np.float64(54962.72550864458), np.float64(54996.58859220241), np.float64(55016.549128886276), np.float64(54962.53800929308), np.float64(54947.16529277156), np.float64(54919.52340003261), np.float64(54936.57934852466), np.float64(54936.216500055794), np.float64(54942.36527122471), np.float64(54877.37751832099), np.float64(54874.00341681004), np.float64(54781.75698397709), np.float64(54816.34576720024), np.float64(54790.12900738478), np.float64(54772.23878508775), np.float64(54671.16427461386), np.float64(54654.370752845265), np.float64(54603.31552232981), np.float64(54637.55713247287), np.float64(54584.43931029194), np.float64(54581.335093633345), np.float64(54519.84060486204), np.float64(54529.31240981602), np.float64(54480.51799890042), np.float64(54534.39462824626), np.float64(54394.02240787365)]","[np.float64(55080.22025165081), np.float64(55067.686222021424), np.float64(54962.569817218784), np.float64(54953.471895536364), np.float64(54956.24287066552), np.float64(54959.539274736424), np.float64(54926.26415322351), np.float64(54908.111829321155), np.float64(54861.36164680966), np.float64(54877.43042375356), np.float64(54905.56054973738), np.float64(54850.03437896009), np.float64(54858.0014985053), np.float64(54769.22402471406), np.float64(54745.80147718129), np.float64(54766.3722719515), np.float64(54747.45303708458), np.float64(54667.818248389296), np.float64(54589.211773537194), np.float64(54593.33636888448), np.float64(54595.80134634984), np.float64(54572.41166315945), np.float64(54570.968927797054), np.float64(54471.180275774874), np.float64(54505.106714159956), np.float64(54468.5307844496), np.float64(54457.08110190808), np.float64(54383.61498170257), np.float64(54359.11268608247)]","[np.float64(55080.22025165081), np.float64(55082.685043950085), np.float64(54962.569817218784), np.float64(54962.72550864458), np.float64(54992.126591708664), np.float64(54962.53800929308), np.float64(54926.27311068297), np.float64(54919.51772539377), np.float64(54879.136082780366), np.float64(54905.57130213261), np.float64(54936.216500055794), np.float64(54858.01046903372), np.float64(54874.00341681004), np.float64(54781.74523658753), np.float64(54775.69400408268), np.float64(54790.12900738478), np.float64(54753.22782148361), np.float64(54671.16427461386), np.float64(54630.299846925736), np.float64(54601.259597091674), np.float64(54603.31552232981), np.float64(54584.43088640928), np.float64(54580.31349852085), np.float64(54507.7612940979), np.float64(54512.23436413526), np.float64(54480.51799890042), np.float64(54469.726612803934), np.float64(54388.78973614454), np.float64(54365.661124517916)]"
474,"[np.float64(55013.98919638157), np.float64(55057.42646029472), np.float64(54957.082370538716), np.float64(55049.2877521801), np.float64(55039.5148635912), np.float64(54972.85845780135), np.float64(55023.66022234202), np.float64(54938.451425361636), np.float64(54924.95649435759), np.float64(54938.58934555769), np.float64(54880.702912869456), np.float64(54884.89447632551), np.float64(54891.98197756767), np.float64(54825.146958041194), np.float64(54846.948908734325), np.float64(54831.04958185673), np.float64(54842.194847223764), np.float64(54769.33782757759), np.float64(54787.43524953127), np.float64(54815.442063722614), np.float64(54688.57312580347), np.float64(54664.007362554075), np.float64(54583.678184685705), np.float64(54627.78599057913), np.float64(54644.150588855744), np.float64(54663.26676587105), np.float64(54668.80662480116), np.float64(54634.12130520582), np.float64(54555.34633727789)]","[np.float64(55057.42646029472), np.float64(55057.438428364156), np.float64(55069.797038298915), np.float64(55049.2877521801), np.float64(55043.32313704664), np.float64(55023.66022234202), np.float64(55023.67242335659), np.float64(54951.27217481026), np.float64(54938.58934555769), np.float64(54951.380439633904), np.float64(54889.49723416374), np.float64(54891.98197756767), np.float64(54903.5116833922), np.float64(54861.76057406296), np.float64(54846.948908734325), np.float64(54842.27629566121), np.float64(54842.206584805754), np.float64(54787.44962578416), np.float64(54818.50557477474), np.float64(54850.126124952076), np.float64(54688.57312580347), np.float64(54701.35096963567), np.float64(54627.78599057913), np.float64(54653.62057844188), np.float64(54663.26676587105), np.float64(54691.18418774352), np.float64(54699.27858695927), np.float64(54634.12130520582), np.float64(54562.81083785498)]","[np.float64(54997.39923434315), np.float64(54957.082370538716), np.float64(54949.393874940215), np.float64(55039.5148635912), np.float64(54948.528310169284), np.float64(54972.85845780135), np.float64(54933.218600207765), np.float64(54924.95649435759), np.float64(54924.95649435759), np.float64(54870.002829787445), np.float64(54880.702912869456), np.float64(54861.83638582687), np.float64(54816.549838714214), np.float64(54817.04755297741), np.float64(54831.04958185673), np.float64(54801.222646482405), np.float64(54769.33782757759), np.float64(54646.22211520216), np.float64(54784.372672482226), np.float64(54688.57312580347), np.float64(54632.53758736694), np.float64(54571.240944908925), np.float64(54576.89206380955), np.float64(54623.10343984014), np.float64(54644.150588855744), np.float64(54651.14424652938), np.float64(54629.02409138519), np.float64(54554.35216624951), np.float64(54499.44306828488)]","[np.float64(55057.42646029472), np.float64(54957.082370538716), np.float64(55049.2877521801), np.float64(55039.5148635912), np.float64(54972.85845780135), np.float64(55023.66022234202), np.float64(54938.451425361636), np.float64(54924.95649435759), np.float64(54938.58934555769), np.float64(54880.702912869456), np.float64(54884.89447632551), np.float64(54891.98197756767), np.float64(54825.146958041194), np.float64(54846.948908734325), np.float64(54831.04958185673), np.float64(54842.194847223764), np.float64(54769.33782757759), np.float64(54787.43524953127), np.float64(54815.442063722614), np.float64(54688.57312580347), np.float64(54664.007362554075), np.float64(54583.678184685705), np.float64(54627.78599057913), np.float64(54644.150588855744), np.float64(54663.26676587105), np.float64(54668.80662480116), np.float64(54634.12130520582), np.float64(54555.34633727789), np.float64(54515.523715739255)]"
475,"[np.float64(55215.75098996878), np.float64(55203.64994150639), np.float64(55184.27724065304), np.float64(55168.0065208292), np.float64(55136.13163107396), np.float64(55057.69238485575), np.float64(55077.775934898855), np.float64(54969.90624445439), np.float64(55035.56874914885), np.float64(55014.90905068636), np.float64(55058.895548620225), np.float64(54967.273140580655), np.float64(54985.08699552059), np.float64(55004.53129640102), np.float64(54901.62222581864), np.float64(54860.507326812745), np.float64(54936.011615805626), np.float64(54930.05413297653), np.float64(54827.1529177928), np.float64(54985.41370283842), np.float64(54809.15104839325), np.float64(54785.01643063068), np.float64(54896.410361976625), np.float64(54702.87033768654), np.float64(54778.42691015243), np.float64(54713.484011485576), np.float64(54552.23083466053), np.float64(54739.23194784403), np.float64(54498.55360788107)]","[np.float64(55215.75098996878), np.float64(55235.14517935142), np.float64(55184.28278341746), np.float64(55168.0065208292), np.float64(55136.13724422774), np.float64(55127.17435714349), np.float64(55077.775934898855), np.float64(55052.111795494886), np.float64(55035.56874914885), np.float64(55058.90746650522), np.float64(55068.345088814356), np.float64(54985.08699552059), np.float64(55069.96555290078), np.float64(55010.39835781837), np.float64(55038.07814052534), np.float64(54936.01959124117), np.float64(54936.011615805626), np.float64(54933.30855646962), np.float64(54985.42195750233), np.float64(54998.19804013695), np.float64(54822.683746237526), np.float64(54912.28030432864), np.float64(54924.67843282824), np.float64(54778.42691015243), np.float64(54780.253876765375), np.float64(54713.484011485576), np.float64(54840.08181288855), np.float64(54739.23194784403), np.float64(54511.73979799576)]","[np.float64(55160.3572426399), np.float64(55184.27724065304), np.float64(55167.99352666663), np.float64(55132.00557162526), np.float64(55041.13604154175), np.float64(55057.69238485575), np.float64(54905.491998467354), np.float64(54969.90624445439), np.float64(55010.90695866869), np.float64(55014.90335565493), np.float64(54933.45597468952), np.float64(54967.273140580655), np.float64(54939.639605925), np.float64(54888.34140609191), np.float64(54853.25764177183), np.float64(54755.05453270205), np.float64(54930.05413297653), np.float64(54726.85679125311), np.float64(54819.83544707865), np.float64(54809.140613079435), np.float64(54775.45043356971), np.float64(54770.413151074965), np.float64(54702.21147638365), np.float64(54702.87033768654), np.float64(54675.29270797207), np.float64(54552.19050190658), np.float64(54492.577500091844), np.float64(54498.55360788107), np.float64(54465.362033402)]","[np.float64(55203.64994150639), np.float64(55184.27724065304), np.float64(55168.0065208292), np.float64(55136.13163107396), np.float64(55057.69238485575), np.float64(55077.775934898855), np.float64(54969.90624445439), np.float64(55035.56874914885), np.float64(55014.90905068636), np.float64(55058.895548620225), np.float64(54967.273140580655), np.float64(54985.08699552059), np.float64(55004.53129640102), np.float64(54901.62222581864), np.float64(54860.507326812745), np.float64(54936.011615805626), np.float64(54930.05413297653), np.float64(54827.1529177928), np.float64(54985.41370283842), np.float64(54809.15104839325), np.float64(54785.01643063068), np.float64(54896.410361976625), np.float64(54702.87033768654), np.float64(54778.42691015243), np.float64(54713.484011485576), np.float64(54552.23083466053), np.float64(54739.23194784403), np.float64(54498.55360788107), np.float64(54489.028743846415)]"
476,"[np.float64(55169.69465887785), np.float64(55163.910896258356), np.float64(55118.916718087195), np.float64(55063.77800082684), np.float64(55083.0487102747), np.float64(55021.52728844166), np.float64(55031.51665121317), np.float64(54990.672183964256), np.float64(54947.54115182161), np.float64(54911.9626347661), np.float64(54936.764188752175), np.float64(54922.816220166686), np.float64(54892.50713028431), np.float64(54867.17256818295), np.float64(54817.84955024481), np.float64(54811.53149173975), np.float64(54822.76625714064), np.float64(54829.48339565277), np.float64(54761.06763811827), np.float64(54762.25702274084), np.float64(54718.92625742912), np.float64(54714.930177500246), np.float64(54752.65193061829), np.float64(54684.892549591066), np.float64(54666.30719148159), np.float64(54665.20833710909), np.float64(54637.434094228745), np.float64(54603.611065607074), np.float64(54625.65189768553)]","[np.float64(55179.60383640043), np.float64(55163.91941741594), np.float64(55118.925439396895), np.float64(55092.06905102664), np.float64(55096.14979870974), np.float64(55031.51665121317), np.float64(55057.98505889026), np.float64(54990.672183964256), np.float64(54975.98240914778), np.float64(54936.769881723325), np.float64(54946.24935833545), np.float64(54922.816220166686), np.float64(54918.229041103485), np.float64(54867.181865639286), np.float64(54858.11872157253), np.float64(54822.76625714064), np.float64(54835.36531335455), np.float64(54842.19531319157), np.float64(54762.262523345715), np.float64(54784.07692375802), np.float64(54718.92625742912), np.float64(54774.32152943193), np.float64(54756.540419716366), np.float64(54684.892549591066), np.float64(54726.603030142134), np.float64(54666.82995203267), np.float64(54663.774812482254), np.float64(54639.12680692811), np.float64(54660.01459722458)]","[np.float64(55158.65768762212), np.float64(55118.90729903266), np.float64(55061.1600886309), np.float64(55055.99789389396), np.float64(55005.012565131765), np.float64(55021.52728844166), np.float64(54952.95647373146), np.float64(54933.88243527231), np.float64(54885.903425932105), np.float64(54911.9626347661), np.float64(54880.09403207426), np.float64(54889.06206383196), np.float64(54761.22307343292), np.float64(54810.25407541372), np.float64(54811.53149173975), np.float64(54770.71683874708), np.float64(54817.19657359763), np.float64(54741.8017447991), np.float64(54753.10875019591), np.float64(54710.353392006546), np.float64(54706.38919694127), np.float64(54649.150544639844), np.float64(54678.15674685389), np.float64(54606.03179103225), np.float64(54665.20833710909), np.float64(54582.51351229085), np.float64(54596.844130507845), np.float64(54599.16152381163), np.float64(54602.27862907678)]","[np.float64(55163.910896258356), np.float64(55118.916718087195), np.float64(55063.77800082684), np.float64(55083.0487102747), np.float64(55021.52728844166), np.float64(55031.51665121317), np.float64(54990.672183964256), np.float64(54947.54115182161), np.float64(54911.9626347661), np.float64(54936.764188752175), np.float64(54922.816220166686), np.float64(54892.50713028431), np.float64(54867.17256818295), np.float64(54817.84955024481), np.float64(54811.53149173975), np.float64(54822.76625714064), np.float64(54829.48339565277), np.float64(54761.06763811827), np.float64(54762.25702274084), np.float64(54718.92625742912), np.float64(54714.930177500246), np.float64(54752.65193061829), np.float64(54684.892549591066), np.float64(54666.30719148159), np.float64(54665.20833710909), np.float64(54637.434094228745), np.float64(54603.611065607074), np.float64(54625.65189768553), np.float64(54649.59734199524)]"
477,"[np.float64(54995.319102988244), np.float64(54978.3738490963), np.float64(54980.871093206406), np.float64(54912.71765447617), np.float64(54936.14168060303), np.float64(54855.31568096399), np.float64(54881.37371240377), np.float64(54845.71445215226), np.float64(54872.546047194), np.float64(54843.75214781285), np.float64(54852.4093122387), np.float64(54897.792783362864), np.float64(54832.842801959516), np.float64(54837.552306618694), np.float64(54749.14507461548), np.float64(54744.80181182146), np.float64(54724.96886187315), np.float64(54773.03488724947), np.float64(54701.12579530001), np.float64(54726.03693853617), np.float64(54665.10029318333), np.float64(54644.24111910582), np.float64(54604.36634287119), np.float64(54554.3268095541), np.float64(54594.53434562683), np.float64(54598.06154839993), np.float64(54500.14773869991), np.float64(54376.18916159392), np.float64(54375.543344802856)]","[np.float64(54995.319102988244), np.float64(55029.091239587404), np.float64(54980.89336712765), np.float64(54936.14168060303), np.float64(54948.90674242608), np.float64(54881.37371240377), np.float64(54892.83330878881), np.float64(54879.564693760774), np.float64(54878.389075248146), np.float64(54852.4093122387), np.float64(54915.260048113196), np.float64(54897.797568093134), np.float64(54837.552306618694), np.float64(54837.552306618694), np.float64(54757.07561206173), np.float64(54758.34258749973), np.float64(54778.66432741153), np.float64(54773.03488724947), np.float64(54740.6758220753), np.float64(54729.47045888671), np.float64(54668.24716692541), np.float64(54676.59916747476), np.float64(54604.36634287119), np.float64(54621.70642619715), np.float64(54598.07043334486), np.float64(54620.408169683666), np.float64(54503.377017943414), np.float64(54384.928143577825), np.float64(54395.11340263831)]","[np.float64(54978.3738490963), np.float64(54959.76387889233), np.float64(54910.030189709345), np.float64(54903.602436632085), np.float64(54855.30579387394), np.float64(54818.341900200336), np.float64(54845.71445215226), np.float64(54831.80278679282), np.float64(54828.399155636085), np.float64(54841.781279144234), np.float64(54852.4093122387), np.float64(54805.86310535131), np.float64(54832.842801959516), np.float64(54733.0392960779), np.float64(54740.344438704786), np.float64(54722.937865867425), np.float64(54712.38384163953), np.float64(54691.33565445457), np.float64(54698.54799069547), np.float64(54650.732755924444), np.float64(54644.22714192413), np.float64(54596.47042625033), np.float64(54548.846400630835), np.float64(54524.11627212774), np.float64(54594.51130587217), np.float64(54492.30595473854), np.float64(54368.48268502204), np.float64(54329.81541638571), np.float64(54360.56165397309)]","[np.float64(54978.3738490963), np.float64(54980.871093206406), np.float64(54912.71765447617), np.float64(54936.14168060303), np.float64(54855.31568096399), np.float64(54881.37371240377), np.float64(54845.71445215226), np.float64(54872.546047194), np.float64(54843.75214781285), np.float64(54852.4093122387), np.float64(54897.792783362864), np.float64(54832.842801959516), np.float64(54837.552306618694), np.float64(54749.14507461548), np.float64(54744.80181182146), np.float64(54724.96886187315), np.float64(54773.03488724947), np.float64(54701.12579530001), np.float64(54726.03693853617), np.float64(54665.10029318333), np.float64(54644.24111910582), np.float64(54604.36634287119), np.float64(54554.3268095541), np.float64(54594.53434562683), np.float64(54598.06154839993), np.float64(54500.14773869991), np.float64(54376.18916159392), np.float64(54375.543344802856), np.float64(54367.58608351946)]"
478,"[np.float64(55085.74105158091), np.float64(55093.707327256205), np.float64(55041.172996592526), np.float64(55049.71864011288), np.float64(54963.60389674664), np.float64(55052.40904976368), np.float64(54995.64078800201), np.float64(54970.31575540066), np.float64(55011.823295562266), np.float64(55090.313151152135), np.float64(54828.94021415234), np.float64(54909.66615404129), np.float64(54947.49917051077), np.float64(55033.914093127256), np.float64(54833.91319660902), np.float64(54881.24712458611), np.float64(54815.77804298639), np.float64(54906.79803209305), np.float64(54690.4230077982), np.float64(54818.249016582966), np.float64(54655.537697479725), np.float64(54753.44622732163), np.float64(54805.71115644455), np.float64(54546.51622530461), np.float64(54926.109950189595), np.float64(54781.161490323546), np.float64(54469.857321486474), np.float64(54621.702563817504), np.float64(54644.764855275156)]","[np.float64(55093.707327256205), np.float64(55093.721117677946), np.float64(55049.71864011288), np.float64(55049.71864011288), np.float64(55056.57898780576), np.float64(55066.421894224346), np.float64(54995.64078800201), np.float64(55025.762096299026), np.float64(55090.32231222186), np.float64(55090.457813589), np.float64(54936.67999052615), np.float64(54947.49917051077), np.float64(55039.75546592673), np.float64(55049.736187746304), np.float64(54881.25610100849), np.float64(54910.35518617268), np.float64(54906.81204325432), np.float64(54942.14342397292), np.float64(54843.805899284336), np.float64(54818.249016582966), np.float64(54837.65866467135), np.float64(54816.219295830306), np.float64(54827.864623150796), np.float64(54960.64212527583), np.float64(54926.109950189595), np.float64(54789.18496881554), np.float64(54660.686401642735), np.float64(54644.77375475603), np.float64(54674.474765789746)]","[np.float64(55070.27021399072), np.float64(55035.68612114314), np.float64(55041.172996592526), np.float64(54926.624848186315), np.float64(54963.60389674664), np.float64(54962.5714023987), np.float64(54960.60846326254), np.float64(54967.4631988671), np.float64(54956.624647919794), np.float64(54828.93177563862), np.float64(54825.33946282507), np.float64(54909.66615404129), np.float64(54947.49917051077), np.float64(54821.81498560574), np.float64(54825.67929486406), np.float64(54787.52421929307), np.float64(54795.31419158521), np.float64(54669.0662045976), np.float64(54690.41388268211), np.float64(54537.0145658022), np.float64(54651.0762142451), np.float64(54737.50904648566), np.float64(54534.112294560844), np.float64(54536.903324570274), np.float64(54733.660158982835), np.float64(54465.664157406296), np.float64(54469.848553288364), np.float64(54621.689690085834), np.float64(54488.5692031884)]","[np.float64(55093.707327256205), np.float64(55041.172996592526), np.float64(55049.71864011288), np.float64(54963.60389674664), np.float64(55052.40904976368), np.float64(54995.64078800201), np.float64(54970.31575540066), np.float64(55011.823295562266), np.float64(55090.313151152135), np.float64(54828.94021415234), np.float64(54909.66615404129), np.float64(54947.49917051077), np.float64(55033.914093127256), np.float64(54833.91319660902), np.float64(54881.24712458611), np.float64(54815.77804298639), np.float64(54906.79803209305), np.float64(54690.4230077982), np.float64(54818.249016582966), np.float64(54655.537697479725), np.float64(54753.44622732163), np.float64(54805.71115644455), np.float64(54546.51622530461), np.float64(54926.109950189595), np.float64(54781.161490323546), np.float64(54469.857321486474), np.float64(54621.702563817504), np.float64(54644.764855275156), np.float64(54536.45011142492)]"
479,"[np.float64(55117.07340372086), np.float64(55082.067429327966), np.float64(55088.67806923867), np.float64(55066.80606384278), np.float64(55008.64160155297), np.float64(55029.94595781327), np.float64(54991.829374330046), np.float64(54945.390961799625), np.float64(54969.24832262278), np.float64(54974.293806545735), np.float64(54985.00715376377), np.float64(54947.99985559225), np.float64(54918.1906781292), np.float64(54850.73933175087), np.float64(54807.32885345936), np.float64(54797.65937282324), np.float64(54765.60046069622), np.float64(54797.75376638413), np.float64(54715.210267534254), np.float64(54654.256752390866), np.float64(54642.17630825281), np.float64(54679.134542376996), np.float64(54585.63005808592), np.float64(54601.152840936185), np.float64(54614.67636044026), np.float64(54605.2858108449), np.float64(54549.42220769882), np.float64(54510.584086532595), np.float64(54472.52390738726)]","[np.float64(55117.07340372086), np.float64(55088.67806923867), np.float64(55120.911544116985), np.float64(55066.80606384278), np.float64(55047.61674053144), np.float64(55035.91456556711), np.float64(54997.545544022374), np.float64(54969.24832262278), np.float64(54984.17522109761), np.float64(54985.45144167894), np.float64(54994.38326796372), np.float64(54947.99985559225), np.float64(54919.01318667379), np.float64(54853.012699466075), np.float64(54847.23953029401), np.float64(54797.65937282324), np.float64(54814.83121042187), np.float64(54797.75376638413), np.float64(54725.03941081276), np.float64(54683.58266093944), np.float64(54679.143215728545), np.float64(54679.134542376996), np.float64(54624.70828612876), np.float64(54631.85386814659), np.float64(54614.67636044026), np.float64(54605.2858108449), np.float64(54590.294799524454), np.float64(54510.584086532595), np.float64(54488.00620157471)]","[np.float64(55082.067429327966), np.float64(55064.906432986274), np.float64(55055.46639623919), np.float64(55008.636015578624), np.float64(54994.15955428417), np.float64(54991.829374330046), np.float64(54929.66612688181), np.float64(54945.382980744194), np.float64(54950.22684700283), np.float64(54970.41797951117), np.float64(54947.99985559225), np.float64(54914.88438116618), np.float64(54850.73933175087), np.float64(54794.66516268606), np.float64(54782.638478935434), np.float64(54750.1224163087), np.float64(54765.60046069622), np.float64(54680.128798510625), np.float64(54654.256752390866), np.float64(54607.72539477793), np.float64(54642.16398320788), np.float64(54548.345042443594), np.float64(54585.410790754555), np.float64(54593.37027070718), np.float64(54605.2858108449), np.float64(54538.99116677192), np.float64(54510.584086532595), np.float64(54459.19164165622), np.float64(54440.902732554845)]","[np.float64(55082.067429327966), np.float64(55088.67806923867), np.float64(55066.80606384278), np.float64(55008.64160155297), np.float64(55029.94595781327), np.float64(54991.829374330046), np.float64(54945.390961799625), np.float64(54969.24832262278), np.float64(54974.293806545735), np.float64(54985.00715376377), np.float64(54947.99985559225), np.float64(54918.1906781292), np.float64(54850.73933175087), np.float64(54807.32885345936), np.float64(54797.65937282324), np.float64(54765.60046069622), np.float64(54797.75376638413), np.float64(54715.210267534254), np.float64(54654.256752390866), np.float64(54642.17630825281), np.float64(54679.134542376996), np.float64(54585.63005808592), np.float64(54601.152840936185), np.float64(54614.67636044026), np.float64(54605.2858108449), np.float64(54549.42220769882), np.float64(54510.584086532595), np.float64(54472.52390738726), np.float64(54463.05596279859)]"
480,"[np.float64(55208.68718369961), np.float64(55150.28422635556), np.float64(55193.915943579676), np.float64(55167.33327453137), np.float64(55187.305947554116), np.float64(55147.658849103456), np.float64(55064.397804658416), np.float64(55090.41784687519), np.float64(55089.621618516445), np.float64(55048.61128645659), np.float64(55001.852734236716), np.float64(55035.96576872349), np.float64(55017.97111083746), np.float64(55020.19676419735), np.float64(54936.59806638718), np.float64(54977.77477836609), np.float64(54890.206013586525), np.float64(54970.07751790047), np.float64(54919.92182770491), np.float64(54955.81443192959), np.float64(54849.91013647318), np.float64(54850.6321892643), np.float64(54848.958989350795), np.float64(54791.55315252781), np.float64(54862.24272603035), np.float64(54805.021297910214), np.float64(54721.71093186379), np.float64(54837.48096414566), np.float64(54783.46788687944)]","[np.float64(55215.20244652208), np.float64(55209.75840700755), np.float64(55205.60491057862), np.float64(55187.314910990666), np.float64(55202.222122489504), np.float64(55182.50063317003), np.float64(55093.998778340625), np.float64(55095.383916202445), np.float64(55094.627183747914), np.float64(55087.94890085147), np.float64(55045.15144659493), np.float64(55073.31304767134), np.float64(55030.66310080727), np.float64(55061.55180998105), np.float64(54999.3043209677), np.float64(54985.05078766845), np.float64(54975.52147272715), np.float64(54983.30376882863), np.float64(54995.16066015326), np.float64(54955.82513433923), np.float64(54883.101477410586), np.float64(54850.64383557192), np.float64(54902.6657118888), np.float64(54862.2519778844), np.float64(54883.69408411714), np.float64(54805.021297910214), np.float64(54920.97314826187), np.float64(54838.00953136016), np.float64(54813.34702860129)]","[np.float64(55130.94917088116), np.float64(55149.07234278088), np.float64(55167.33327453137), np.float64(55131.16167153494), np.float64(55143.58655731603), np.float64(55064.397804658416), np.float64(55027.19865020865), np.float64(55089.621618516445), np.float64(55032.63254968387), np.float64(54994.44112438106), np.float64(54991.69619439922), np.float64(54986.57732529852), np.float64(55017.97111083746), np.float64(54921.75824986853), np.float64(54934.31246122786), np.float64(54851.965757728365), np.float64(54874.95782480197), np.float64(54898.99276339498), np.float64(54908.314238025654), np.float64(54815.88325801022), np.float64(54834.08030425469), np.float64(54843.09679013141), np.float64(54777.85294181623), np.float64(54777.191916792195), np.float64(54759.858525926174), np.float64(54708.77029806002), np.float64(54712.079726122625), np.float64(54781.02193691517), np.float64(54733.425585664234)]","[np.float64(55150.28422635556), np.float64(55193.915943579676), np.float64(55167.33327453137), np.float64(55187.305947554116), np.float64(55147.658849103456), np.float64(55064.397804658416), np.float64(55090.41784687519), np.float64(55089.621618516445), np.float64(55048.61128645659), np.float64(55001.852734236716), np.float64(55035.96576872349), np.float64(55017.97111083746), np.float64(55020.19676419735), np.float64(54936.59806638718), np.float64(54977.77477836609), np.float64(54890.206013586525), np.float64(54970.07751790047), np.float64(54919.92182770491), np.float64(54955.81443192959), np.float64(54849.91013647318), np.float64(54850.6321892643), np.float64(54848.958989350795), np.float64(54791.55315252781), np.float64(54862.24272603035), np.float64(54805.021297910214), np.float64(54721.71093186379), np.float64(54837.48096414566), np.float64(54783.46788687944), np.float64(54749.0754062438)]"
481,"[np.float64(55124.48671084166), np.float64(55143.247849593165), np.float64(55107.658386490344), np.float64(55096.728436312675), np.float64(55057.88284607887), np.float64(55039.124797976016), np.float64(54999.45554987669), np.float64(55048.48199432135), np.float64(54991.14054601193), np.float64(54985.47667480469), np.float64(54949.23160785675), np.float64(54981.19393721342), np.float64(54919.16101302862), np.float64(54911.96276354313), np.float64(54920.54394952297), np.float64(54907.984197289945), np.float64(54839.40154472828), np.float64(54837.38747202397), np.float64(54858.25759214878), np.float64(54898.969934167864), np.float64(54878.65110849619), np.float64(54859.21118603468), np.float64(54791.3304970479), np.float64(54727.14557996273), np.float64(54774.46366836548), np.float64(54749.72212447405), np.float64(54719.73626492977), np.float64(54733.827819900514), np.float64(54733.54141979218)]","[np.float64(55143.247849593165), np.float64(55161.14723073049), np.float64(55133.88992117348), np.float64(55096.733968015986), np.float64(55074.95553033161), np.float64(55041.69894527454), np.float64(55068.47938204839), np.float64(55060.15541981218), np.float64(54991.612217901195), np.float64(55002.98584791533), np.float64(54992.78934283946), np.float64(54989.1932208215), np.float64(54920.55009937454), np.float64(54954.34125523385), np.float64(54953.58351056336), np.float64(54919.14017880033), np.float64(54843.86510318225), np.float64(54870.550083583075), np.float64(54915.829622842335), np.float64(54919.91253553639), np.float64(54891.365520561776), np.float64(54867.880304452374), np.float64(54816.8139333121), np.float64(54774.479648572975), np.float64(54792.955913195765), np.float64(54749.72212447405), np.float64(54819.997006768506), np.float64(54733.827819900514), np.float64(54753.22046763768)]","[np.float64(55112.10512956777), np.float64(55107.658386490344), np.float64(55092.300095115155), np.float64(55022.14374788405), np.float64(55030.23884331027), np.float64(54998.79426761253), np.float64(54986.984554175564), np.float64(54990.292406802975), np.float64(54972.889595255336), np.float64(54928.53626959852), np.float64(54949.23160785675), np.float64(54879.99860791213), np.float64(54911.96276354313), np.float64(54884.7506133058), np.float64(54904.812073341025), np.float64(54815.505246576795), np.float64(54819.54839145343), np.float64(54806.124250697365), np.float64(54858.249101577334), np.float64(54849.53309739527), np.float64(54844.67133982443), np.float64(54784.78172152816), np.float64(54719.095295307474), np.float64(54691.407205446056), np.float64(54735.41573207235), np.float64(54707.66842212946), np.float64(54719.7288298827), np.float64(54715.17747732387), np.float64(54697.10226994626)]","[np.float64(55143.247849593165), np.float64(55107.658386490344), np.float64(55096.728436312675), np.float64(55057.88284607887), np.float64(55039.124797976016), np.float64(54999.45554987669), np.float64(55048.48199432135), np.float64(54991.14054601193), np.float64(54985.47667480469), np.float64(54949.23160785675), np.float64(54981.19393721342), np.float64(54919.16101302862), np.float64(54911.96276354313), np.float64(54920.54394952297), np.float64(54907.984197289945), np.float64(54839.40154472828), np.float64(54837.38747202397), np.float64(54858.25759214878), np.float64(54898.969934167864), np.float64(54878.65110849619), np.float64(54859.21118603468), np.float64(54791.3304970479), np.float64(54727.14557996273), np.float64(54774.46366836548), np.float64(54749.72212447405), np.float64(54719.73626492977), np.float64(54733.827819900514), np.float64(54733.54141979218), np.float64(54709.81463887453)]"
482,"[np.float64(55175.1554487133), np.float64(55163.40866585255), np.float64(55208.7379218483), np.float64(55161.6645097971), np.float64(55135.121632850176), np.float64(54973.19018742323), np.float64(55126.761814579964), np.float64(55058.10769076824), np.float64(55074.996411545275), np.float64(54924.41099487066), np.float64(54991.73240522861), np.float64(54941.6035006547), np.float64(54912.83715955734), np.float64(54885.76153204918), np.float64(54845.68109890223), np.float64(54806.0346443367), np.float64(54787.73426978826), np.float64(54835.77595630646), np.float64(54777.18601471901), np.float64(54854.764515287876), np.float64(54659.47930472613), np.float64(54705.71734020233), np.float64(54634.84425943613), np.float64(54750.090684325696), np.float64(54534.12298176766), np.float64(54694.19269771338), np.float64(54574.812787806986), np.float64(54569.56332107306), np.float64(54513.74582010269)]","[np.float64(55248.44557064403), np.float64(55208.7379218483), np.float64(55270.67772024659), np.float64(55161.6645097971), np.float64(55155.59967520654), np.float64(55134.994287651665), np.float64(55146.524163536924), np.float64(55077.847772634486), np.float64(55074.996411545275), np.float64(54996.72140367184), np.float64(54994.97719954075), np.float64(55038.31669837443), np.float64(54924.30283871405), np.float64(54899.32783154165), np.float64(54845.6899483209), np.float64(54838.34301002385), np.float64(54835.77595630646), np.float64(54886.89959405802), np.float64(54857.27387829715), np.float64(54875.55928218416), np.float64(54705.725824939414), np.float64(54730.05986959657), np.float64(54750.090684325696), np.float64(54779.075375344466), np.float64(54802.85845218076), np.float64(54712.82078498975), np.float64(54574.812787806986), np.float64(54570.101541395845), np.float64(54527.26506339962)]","[np.float64(55163.40866585255), np.float64(55139.36371963084), np.float64(55152.861372202155), np.float64(55135.113150619465), np.float64(54960.85925125076), np.float64(54973.175194769254), np.float64(55044.16466172655), np.float64(55057.02301582875), np.float64(54904.62167365592), np.float64(54924.41099487066), np.float64(54915.385245254714), np.float64(54909.445336120036), np.float64(54870.00714104021), np.float64(54829.69206999323), np.float64(54793.06648079266), np.float64(54778.73855094229), np.float64(54748.33577736895), np.float64(54777.18601471901), np.float64(54717.19357946957), np.float64(54659.47930472613), np.float64(54605.13610878884), np.float64(54634.84425943613), np.float64(54587.60761529166), np.float64(54534.11451157156), np.float64(54518.647815415585), np.float64(54574.80733284716), np.float64(54475.28018920556), np.float64(54495.95521488086), np.float64(54502.44805313883)]","[np.float64(55163.40866585255), np.float64(55208.7379218483), np.float64(55161.6645097971), np.float64(55135.121632850176), np.float64(54973.19018742323), np.float64(55126.761814579964), np.float64(55058.10769076824), np.float64(55074.996411545275), np.float64(54924.41099487066), np.float64(54991.73240522861), np.float64(54941.6035006547), np.float64(54912.83715955734), np.float64(54885.76153204918), np.float64(54845.68109890223), np.float64(54806.0346443367), np.float64(54787.73426978826), np.float64(54835.77595630646), np.float64(54777.18601471901), np.float64(54854.764515287876), np.float64(54659.47930472613), np.float64(54705.71734020233), np.float64(54634.84425943613), np.float64(54750.090684325696), np.float64(54534.12298176766), np.float64(54694.19269771338), np.float64(54574.812787806986), np.float64(54569.56332107306), np.float64(54513.74582010269), np.float64(54521.967460622785)]"
483,"[np.float64(55105.10023084641), np.float64(55051.648750195505), np.float64(55044.276265392306), np.float64(55090.81319234848), np.float64(55120.33275027752), np.float64(54958.313607695105), np.float64(55124.461728098395), np.float64(55031.1541438818), np.float64(55127.928920776845), np.float64(54974.75997938395), np.float64(54939.5648315382), np.float64(55007.18204272747), np.float64(55024.71284576178), np.float64(54935.667008481025), np.float64(54859.241191082), np.float64(54844.621521523004), np.float64(54919.03597053528), np.float64(54883.31554119587), np.float64(54883.38778510809), np.float64(54950.552602601056), np.float64(54734.53390434027), np.float64(54783.576059582236), np.float64(54675.18160275221), np.float64(54817.19845359564), np.float64(54667.4473832798), np.float64(54801.46447642088), np.float64(54594.58843197823), np.float64(54689.80861260176), np.float64(54567.55362678767)]","[np.float64(55146.93088928517), np.float64(55053.926784077994), np.float64(55096.22066867476), np.float64(55123.97801444849), np.float64(55143.61583192052), np.float64(55124.47108102777), np.float64(55153.67286488645), np.float64(55127.93462268632), np.float64(55129.15894048635), np.float64(54977.02416764183), np.float64(55018.95905639024), np.float64(55024.721323153026), np.float64(55024.71284576178), np.float64(54964.969249141504), np.float64(54859.2466999909), np.float64(54938.7827012642), np.float64(54919.03597053528), np.float64(54904.83581860008), np.float64(54971.67429493746), np.float64(54955.062327632), np.float64(54790.59886236757), np.float64(54794.85687456806), np.float64(54823.10065856933), np.float64(54862.352064347906), np.float64(54854.973968248465), np.float64(54833.88050993762), np.float64(54689.80861260176), np.float64(54694.70249652705), np.float64(54577.70019529585)]","[np.float64(55051.648750195505), np.float64(55027.33337494696), np.float64(55044.276265392306), np.float64(55045.60480114133), np.float64(54953.67016653864), np.float64(54958.313607695105), np.float64(55012.12879147729), np.float64(55021.64182490161), np.float64(54941.381504796365), np.float64(54939.5648315382), np.float64(54910.4271008693), np.float64(54888.366186385305), np.float64(54935.667008481025), np.float64(54827.79176511856), np.float64(54844.621521523004), np.float64(54787.11143502925), np.float64(54875.67589938661), np.float64(54881.60188850354), np.float64(54834.30514866668), np.float64(54734.522346320475), np.float64(54693.78322693146), np.float64(54675.18160275221), np.float64(54651.59090629884), np.float64(54662.876964693096), np.float64(54647.613256979595), np.float64(54594.58843197823), np.float64(54563.57303711281), np.float64(54559.59721063913), np.float64(54525.015120576776)]","[np.float64(55051.648750195505), np.float64(55044.276265392306), np.float64(55090.81319234848), np.float64(55120.33275027752), np.float64(54958.313607695105), np.float64(55124.461728098395), np.float64(55031.1541438818), np.float64(55127.928920776845), np.float64(54974.75997938395), np.float64(54939.5648315382), np.float64(55007.18204272747), np.float64(55024.71284576178), np.float64(54935.667008481025), np.float64(54859.241191082), np.float64(54844.621521523004), np.float64(54919.03597053528), np.float64(54883.31554119587), np.float64(54883.38778510809), np.float64(54950.552602601056), np.float64(54734.53390434027), np.float64(54783.576059582236), np.float64(54675.18160275221), np.float64(54817.19845359564), np.float64(54667.4473832798), np.float64(54801.46447642088), np.float64(54594.58843197823), np.float64(54689.80861260176), np.float64(54567.55362678767), np.float64(54547.45848681212)]"
484,"[np.float64(55121.575577366355), np.float64(55118.99913538456), np.float64(55097.448299894335), np.float64(55026.054058499336), np.float64(55058.911774525644), np.float64(55001.48314416886), np.float64(55039.31925128699), np.float64(55068.24373057365), np.float64(55072.005822644234), np.float64(54980.6346585846), np.float64(54988.56989899636), np.float64(54999.60930964709), np.float64(54967.101738357545), np.float64(54943.967460541724), np.float64(54906.17526638985), np.float64(54897.99264530897), np.float64(54864.00040367365), np.float64(54841.6197290206), np.float64(54800.69876821757), np.float64(54840.67965672255), np.float64(54812.18954234839), np.float64(54757.56129722357), np.float64(54722.79304522276), np.float64(54727.68927657128), np.float64(54747.59228122234), np.float64(54781.88611865521), np.float64(54689.63411973), np.float64(54665.24284935236), np.float64(54642.171157171724)]","[np.float64(55146.543817970174), np.float64(55132.93979534202), np.float64(55116.750381717626), np.float64(55086.046239654635), np.float64(55058.911774525644), np.float64(55139.00770294036), np.float64(55109.29036785062), np.float64(55093.65941726127), np.float64(55074.115651467066), np.float64(55015.15084063505), np.float64(55017.94513469994), np.float64(54999.60930964709), np.float64(54967.11094830085), np.float64(54978.96069580716), np.float64(54914.216359069505), np.float64(54911.68156297156), np.float64(54907.798215710056), np.float64(54857.37275270345), np.float64(54883.85890347038), np.float64(54862.49613903402), np.float64(54867.695414312584), np.float64(54759.846674858694), np.float64(54812.20245550155), np.float64(54747.59228122234), np.float64(54828.61375990399), np.float64(54782.297795891354), np.float64(54715.579482899935), np.float64(54668.41707517132), np.float64(54701.091587681185)]","[np.float64(55035.543207327435), np.float64(55097.43462281126), np.float64(55021.165221330906), np.float64(55005.04618771324), np.float64(54961.93409040619), np.float64(55001.48314416886), np.float64(55027.005713973915), np.float64(55064.14246572362), np.float64(54973.748422797835), np.float64(54942.876927958314), np.float64(54959.332903584516), np.float64(54944.035545424806), np.float64(54869.7646563719), np.float64(54898.772894851594), np.float64(54863.491774324175), np.float64(54847.953458022785), np.float64(54835.46931366476), np.float64(54740.3453293998), np.float64(54777.18698465875), np.float64(54785.08223972134), np.float64(54722.97102826058), np.float64(54600.04236304012), np.float64(54714.176900955674), np.float64(54710.56842676645), np.float64(54665.792715217176), np.float64(54688.568885172725), np.float64(54621.031485477804), np.float64(54611.66898010792), np.float64(54561.96982660185)]","[np.float64(55118.99913538456), np.float64(55097.448299894335), np.float64(55026.054058499336), np.float64(55058.911774525644), np.float64(55001.48314416886), np.float64(55039.31925128699), np.float64(55068.24373057365), np.float64(55072.005822644234), np.float64(54980.6346585846), np.float64(54988.56989899636), np.float64(54999.60930964709), np.float64(54967.101738357545), np.float64(54943.967460541724), np.float64(54906.17526638985), np.float64(54897.99264530897), np.float64(54864.00040367365), np.float64(54841.6197290206), np.float64(54800.69876821757), np.float64(54840.67965672255), np.float64(54812.18954234839), np.float64(54757.56129722357), np.float64(54722.79304522276), np.float64(54727.68927657128), np.float64(54747.59228122234), np.float64(54781.88611865521), np.float64(54689.63411973), np.float64(54665.24284935236), np.float64(54642.171157171724), np.float64(54609.30133610487)]"
485,"[np.float64(55105.98132326603), np.float64(55061.13137536526), np.float64(55066.36873705864), np.float64(54945.100955934526), np.float64(54954.15050396204), np.float64(54918.7185351634), np.float64(54872.19397080183), np.float64(54900.70713626385), np.float64(54892.96003908873), np.float64(54817.91162077188), np.float64(54866.07616057396), np.float64(54939.15467670679), np.float64(54890.27774239064), np.float64(54933.64083073616), np.float64(54730.624362573624), np.float64(54730.91604254008), np.float64(54772.24496896505), np.float64(54790.03203828335), np.float64(54698.59455405474), np.float64(54644.48772711277), np.float64(54615.4151542449), np.float64(54570.65947112799), np.float64(54593.664843139646), np.float64(54568.18012702465), np.float64(54451.642068552974), np.float64(54518.67682124853), np.float64(54390.16649134159), np.float64(54318.6683268857), np.float64(54287.20243296862)]","[np.float64(55105.98132326603), np.float64(55066.37752493715), np.float64(55070.64245804908), np.float64(54954.15050396204), np.float64(54973.28965980565), np.float64(54918.73339479076), np.float64(54907.602611041424), np.float64(54901.0640785142), np.float64(54894.63794174369), np.float64(54866.486532236624), np.float64(54939.1636168839), np.float64(54946.04898422522), np.float64(54933.6495919919), np.float64(54933.64083073616), np.float64(54739.57073686524), np.float64(54801.05357351297), np.float64(54790.03203828335), np.float64(54821.78749303434), np.float64(54698.59455405474), np.float64(54668.00951118524), np.float64(54615.42084192238), np.float64(54638.07647493218), np.float64(54593.664843139646), np.float64(54575.66990890541), np.float64(54529.716685563), np.float64(54541.156606496486), np.float64(54390.16649134159), np.float64(54417.170551183866), np.float64(54290.81104607793)]","[np.float64(55061.13137536526), np.float64(54992.063827913385), np.float64(54945.100955934526), np.float64(54939.59152753488), np.float64(54914.966671280104), np.float64(54870.73629886518), np.float64(54865.66012060035), np.float64(54892.93515240708), np.float64(54777.72606534522), np.float64(54817.91162077188), np.float64(54866.06540328079), np.float64(54877.01311533012), np.float64(54890.27774239064), np.float64(54717.36823966466), np.float64(54708.156852689586), np.float64(54724.776112532636), np.float64(54769.56635256928), np.float64(54688.81726651686), np.float64(54618.77251937532), np.float64(54601.397170910306), np.float64(54568.04641277997), np.float64(54560.10945622553), np.float64(54565.90985179417), np.float64(54418.26083784645), np.float64(54451.642068552974), np.float64(54363.654070880526), np.float64(54318.6683268857), np.float64(54242.40622439334), np.float64(54250.387453440366)]","[np.float64(55061.13137536526), np.float64(55066.36873705864), np.float64(54945.100955934526), np.float64(54954.15050396204), np.float64(54918.7185351634), np.float64(54872.19397080183), np.float64(54900.70713626385), np.float64(54892.96003908873), np.float64(54817.91162077188), np.float64(54866.07616057396), np.float64(54939.15467670679), np.float64(54890.27774239064), np.float64(54933.64083073616), np.float64(54730.624362573624), np.float64(54730.91604254008), np.float64(54772.24496896505), np.float64(54790.03203828335), np.float64(54698.59455405474), np.float64(54644.48772711277), np.float64(54615.4151542449), np.float64(54570.65947112799), np.float64(54593.664843139646), np.float64(54568.18012702465), np.float64(54451.642068552974), np.float64(54518.67682124853), np.float64(54390.16649134159), np.float64(54318.6683268857), np.float64(54287.20243296862), np.float64(54258.23378316164)]"
486,"[np.float64(55062.500532717706), np.float64(55076.881578445435), np.float64(55018.87782988548), np.float64(55058.405938363074), np.float64(55037.57998875857), np.float64(55088.628747637275), np.float64(54970.029612846374), np.float64(54976.46550233126), np.float64(54942.25627140522), np.float64(55049.09368520022), np.float64(54937.25946519852), np.float64(54881.5024894309), np.float64(54913.974389483934), np.float64(54836.804884753226), np.float64(54812.15979485512), np.float64(54890.462666201594), np.float64(54765.20073680401), np.float64(54869.80090730667), np.float64(54800.16498744011), np.float64(54823.40099910736), np.float64(54626.66884986877), np.float64(54679.16094166756), np.float64(54563.65541739941), np.float64(54659.49565940857), np.float64(54762.84154166699), np.float64(54713.99577139139), np.float64(54588.47049297333), np.float64(54738.43250005961), np.float64(54667.51885452986)]","[np.float64(55076.881578445435), np.float64(55107.42264805863), np.float64(55058.405938363074), np.float64(55068.8627296431), np.float64(55088.628747637275), np.float64(55108.434544965065), np.float64(54976.46550233126), np.float64(54979.724123903994), np.float64(55049.09368520022), np.float64(55049.09368520022), np.float64(54944.236522956504), np.float64(54932.356078734476), np.float64(54913.974389483934), np.float64(54848.787161222615), np.float64(54890.47560053068), np.float64(54890.462666201594), np.float64(54869.80090730667), np.float64(54871.189476889725), np.float64(54823.40987565331), np.float64(54823.40099910736), np.float64(54679.16094166756), np.float64(54687.590828720444), np.float64(54659.50478645072), np.float64(54766.339645418004), np.float64(54762.84154166699), np.float64(54720.69209188375), np.float64(54740.211873167726), np.float64(54738.43250005961), np.float64(54671.32335273714)]","[np.float64(55042.15636805885), np.float64(55018.87782988548), np.float64(54995.9669438895), np.float64(55037.57998875857), np.float64(55037.23711844165), np.float64(54970.029612846374), np.float64(54957.77908423519), np.float64(54942.25627140522), np.float64(54936.74763038442), np.float64(54937.25946519852), np.float64(54851.6601413509), np.float64(54881.5024894309), np.float64(54792.95370421596), np.float64(54807.308466532966), np.float64(54812.15979485512), np.float64(54740.57022503833), np.float64(54765.19199297826), np.float64(54794.06057940258), np.float64(54799.15609770146), np.float64(54626.660437740546), np.float64(54618.10695493847), np.float64(54563.646343559376), np.float64(54535.4580649354), np.float64(54659.479869481), np.float64(54712.27374010711), np.float64(54576.104533728976), np.float64(54588.47049297333), np.float64(54667.51885452986), np.float64(54548.90024277854)]","[np.float64(55076.881578445435), np.float64(55018.87782988548), np.float64(55058.405938363074), np.float64(55037.57998875857), np.float64(55088.628747637275), np.float64(54970.029612846374), np.float64(54976.46550233126), np.float64(54942.25627140522), np.float64(55049.09368520022), np.float64(54937.25946519852), np.float64(54881.5024894309), np.float64(54913.974389483934), np.float64(54836.804884753226), np.float64(54812.15979485512), np.float64(54890.462666201594), np.float64(54765.20073680401), np.float64(54869.80090730667), np.float64(54800.16498744011), np.float64(54823.40099910736), np.float64(54626.66884986877), np.float64(54679.16094166756), np.float64(54563.65541739941), np.float64(54659.49565940857), np.float64(54762.84154166699), np.float64(54713.99577139139), np.float64(54588.47049297333), np.float64(54738.43250005961), np.float64(54667.51885452986), np.float64(54556.656385974886)]"
487,"[np.float64(55065.892648389345), np.float64(55031.02459419251), np.float64(55082.58704463243), np.float64(55016.03314535618), np.float64(54905.856414470676), np.float64(54916.128442816735), np.float64(54870.94380342245), np.float64(54916.3755659318), np.float64(54912.93206822634), np.float64(54799.67653617621), np.float64(54838.95855175496), np.float64(54822.59318081618), np.float64(54834.7751012516), np.float64(54903.20128972531), np.float64(54836.39447236776), np.float64(54855.56911415339), np.float64(54801.90849961043), np.float64(54845.91508676052), np.float64(54706.652261419295), np.float64(54737.8277631402), np.float64(54655.657460114955), np.float64(54602.42180976152), np.float64(54670.79726008654), np.float64(54613.65953703404), np.float64(54534.225745835305), np.float64(54522.34851184607), np.float64(54462.771623122695), np.float64(54628.43657212019), np.float64(54558.99330268621)]","[np.float64(55065.892648389345), np.float64(55082.58704463243), np.float64(55091.25181078946), np.float64(55016.041943061246), np.float64(54916.128442816735), np.float64(54959.58462721941), np.float64(54916.3755659318), np.float64(54944.29338752919), np.float64(54912.93206822634), np.float64(54883.042590229474), np.float64(54838.95855175496), np.float64(54855.00694314459), np.float64(54903.20128972531), np.float64(54937.3090976527), np.float64(54855.56911415339), np.float64(54895.3252209332), np.float64(54845.91508676052), np.float64(54878.82857624239), np.float64(54737.8277631402), np.float64(54740.79326605349), np.float64(54655.657460114955), np.float64(54691.227091356166), np.float64(54685.980681028304), np.float64(54650.95485327803), np.float64(54534.225745835305), np.float64(54525.87087719319), np.float64(54641.70514512332), np.float64(54628.43657212019), np.float64(54564.39839671906)]","[np.float64(55021.73190558683), np.float64(55031.02459419251), np.float64(55016.03314535618), np.float64(54898.81344813051), np.float64(54904.737881526475), np.float64(54870.94380342245), np.float64(54834.631677336256), np.float64(54912.93206822634), np.float64(54794.2669669515), np.float64(54799.67653617621), np.float64(54767.48164183031), np.float64(54822.59318081618), np.float64(54829.91491283413), np.float64(54821.57760705143), np.float64(54833.66101614015), np.float64(54776.941892778945), np.float64(54800.18968406551), np.float64(54685.16625169998), np.float64(54685.26143938274), np.float64(54655.657460114955), np.float64(54549.80215833678), np.float64(54602.42180976152), np.float64(54573.89028599663), np.float64(54531.8248699666), np.float64(54517.83209940882), np.float64(54435.58010000077), np.float64(54462.62768960546), np.float64(54558.99330268621), np.float64(54366.51373860367)]","[np.float64(55031.02459419251), np.float64(55082.58704463243), np.float64(55016.03314535618), np.float64(54905.856414470676), np.float64(54916.128442816735), np.float64(54870.94380342245), np.float64(54916.3755659318), np.float64(54912.93206822634), np.float64(54799.67653617621), np.float64(54838.95855175496), np.float64(54822.59318081618), np.float64(54834.7751012516), np.float64(54903.20128972531), np.float64(54836.39447236776), np.float64(54855.56911415339), np.float64(54801.90849961043), np.float64(54845.91508676052), np.float64(54706.652261419295), np.float64(54737.8277631402), np.float64(54655.657460114955), np.float64(54602.42180976152), np.float64(54670.79726008654), np.float64(54613.65953703404), np.float64(54534.225745835305), np.float64(54522.34851184607), np.float64(54462.771623122695), np.float64(54628.43657212019), np.float64(54558.99330268621), np.float64(54425.74874293089)]"
488,"[np.float64(55073.884937024115), np.float64(55088.49829650879), np.float64(55024.17159591675), np.float64(54970.848634738926), np.float64(54961.46117579222), np.float64(54974.72353548527), np.float64(54980.55133984804), np.float64(54947.435425882344), np.float64(54899.0792658639), np.float64(54987.73774184704), np.float64(54832.87898830414), np.float64(54867.42999346018), np.float64(54831.440420134066), np.float64(54823.421088323594), np.float64(54812.66575979471), np.float64(54758.71333650828), np.float64(54799.0746323514), np.float64(54779.67424443722), np.float64(54728.244305558204), np.float64(54695.76197456598), np.float64(54625.27432344198), np.float64(54668.94235578775), np.float64(54701.83947758436), np.float64(54668.87680828095), np.float64(54694.42076182843), np.float64(54672.65319460154), np.float64(54740.4967958045), np.float64(54800.47984727145), np.float64(54729.69072912693)]","[np.float64(55088.49829650879), np.float64(55092.525937579936), np.float64(55024.17159591675), np.float64(54976.30056906165), np.float64(54994.552131177705), np.float64(54980.55133984804), np.float64(54980.55133984804), np.float64(54963.009323965794), np.float64(54988.44544305438), np.float64(55001.728001772964), np.float64(54867.42999346018), np.float64(54904.68144708292), np.float64(54831.440420134066), np.float64(54828.1296639318), np.float64(54812.66575979471), np.float64(54824.96803040599), np.float64(54831.46484584591), np.float64(54779.689568476686), np.float64(54766.90811694204), np.float64(54695.76197456598), np.float64(54684.092520504164), np.float64(54731.300452942305), np.float64(54701.83947758436), np.float64(54694.42076182843), np.float64(54694.43544992534), np.float64(54740.4967958045), np.float64(54807.576356726626), np.float64(54800.48907017458), np.float64(54735.11735924558)]","[np.float64(55068.61262230207), np.float64(55024.17159591675), np.float64(54970.83367354531), np.float64(54961.45271162146), np.float64(54961.46117579222), np.float64(54959.685792770026), np.float64(54935.387682143395), np.float64(54899.0792658639), np.float64(54899.07037461458), np.float64(54802.21035050771), np.float64(54832.87898830414), np.float64(54831.440420134066), np.float64(54823.421088323594), np.float64(54807.74684826647), np.float64(54749.53624696756), np.float64(54742.02756387422), np.float64(54776.76841158771), np.float64(54690.7472366035), np.float64(54695.76197456598), np.float64(54590.85252137278), np.float64(54618.05605662629), np.float64(54668.94235578775), np.float64(54642.632769701544), np.float64(54649.68454576099), np.float64(54672.65319460154), np.float64(54638.00606614342), np.float64(54740.4967958045), np.float64(54729.68611841363), np.float64(54625.949416685464)]","[np.float64(55088.49829650879), np.float64(55024.17159591675), np.float64(54970.848634738926), np.float64(54961.46117579222), np.float64(54974.72353548527), np.float64(54980.55133984804), np.float64(54947.435425882344), np.float64(54899.0792658639), np.float64(54987.73774184704), np.float64(54832.87898830414), np.float64(54867.42999346018), np.float64(54831.440420134066), np.float64(54823.421088323594), np.float64(54812.66575979471), np.float64(54758.71333650828), np.float64(54799.0746323514), np.float64(54779.67424443722), np.float64(54728.244305558204), np.float64(54695.76197456598), np.float64(54625.27432344198), np.float64(54668.94235578775), np.float64(54701.83947758436), np.float64(54668.87680828095), np.float64(54694.42076182843), np.float64(54672.65319460154), np.float64(54740.4967958045), np.float64(54800.47984727145), np.float64(54729.69072912693), np.float64(54652.0112673688)]"
489,"[np.float64(55065.398917267325), np.float64(55089.15660467148), np.float64(55063.486449637414), np.float64(55041.41174920082), np.float64(55051.12540035725), np.float64(54957.399033248425), np.float64(54921.10013750315), np.float64(55004.40470858336), np.float64(54901.860076987745), np.float64(54940.29061886311), np.float64(54871.60893676758), np.float64(54898.129148957734), np.float64(54903.004775981906), np.float64(54932.067948126794), np.float64(54876.374716987615), np.float64(54844.649079806804), np.float64(54825.12094508171), np.float64(54866.84598964215), np.float64(54731.68278095961), np.float64(54728.52040350437), np.float64(54779.67282788992), np.float64(54647.66298227072), np.float64(54707.03563062906), np.float64(54709.25793578625), np.float64(54728.38750561237), np.float64(54763.927003228666), np.float64(54664.2941489935), np.float64(54610.85129640341), np.float64(54616.2158897996)]","[np.float64(55089.16229789091), np.float64(55092.93333267176), np.float64(55063.486449637414), np.float64(55051.65804315186), np.float64(55051.13936759184), np.float64(54957.399033248425), np.float64(55048.1616199848), np.float64(55004.544891277495), np.float64(54963.7189292504), np.float64(54940.29061886311), np.float64(54898.13445721954), np.float64(54916.02803514606), np.float64(54964.452013243164), np.float64(54932.067948126794), np.float64(54920.512576760615), np.float64(54847.88339432147), np.float64(54899.92085552049), np.float64(54866.84598964215), np.float64(54741.526252799005), np.float64(54790.84459206111), np.float64(54779.67831065748), np.float64(54724.227464711854), np.float64(54709.2686018688), np.float64(54728.38750561237), np.float64(54803.40603090123), np.float64(54763.927003228666), np.float64(54679.124214606374), np.float64(54616.2299227842), np.float64(54616.22779335865)]","[np.float64(55065.39342806927), np.float64(55062.731755438916), np.float64(55033.38069345438), np.float64(55041.41174920082), np.float64(54957.38971469935), np.float64(54911.48491673382), np.float64(54917.250573557394), np.float64(54901.84482216789), np.float64(54889.692740117716), np.float64(54871.59990286158), np.float64(54871.60893676758), np.float64(54857.79766747034), np.float64(54850.741542311436), np.float64(54876.365410448496), np.float64(54843.53892503809), np.float64(54809.62318073842), np.float64(54797.847913660866), np.float64(54731.68278095961), np.float64(54683.25958485058), np.float64(54728.52040350437), np.float64(54603.12133688576), np.float64(54647.66298227072), np.float64(54662.49209772468), np.float64(54700.24097211341), np.float64(54728.381839616704), np.float64(54664.285514026364), np.float64(54586.0432594984), np.float64(54610.85129640341), np.float64(54504.07028737237)]","[np.float64(55089.15660467148), np.float64(55063.486449637414), np.float64(55041.41174920082), np.float64(55051.12540035725), np.float64(54957.399033248425), np.float64(54921.10013750315), np.float64(55004.40470858336), np.float64(54901.860076987745), np.float64(54940.29061886311), np.float64(54871.60893676758), np.float64(54898.129148957734), np.float64(54903.004775981906), np.float64(54932.067948126794), np.float64(54876.374716987615), np.float64(54844.649079806804), np.float64(54825.12094508171), np.float64(54866.84598964215), np.float64(54731.68278095961), np.float64(54728.52040350437), np.float64(54779.67282788992), np.float64(54647.66298227072), np.float64(54707.03563062906), np.float64(54709.25793578625), np.float64(54728.38750561237), np.float64(54763.927003228666), np.float64(54664.2941489935), np.float64(54610.85129640341), np.float64(54616.2158897996), np.float64(54561.18611790419)]"
490,"[np.float64(55037.0817504406), np.float64(55047.39035146237), np.float64(55062.44451471091), np.float64(55066.53640474797), np.float64(55001.26473833084), np.float64(54997.23813824654), np.float64(54939.26877315283), np.float64(55008.834767093664), np.float64(54929.848991172315), np.float64(54949.633907289506), np.float64(54827.84148855686), np.float64(54841.50589012862), np.float64(54841.64265133143), np.float64(54899.33540337086), np.float64(54849.60223060131), np.float64(54909.08588475704), np.float64(54789.11244153261), np.float64(54856.27004751206), np.float64(54705.81482441187), np.float64(54788.97529399872), np.float64(54726.550501320366), np.float64(54629.39737751961), np.float64(54762.64489914656), np.float64(54596.77236158133), np.float64(54770.15994011879), np.float64(54658.61443821192), np.float64(54437.54677904844), np.float64(54579.35655643225), np.float64(54567.692963531015)]","[np.float64(55050.42098882619), np.float64(55115.37200871584), np.float64(55066.89926842628), np.float64(55083.365087155114), np.float64(55001.26473833084), np.float64(55032.429666920005), np.float64(55008.834767093664), np.float64(55038.194633804516), np.float64(54955.08828980917), np.float64(54956.22945566881), np.float64(54863.52247873316), np.float64(54847.90794352641), np.float64(54899.346955784466), np.float64(54975.95752831133), np.float64(54909.08588475704), np.float64(54948.16845730256), np.float64(54861.9889461284), np.float64(54896.735349247305), np.float64(54801.86063486273), np.float64(54788.97529399872), np.float64(54847.39123100686), np.float64(54767.80392207023), np.float64(54766.16950295146), np.float64(54782.213727494825), np.float64(54770.15994011879), np.float64(54659.61678226463), np.float64(54601.87874760753), np.float64(54586.08192244769), np.float64(54589.90169678375)]","[np.float64(55037.0730090432), np.float64(55034.622568709274), np.float64(55059.23732204568), np.float64(55001.2552705961), np.float64(54986.85031651301), np.float64(54932.57419440598), np.float64(54922.61080214407), np.float64(54929.848991172315), np.float64(54909.898108288544), np.float64(54827.84148855686), np.float64(54815.54272748239), np.float64(54841.50589012862), np.float64(54838.11151563808), np.float64(54844.124967120166), np.float64(54839.6804434857), np.float64(54774.511815446946), np.float64(54768.27101186244), np.float64(54669.34196414278), np.float64(54694.42371041646), np.float64(54713.06803425922), np.float64(54618.24234490827), np.float64(54623.61989012751), np.float64(54586.985012216246), np.float64(54571.11891898629), np.float64(54608.99030400005), np.float64(54425.489007882985), np.float64(54423.197226847005), np.float64(54553.41857159557), np.float64(54448.31237164452)]","[np.float64(55047.39035146237), np.float64(55062.44451471091), np.float64(55066.53640474797), np.float64(55001.26473833084), np.float64(54997.23813824654), np.float64(54939.26877315283), np.float64(55008.834767093664), np.float64(54929.848991172315), np.float64(54949.633907289506), np.float64(54827.84148855686), np.float64(54841.50589012862), np.float64(54841.64265133143), np.float64(54899.33540337086), np.float64(54849.60223060131), np.float64(54909.08588475704), np.float64(54789.11244153261), np.float64(54856.27004751206), np.float64(54705.81482441187), np.float64(54788.97529399872), np.float64(54726.550501320366), np.float64(54629.39737751961), np.float64(54762.64489914656), np.float64(54596.77236158133), np.float64(54770.15994011879), np.float64(54658.61443821192), np.float64(54437.54677904844), np.float64(54579.35655643225), np.float64(54567.692963531015), np.float64(54468.050064687726)]"
491,"[np.float64(54986.00221385241), np.float64(55002.55379637241), np.float64(55002.80027560234), np.float64(55037.09308281899), np.float64(55004.91685482025), np.float64(54966.58173672199), np.float64(54960.69752802134), np.float64(54956.44221993685), np.float64(55006.739564862255), np.float64(54945.112674644), np.float64(54956.80343949795), np.float64(54885.241144082545), np.float64(54926.874756953715), np.float64(54883.16384185791), np.float64(54800.42202638626), np.float64(54836.65267030716), np.float64(54832.475787432195), np.float64(54817.4199500823), np.float64(54779.700128619676), np.float64(54808.54193305493), np.float64(54761.01290788174), np.float64(54655.78366160154), np.float64(54663.75972433091), np.float64(54693.059331097604), np.float64(54676.64618388176), np.float64(54685.779179422854), np.float64(54579.21657580376), np.float64(54612.231786134245), np.float64(54497.920153684616)]","[np.float64(55002.55379637241), np.float64(55002.80027560234), np.float64(55050.060034038346), np.float64(55037.09308281899), np.float64(55004.91685482025), np.float64(54972.64080242048), np.float64(54971.4143431904), np.float64(55006.75470185203), np.float64(55006.739564862255), np.float64(54968.377069616814), np.float64(54973.261977818176), np.float64(54926.874756953715), np.float64(54932.744389591106), np.float64(54899.92098123501), np.float64(54870.31392835179), np.float64(54836.65267030716), np.float64(54858.003001633326), np.float64(54817.4199500823), np.float64(54834.31673504676), np.float64(54811.67097457119), np.float64(54778.71463063551), np.float64(54663.75972433091), np.float64(54702.91210173598), np.float64(54695.6272373186), np.float64(54687.40989745193), np.float64(54685.779179422854), np.float64(54631.32608771083), np.float64(54612.24018611269), np.float64(54526.68569555957)]","[np.float64(54971.590173938304), np.float64(55002.544495974435), np.float64(55002.79099009673), np.float64(54996.312040369114), np.float64(54947.93014995617), np.float64(54960.69752802134), np.float64(54943.32262599122), np.float64(54950.97186604176), np.float64(54933.87360694259), np.float64(54944.56452150353), np.float64(54885.241144082545), np.float64(54876.20545454905), np.float64(54883.16384185791), np.float64(54795.72883954416), np.float64(54800.39615347251), np.float64(54821.098793723686), np.float64(54817.4199500823), np.float64(54751.95668164167), np.float64(54779.69084984509), np.float64(54744.45652550884), np.float64(54652.13422485137), np.float64(54644.839339470585), np.float64(54660.27532218359), np.float64(54671.11889399082), np.float64(54656.709651463876), np.float64(54573.97178240834), np.float64(54579.20352155489), np.float64(54493.41806964742), np.float64(54441.01299532018)]","[np.float64(55002.55379637241), np.float64(55002.80027560234), np.float64(55037.09308281899), np.float64(55004.91685482025), np.float64(54966.58173672199), np.float64(54960.69752802134), np.float64(54956.44221993685), np.float64(55006.739564862255), np.float64(54945.112674644), np.float64(54956.80343949795), np.float64(54885.241144082545), np.float64(54926.874756953715), np.float64(54883.16384185791), np.float64(54800.42202638626), np.float64(54836.65267030716), np.float64(54832.475787432195), np.float64(54817.4199500823), np.float64(54779.700128619676), np.float64(54808.54193305493), np.float64(54761.01290788174), np.float64(54655.78366160154), np.float64(54663.75972433091), np.float64(54693.059331097604), np.float64(54676.64618388176), np.float64(54685.779179422854), np.float64(54579.21657580376), np.float64(54612.231786134245), np.float64(54497.920153684616), np.float64(54455.53126354933)]"
492,"[np.float64(55129.88079417706), np.float64(55090.869854240416), np.float64(55038.32715306997), np.float64(55103.090536561016), np.float64(55093.091773066524), np.float64(55076.9217568779), np.float64(55024.40841686964), np.float64(55005.70484144926), np.float64(54984.200623242854), np.float64(54973.937609288696), np.float64(54937.51650414467), np.float64(54949.73615624905), np.float64(54927.12097862959), np.float64(54937.10750830651), np.float64(54916.34414433718), np.float64(54893.18874708891), np.float64(54871.63713893652), np.float64(54809.09515916347), np.float64(54788.41215205908), np.float64(54741.62153435946), np.float64(54671.82348421574), np.float64(54636.68319538355), np.float64(54610.261497619154), np.float64(54630.984296824936), np.float64(54661.977192721366), np.float64(54595.69681585074), np.float64(54606.23399609566), np.float64(54563.79604191303), np.float64(54488.113911845685)]","[np.float64(55131.63796494577), np.float64(55093.65221268902), np.float64(55109.14993444211), np.float64(55103.129478029405), np.float64(55101.64165434957), np.float64(55109.300595549255), np.float64(55024.40841686964), np.float64(55021.72740577086), np.float64(54994.37110458221), np.float64(55020.88989702356), np.float64(54957.372658483575), np.float64(54959.91986234303), np.float64(54938.50282973512), np.float64(54956.190684645255), np.float64(54916.35345300311), np.float64(54953.18337556887), np.float64(54885.9439484544), np.float64(54879.01795426561), np.float64(54796.9264773261), np.float64(54746.97284432011), np.float64(54680.6925878253), np.float64(54662.72928988168), np.float64(54643.42979463159), np.float64(54705.36595346732), np.float64(54661.977192721366), np.float64(54649.59189571093), np.float64(54606.23399609566), np.float64(54649.34414114556), np.float64(54493.96074301201)]","[np.float64(55090.869854240416), np.float64(55029.64350169086), np.float64(55009.83608819705), np.float64(55093.091773066524), np.float64(55051.79343013272), np.float64(55004.08017473108), np.float64(55005.69300882358), np.float64(54980.81439380797), np.float64(54962.269106517095), np.float64(54916.5538540112), np.float64(54937.5084796476), np.float64(54927.12097862959), np.float64(54927.11485958932), np.float64(54904.028841717096), np.float64(54853.32808590231), np.float64(54860.216777840054), np.float64(54794.53215462083), np.float64(54767.71736239641), np.float64(54730.11797950255), np.float64(54644.80226225251), np.float64(54620.197670531365), np.float64(54594.348231011296), np.float64(54608.65270528139), np.float64(54585.39898954901), np.float64(54586.231277589366), np.float64(54576.85303133943), np.float64(54559.088502793464), np.float64(54450.73294167412), np.float64(54488.09808679817)]","[np.float64(55090.869854240416), np.float64(55038.32715306997), np.float64(55103.090536561016), np.float64(55093.091773066524), np.float64(55076.9217568779), np.float64(55024.40841686964), np.float64(55005.70484144926), np.float64(54984.200623242854), np.float64(54973.937609288696), np.float64(54937.51650414467), np.float64(54949.73615624905), np.float64(54927.12097862959), np.float64(54937.10750830651), np.float64(54916.34414433718), np.float64(54893.18874708891), np.float64(54871.63713893652), np.float64(54809.09515916347), np.float64(54788.41215205908), np.float64(54741.62153435946), np.float64(54671.82348421574), np.float64(54636.68319538355), np.float64(54610.261497619154), np.float64(54630.984296824936), np.float64(54661.977192721366), np.float64(54595.69681585074), np.float64(54606.23399609566), np.float64(54563.79604191303), np.float64(54488.113911845685), np.float64(54489.62214838743)]"
493,"[np.float64(55110.20727018834), np.float64(55102.614319114684), np.float64(55123.15528515816), np.float64(55084.10725743771), np.float64(55067.36778923512), np.float64(55056.662426192765), np.float64(55067.42934465408), np.float64(55058.74887158632), np.float64(55065.18218553066), np.float64(55011.49452781201), np.float64(54937.47478038788), np.float64(55012.86355638743), np.float64(54970.29759783983), np.float64(54942.37732181072), np.float64(54865.92214324951), np.float64(54839.33883031607), np.float64(54826.805863704685), np.float64(54846.51441504479), np.float64(54766.881148231034), np.float64(54809.84798966408), np.float64(54733.09752537966), np.float64(54793.235366833214), np.float64(54683.73149591446), np.float64(54748.98976952076), np.float64(54702.70550309181), np.float64(54771.131305234434), np.float64(54712.659452180866), np.float64(54686.29776451111), np.float64(54653.10497066021)]","[np.float64(55110.20727018834), np.float64(55133.47563570822), np.float64(55132.38259350773), np.float64(55084.10725743771), np.float64(55177.435773782396), np.float64(55067.42934465408), np.float64(55076.08426970641), np.float64(55073.87868200614), np.float64(55065.19389430924), np.float64(55027.048563675744), np.float64(55012.87283024139), np.float64(55062.10293823166), np.float64(54970.308322534074), np.float64(54952.99523917497), np.float64(54878.01882571249), np.float64(54843.90722086609), np.float64(54846.51441504479), np.float64(54846.52831688486), np.float64(54842.21939133001), np.float64(54820.9727787361), np.float64(54796.97336416428), np.float64(54814.70374805318), np.float64(54748.99862119943), np.float64(54748.98976952076), np.float64(54942.95023775199), np.float64(54771.131305234434), np.float64(54890.001296087736), np.float64(54686.29776451111), np.float64(54689.17841004405)]","[np.float64(55102.59832841147), np.float64(55102.614319114684), np.float64(55045.43551089788), np.float64(55067.36778923512), np.float64(55047.39349468463), np.float64(55056.662426192765), np.float64(55039.65779141258), np.float64(55058.74887158632), np.float64(55003.87800070306), np.float64(54926.83184978122), np.float64(54937.47478038788), np.float64(54963.05913416092), np.float64(54942.37732181072), np.float64(54853.04325922054), np.float64(54839.32377684343), np.float64(54762.43800839208), np.float64(54826.805863704685), np.float64(54673.36942121271), np.float64(54765.5811504817), np.float64(54689.861736914296), np.float64(54720.857885313504), np.float64(54683.73149591446), np.float64(54678.734015230046), np.float64(54681.35888664933), np.float64(54702.70550309181), np.float64(54683.57516510456), np.float64(54682.93048436706), np.float64(54648.576183435616), np.float64(54542.75391832148)]","[np.float64(55102.614319114684), np.float64(55123.15528515816), np.float64(55084.10725743771), np.float64(55067.36778923512), np.float64(55056.662426192765), np.float64(55067.42934465408), np.float64(55058.74887158632), np.float64(55065.18218553066), np.float64(55011.49452781201), np.float64(54937.47478038788), np.float64(55012.86355638743), np.float64(54970.29759783983), np.float64(54942.37732181072), np.float64(54865.92214324951), np.float64(54839.33883031607), np.float64(54826.805863704685), np.float64(54846.51441504479), np.float64(54766.881148231034), np.float64(54809.84798966408), np.float64(54733.09752537966), np.float64(54793.235366833214), np.float64(54683.73149591446), np.float64(54748.98976952076), np.float64(54702.70550309181), np.float64(54771.131305234434), np.float64(54712.659452180866), np.float64(54686.29776451111), np.float64(54653.10497066021), np.float64(54566.652187597756)]"
494,"[np.float64(55069.55442315579), np.float64(55073.39893252373), np.float64(55052.1561316824), np.float64(55025.249974741935), np.float64(54983.936759114265), np.float64(54925.39291970253), np.float64(54936.0613237381), np.float64(54952.71116312981), np.float64(54905.05786812544), np.float64(54937.64463728666), np.float64(54992.0821636343), np.float64(54888.8834735179), np.float64(54860.232645413875), np.float64(54887.08948075295), np.float64(54842.508161730766), np.float64(54878.71781499624), np.float64(54784.095546109675), np.float64(54800.97860069752), np.float64(54699.57712277174), np.float64(54722.08528668166), np.float64(54758.73561493397), np.float64(54587.72113945246), np.float64(54760.074509685044), np.float64(54607.93848882675), np.float64(54742.45124474526), np.float64(54616.969750516415), np.float64(54500.08541061878), np.float64(54533.01253746271), np.float64(54530.51078615666)]","[np.float64(55073.39893252373), np.float64(55094.98959730004), np.float64(55052.1561316824), np.float64(55104.748411106586), np.float64(54983.936759114265), np.float64(54945.93012236857), np.float64(54952.71960239945), np.float64(54959.13093545352), np.float64(55000.98590752238), np.float64(55036.75933914154), np.float64(54993.133578537774), np.float64(54888.8834735179), np.float64(54887.08948075295), np.float64(54927.25043872449), np.float64(54878.71781499624), np.float64(54923.59870497325), np.float64(54850.52372896084), np.float64(54800.99346033632), np.float64(54756.003718289416), np.float64(54758.73561493397), np.float64(54830.8888207043), np.float64(54760.08327788168), np.float64(54774.20519363238), np.float64(54752.96655783523), np.float64(54742.45679826332), np.float64(54620.70335724185), np.float64(54557.784367881344), np.float64(54545.68571776817), np.float64(54561.87844577523)]","[np.float64(54975.867043274884), np.float64(55050.420880068414), np.float64(54988.93338084356), np.float64(54982.96783334653), np.float64(54901.12175683778), np.float64(54905.06904636277), np.float64(54924.58359772335), np.float64(54905.049344444065), np.float64(54895.84894017247), np.float64(54928.97753096529), np.float64(54869.616769620596), np.float64(54860.232645413875), np.float64(54748.18857580112), np.float64(54840.18995287442), np.float64(54752.32201480463), np.float64(54771.819981858505), np.float64(54771.24730024238), np.float64(54646.71065884526), np.float64(54680.03378940896), np.float64(54713.341068203015), np.float64(54525.611686789416), np.float64(54587.50670905023), np.float64(54560.71627156416), np.float64(54597.57113420632), np.float64(54607.245212183596), np.float64(54465.63578039457), np.float64(54496.24341695589), np.float64(54526.923904941585), np.float64(54422.07060772152)]","[np.float64(55073.39893252373), np.float64(55052.1561316824), np.float64(55025.249974741935), np.float64(54983.936759114265), np.float64(54925.39291970253), np.float64(54936.0613237381), np.float64(54952.71116312981), np.float64(54905.05786812544), np.float64(54937.64463728666), np.float64(54992.0821636343), np.float64(54888.8834735179), np.float64(54860.232645413875), np.float64(54887.08948075295), np.float64(54842.508161730766), np.float64(54878.71781499624), np.float64(54784.095546109675), np.float64(54800.97860069752), np.float64(54699.57712277174), np.float64(54722.08528668166), np.float64(54758.73561493397), np.float64(54587.72113945246), np.float64(54760.074509685044), np.float64(54607.93848882675), np.float64(54742.45124474526), np.float64(54616.969750516415), np.float64(54500.08541061878), np.float64(54533.01253746271), np.float64(54530.51078615666), np.float64(54481.97691384077)]"
495,"[np.float64(55080.27923152924), np.float64(55057.04399252415), np.float64(55013.6390516448), np.float64(55030.456172394755), np.float64(55035.475128250124), np.float64(54948.72564291716), np.float64(55007.637269518375), np.float64(54927.767310528754), np.float64(54936.35866989374), np.float64(54897.44585805178), np.float64(54883.6464981556), np.float64(54861.11451049567), np.float64(54860.952508995535), np.float64(54834.60743356228), np.float64(54775.24212549448), np.float64(54786.448044841294), np.float64(54830.7014975524), np.float64(54778.20489855766), np.float64(54741.63582860947), np.float64(54731.634103243356), np.float64(54666.57234338045), np.float64(54571.35100376367), np.float64(54590.95975290775), np.float64(54607.287134623526), np.float64(54575.83772416592), np.float64(54636.8690206337), np.float64(54523.34305682659), np.float64(54442.596255059245), np.float64(54426.85223327637)]","[np.float64(55080.27923152924), np.float64(55088.80209751333), np.float64(55030.456172394755), np.float64(55035.475128250124), np.float64(55037.20681101386), np.float64(55007.637269518375), np.float64(55034.80014886987), np.float64(54941.29127301102), np.float64(54957.3173216686), np.float64(54897.44585805178), np.float64(54894.5597977814), np.float64(54861.12224428271), np.float64(54864.36298573283), np.float64(54834.60743356228), np.float64(54802.814179885), np.float64(54830.7014975524), np.float64(54857.76258529021), np.float64(54778.210397259565), np.float64(54752.163920430205), np.float64(54731.64156078387), np.float64(54692.21560830079), np.float64(54624.89973416969), np.float64(54607.298180771), np.float64(54630.36428522499), np.float64(54636.8690206337), np.float64(54661.68354954402), np.float64(54523.34305682659), np.float64(54482.756574538085), np.float64(54448.35762338672)]","[np.float64(55057.04399252415), np.float64(54997.600559341445), np.float64(55013.6390516448), np.float64(55012.591964763684), np.float64(54948.71700681446), np.float64(54919.33908080637), np.float64(54927.767310528754), np.float64(54914.75143240627), np.float64(54883.48661415281), np.float64(54868.98673090668), np.float64(54861.106120294426), np.float64(54848.800358558074), np.float64(54830.862587269025), np.float64(54763.25556129075), np.float64(54775.24212549448), np.float64(54759.37993742696), np.float64(54772.99359879375), np.float64(54733.97059468332), np.float64(54726.82850892896), np.float64(54649.45660581757), np.float64(54571.3443121738), np.float64(54549.41355251443), np.float64(54589.663288325915), np.float64(54553.32718729143), np.float64(54560.39628756083), np.float64(54523.33427353845), np.float64(54392.75689226277), np.float64(54426.84380468875), np.float64(54419.29835306185)]","[np.float64(55057.04399252415), np.float64(55013.6390516448), np.float64(55030.456172394755), np.float64(55035.475128250124), np.float64(54948.72564291716), np.float64(55007.637269518375), np.float64(54927.767310528754), np.float64(54936.35866989374), np.float64(54897.44585805178), np.float64(54883.6464981556), np.float64(54861.11451049567), np.float64(54860.952508995535), np.float64(54834.60743356228), np.float64(54775.24212549448), np.float64(54786.448044841294), np.float64(54830.7014975524), np.float64(54778.20489855766), np.float64(54741.63582860947), np.float64(54731.634103243356), np.float64(54666.57234338045), np.float64(54571.35100376367), np.float64(54590.95975290775), np.float64(54607.287134623526), np.float64(54575.83772416592), np.float64(54636.8690206337), np.float64(54523.34305682659), np.float64(54442.596255059245), np.float64(54426.85223327637), np.float64(54440.095791523454)]"
496,"[np.float64(55002.232111358644), np.float64(54989.23361579418), np.float64(54985.17765454769), np.float64(54978.86294424534), np.float64(54984.15516495228), np.float64(54915.47747494459), np.float64(54942.08486918211), np.float64(54910.87395377875), np.float64(54932.98999164104), np.float64(54906.53442551851), np.float64(54927.22078082561), np.float64(54881.02627198458), np.float64(54861.79908917189), np.float64(54819.44805948257), np.float64(54832.24849597931), np.float64(54755.7054914856), np.float64(54788.99164868116), np.float64(54774.35961652756), np.float64(54774.10425168276), np.float64(54763.16824898482), np.float64(54757.990768609045), np.float64(54705.85564672947), np.float64(54672.440712506774), np.float64(54662.46448499203), np.float64(54632.29640595436), np.float64(54654.12076385022), np.float64(54577.8483198905), np.float64(54542.66463320017), np.float64(54466.59707349062)]","[np.float64(55002.2437682856), np.float64(55008.25672786052), np.float64(54988.13914543008), np.float64(55006.51640220206), np.float64(54984.15516495228), np.float64(54953.51855787629), np.float64(54950.79887727605), np.float64(54932.98999164104), np.float64(54940.78744941856), np.float64(54927.22078082561), np.float64(54952.040800611394), np.float64(54881.02627198458), np.float64(54861.79908917189), np.float64(54832.262060432586), np.float64(54844.854768016725), np.float64(54788.99164868116), np.float64(54795.18750229109), np.float64(54774.35961652756), np.float64(54802.98950941742), np.float64(54763.17391355288), np.float64(54757.999826391235), np.float64(54711.08067791688), np.float64(54678.44821516709), np.float64(54665.04682779405), np.float64(54654.12076385022), np.float64(54662.15738108041), np.float64(54577.8483198905), np.float64(54542.67010831482), np.float64(54497.08835216114)]","[np.float64(54969.927228357716), np.float64(54985.17765454769), np.float64(54960.413829581936), np.float64(54971.72319710807), np.float64(54914.55888746216), np.float64(54913.90894422455), np.float64(54903.85779391589), np.float64(54910.87395377875), np.float64(54905.72704636983), np.float64(54896.34291442722), np.float64(54881.02627198458), np.float64(54850.99164225546), np.float64(54819.44805948257), np.float64(54794.17234705999), np.float64(54755.69048097034), np.float64(54743.685272952556), np.float64(54774.35961652756), np.float64(54769.415858767985), np.float64(54763.15903950363), np.float64(54728.64622247967), np.float64(54705.846455098166), np.float64(54656.681927339916), np.float64(54650.477141892676), np.float64(54618.920901749996), np.float64(54623.00358249332), np.float64(54575.9448265795), np.float64(54537.58405298823), np.float64(54348.29991220828), np.float64(54461.9231613265)]","[np.float64(54989.23361579418), np.float64(54985.17765454769), np.float64(54978.86294424534), np.float64(54984.15516495228), np.float64(54915.47747494459), np.float64(54942.08486918211), np.float64(54910.87395377875), np.float64(54932.98999164104), np.float64(54906.53442551851), np.float64(54927.22078082561), np.float64(54881.02627198458), np.float64(54861.79908917189), np.float64(54819.44805948257), np.float64(54832.24849597931), np.float64(54755.7054914856), np.float64(54788.99164868116), np.float64(54774.35961652756), np.float64(54774.10425168276), np.float64(54763.16824898482), np.float64(54757.990768609045), np.float64(54705.85564672947), np.float64(54672.440712506774), np.float64(54662.46448499203), np.float64(54632.29640595436), np.float64(54654.12076385022), np.float64(54577.8483198905), np.float64(54542.66463320017), np.float64(54466.59707349062), np.float64(54482.71055656433)]"
497,"[np.float64(55043.37946217537), np.float64(55030.15277371884), np.float64(55054.86920608998), np.float64(55001.72730541229), np.float64(54989.44558278084), np.float64(54969.2560492444), np.float64(54946.4550463748), np.float64(54916.14479749918), np.float64(54919.61765636683), np.float64(54877.23340220452), np.float64(54841.56680166245), np.float64(54872.13035495043), np.float64(54802.89493163824), np.float64(54820.403069915774), np.float64(54757.70076274395), np.float64(54729.03254974127), np.float64(54734.543562617306), np.float64(54765.70940606117), np.float64(54787.85132810593), np.float64(54743.04864137411), np.float64(54721.73591460705), np.float64(54679.5470151949), np.float64(54693.57894640207), np.float64(54632.18372605562), np.float64(54653.35376787663), np.float64(54595.32516535044), np.float64(54498.739690685274), np.float64(54499.042960584164), np.float64(54474.16658714533)]","[np.float64(55047.24094248216), np.float64(55054.86920608998), np.float64(55116.81346438921), np.float64(55001.72730541229), np.float64(54998.37489088278), np.float64(54984.64210567764), np.float64(54950.74234075005), np.float64(54919.61765636683), np.float64(54956.30109910926), np.float64(54877.23907299), np.float64(54876.74717452765), np.float64(54895.672464279036), np.float64(54857.735757659466), np.float64(54820.403069915774), np.float64(54798.17532377949), np.float64(54737.5066851204), np.float64(54765.70940606117), np.float64(54818.615404188866), np.float64(54787.85132810593), np.float64(54752.76581718146), np.float64(54731.00636045603), np.float64(54693.59280908275), np.float64(54710.676781511225), np.float64(54654.61303971591), np.float64(54653.35376787663), np.float64(54595.33384570622), np.float64(54520.55107396423), np.float64(54499.042960584164), np.float64(54496.85524711839)]","[np.float64(55030.15277371884), np.float64(55005.75765804108), np.float64(55001.72730541229), np.float64(54979.0376430613), np.float64(54955.59842594372), np.float64(54946.4550463748), np.float64(54869.09529223511), np.float64(54916.14479749918), np.float64(54844.610287757474), np.float64(54841.56680166245), np.float64(54830.1703012551), np.float64(54796.18203286131), np.float64(54802.89493163824), np.float64(54735.63091410982), np.float64(54727.69743819816), np.float64(54687.32392353856), np.float64(54734.543562617306), np.float64(54735.95802186452), np.float64(54743.03893613343), np.float64(54668.87800414301), np.float64(54679.5470151949), np.float64(54658.69267888757), np.float64(54626.51753178725), np.float64(54608.02215211774), np.float64(54595.32516535044), np.float64(54448.66037245345), np.float64(54498.739690685274), np.float64(54460.4047729286), np.float64(54449.01832777702)]","[np.float64(55030.15277371884), np.float64(55054.86920608998), np.float64(55001.72730541229), np.float64(54989.44558278084), np.float64(54969.2560492444), np.float64(54946.4550463748), np.float64(54916.14479749918), np.float64(54919.61765636683), np.float64(54877.23340220452), np.float64(54841.56680166245), np.float64(54872.13035495043), np.float64(54802.89493163824), np.float64(54820.403069915774), np.float64(54757.70076274395), np.float64(54729.03254974127), np.float64(54734.543562617306), np.float64(54765.70940606117), np.float64(54787.85132810593), np.float64(54743.04864137411), np.float64(54721.73591460705), np.float64(54679.5470151949), np.float64(54693.57894640207), np.float64(54632.18372605562), np.float64(54653.35376787663), np.float64(54595.32516535044), np.float64(54498.739690685274), np.float64(54499.042960584164), np.float64(54474.16658714533), np.float64(54467.38338601828)]"
498,"[np.float64(55033.70096714735), np.float64(55024.68309826851), np.float64(55024.52637662649), np.float64(55050.99250246525), np.float64(54936.72452542782), np.float64(55102.739747939115), np.float64(54892.829587960245), np.float64(55009.88211065531), np.float64(55057.48466751099), np.float64(55075.49130166054), np.float64(54969.949255981446), np.float64(54794.37427086115), np.float64(54892.381315128805), np.float64(54896.83661393642), np.float64(54805.57555423498), np.float64(54883.333441202645), np.float64(54741.21125075102), np.float64(54895.87258911133), np.float64(54735.1235743475), np.float64(54734.34653376579), np.float64(54681.37217200041), np.float64(54670.04352814674), np.float64(54734.925000171665), np.float64(54606.843111433984), np.float64(54585.4187349844), np.float64(54471.65762432575), np.float64(54233.81392428398), np.float64(54653.789549336434), np.float64(54423.146931874755)]","[np.float64(55033.70096714735), np.float64(55043.836443184766), np.float64(55061.318609448004), np.float64(55050.99250246525), np.float64(55102.739747939115), np.float64(55111.211227751446), np.float64(55009.88211065531), np.float64(55090.65982422897), np.float64(55075.49130166054), np.float64(55091.12089518501), np.float64(54973.05125311639), np.float64(54927.11623273783), np.float64(54900.328026617055), np.float64(54922.886553837736), np.float64(54883.333441202645), np.float64(54926.87423500931), np.float64(54895.87258911133), np.float64(54940.04202853999), np.float64(54735.1235743475), np.float64(54734.34653376579), np.float64(54717.44306110006), np.float64(54746.851353638696), np.float64(54734.925000171665), np.float64(54668.31185675936), np.float64(54585.4187349844), np.float64(54521.64620120846), np.float64(54683.74054433583), np.float64(54653.789549336434), np.float64(54436.85421769167)]","[np.float64(55007.23726171234), np.float64(55024.52637662649), np.float64(55024.52637662649), np.float64(54936.71058392059), np.float64(54925.289602286604), np.float64(54892.829587960245), np.float64(54876.66439128619), np.float64(55009.88211065531), np.float64(55030.955299015965), np.float64(54969.949255981446), np.float64(54742.07951723272), np.float64(54794.37427086115), np.float64(54880.070946996464), np.float64(54797.15369063137), np.float64(54788.685387310805), np.float64(54728.30749544628), np.float64(54727.416317041345), np.float64(54735.1235743475), np.float64(54716.85337114926), np.float64(54681.37217200041), np.float64(54645.0408760535), np.float64(54670.04352814674), np.float64(54490.51528979335), np.float64(54585.413307605515), np.float64(54461.35215351575), np.float64(54219.95265180644), np.float64(54209.07381441301), np.float64(54423.146931874755), np.float64(54106.27316370996)]","[np.float64(55024.68309826851), np.float64(55024.52637662649), np.float64(55050.99250246525), np.float64(54936.72452542782), np.float64(55102.739747939115), np.float64(54892.829587960245), np.float64(55009.88211065531), np.float64(55057.48466751099), np.float64(55075.49130166054), np.float64(54969.949255981446), np.float64(54794.37427086115), np.float64(54892.381315128805), np.float64(54896.83661393642), np.float64(54805.57555423498), np.float64(54883.333441202645), np.float64(54741.21125075102), np.float64(54895.87258911133), np.float64(54735.1235743475), np.float64(54734.34653376579), np.float64(54681.37217200041), np.float64(54670.04352814674), np.float64(54734.925000171665), np.float64(54606.843111433984), np.float64(54585.4187349844), np.float64(54471.65762432575), np.float64(54233.81392428398), np.float64(54653.789549336434), np.float64(54423.146931874755), np.float64(54141.66018223047)]"
499,"[np.float64(55144.87301567555), np.float64(55141.34916110516), np.float64(55133.381468882566), np.float64(55037.19971019745), np.float64(55004.93488360405), np.float64(55068.84717972279), np.float64(54968.73063897371), np.float64(54994.14993635893), np.float64(54945.88224615812), np.float64(54964.21726172686), np.float64(54886.533163995744), np.float64(54943.60212011576), np.float64(54868.23304700136), np.float64(54941.03314720154), np.float64(54913.387166240216), np.float64(54890.20086250544), np.float64(54880.87869351149), np.float64(54952.090200304985), np.float64(54866.26262970924), np.float64(54850.320548858646), np.float64(54813.52315724135), np.float64(54808.86014108896), np.float64(54830.79241413355), np.float64(54734.83408359051), np.float64(54844.34787034035), np.float64(54729.92214144469), np.float64(54653.85702849865), np.float64(54627.52032357216), np.float64(54676.34858017206)]","[np.float64(55144.883776426446), np.float64(55174.72292259638), np.float64(55133.395197650476), np.float64(55042.22912520769), np.float64(55080.974970156356), np.float64(55068.84717972279), np.float64(55074.431434249695), np.float64(54994.1628736732), np.float64(54969.1984718951), np.float64(54982.059142779566), np.float64(54943.61351880793), np.float64(54975.45741200828), np.float64(54954.80954532856), np.float64(54959.053988200896), np.float64(54934.40890652029), np.float64(54914.46583196239), np.float64(54967.02824045549), np.float64(54959.3045439491), np.float64(54876.64123803646), np.float64(54864.10356800322), np.float64(54823.43966778872), np.float64(54839.04221741473), np.float64(54874.309271228136), np.float64(54847.76820031021), np.float64(54978.041072374785), np.float64(54729.92214144469), np.float64(54741.464257162894), np.float64(54676.34858017206), np.float64(54718.503413458646)]","[np.float64(55141.34916110516), np.float64(55112.04994888405), np.float64(55037.19971019745), np.float64(54990.322992332134), np.float64(55004.92636950167), np.float64(54930.232899736955), np.float64(54968.721334111215), np.float64(54919.07625820311), np.float64(54924.655473682054), np.float64(54886.533163995744), np.float64(54877.496026639565), np.float64(54787.42177695896), np.float64(54868.23304700136), np.float64(54886.94368074081), np.float64(54881.35896013173), np.float64(54861.88357792363), np.float64(54848.14440494217), np.float64(54851.68403158669), np.float64(54844.6819824773), np.float64(54786.52734224466), np.float64(54800.28817573812), np.float64(54805.06191590798), np.float64(54725.21488481596), np.float64(54716.30924354919), np.float64(54725.77122864233), np.float64(54636.729771970444), np.float64(54603.29804181755), np.float64(54627.02451965616), np.float64(54643.40488679418)]","[np.float64(55141.34916110516), np.float64(55133.381468882566), np.float64(55037.19971019745), np.float64(55004.93488360405), np.float64(55068.84717972279), np.float64(54968.73063897371), np.float64(54994.14993635893), np.float64(54945.88224615812), np.float64(54964.21726172686), np.float64(54886.533163995744), np.float64(54943.60212011576), np.float64(54868.23304700136), np.float64(54941.03314720154), np.float64(54913.387166240216), np.float64(54890.20086250544), np.float64(54880.87869351149), np.float64(54952.090200304985), np.float64(54866.26262970924), np.float64(54850.320548858646), np.float64(54813.52315724135), np.float64(54808.86014108896), np.float64(54830.79241413355), np.float64(54734.83408359051), np.float64(54844.34787034035), np.float64(54729.92214144469), np.float64(54653.85702849865), np.float64(54627.52032357216), np.float64(54676.34858017206), np.float64(54661.10550102472)]"
500,"[np.float64(55052.41265552044), np.float64(54988.17223553658), np.float64(55023.93915338278), np.float64(55033.57927285672), np.float64(55028.43875148773), np.float64(55086.190869736674), np.float64(54928.37900140762), np.float64(55001.30762108088), np.float64(54943.79425544024), np.float64(54946.743764469626), np.float64(54864.65549241066), np.float64(54930.7792764163), np.float64(54865.98601665497), np.float64(54924.342614269255), np.float64(54922.66181651116), np.float64(54876.15219028473), np.float64(54837.55166273356), np.float64(54855.404408335686), np.float64(54786.70006148338), np.float64(54852.74464761734), np.float64(54734.48252230644), np.float64(54723.261793601516), np.float64(54676.857893314365), np.float64(54749.10824438572), np.float64(54841.83182478428), np.float64(54744.03133886814), np.float64(54695.15234411955), np.float64(54783.10525077105), np.float64(54715.68352310896)]","[np.float64(55052.42244517261), np.float64(55052.20592175386), np.float64(55033.5848006892), np.float64(55048.311091334646), np.float64(55086.190869736674), np.float64(55096.185767722534), np.float64(55041.01254684561), np.float64(55005.11221029753), np.float64(54946.75268168324), np.float64(54946.743764469626), np.float64(54953.28326806187), np.float64(54930.7792764163), np.float64(54924.342614269255), np.float64(54985.880046744554), np.float64(54928.015826072544), np.float64(54880.99964479394), np.float64(54855.404408335686), np.float64(54862.04763341991), np.float64(54852.74464761734), np.float64(54852.75795279047), np.float64(54737.554699448534), np.float64(54735.30269406444), np.float64(54749.12232301139), np.float64(54841.83182478428), np.float64(54841.83182478428), np.float64(54744.11339271669), np.float64(54785.21620002493), np.float64(54783.11426094591), np.float64(54727.17182803671)]","[np.float64(54975.8489478443), np.float64(54988.17223553658), np.float64(55006.619318864585), np.float64(55028.43875148773), np.float64(55008.477520539935), np.float64(54928.37900140762), np.float64(54915.8297942134), np.float64(54943.79425544024), np.float64(54936.76012728763), np.float64(54864.65549241066), np.float64(54835.67187044193), np.float64(54856.789548312954), np.float64(54864.43627208462), np.float64(54892.94331019836), np.float64(54876.15219028473), np.float64(54743.58111702481), np.float64(54837.55166273356), np.float64(54376.303148844156), np.float64(54786.69141242618), np.float64(54734.48252230644), np.float64(54708.4152895939), np.float64(54664.41361773686), np.float64(54676.8419593894), np.float64(54735.0762105594), np.float64(54744.02205985612), np.float64(54681.84923000075), np.float64(54691.33053597074), np.float64(54712.93223237127), np.float64(54591.74227133885)]","[np.float64(54988.17223553658), np.float64(55023.93915338278), np.float64(55033.57927285672), np.float64(55028.43875148773), np.float64(55086.190869736674), np.float64(54928.37900140762), np.float64(55001.30762108088), np.float64(54943.79425544024), np.float64(54946.743764469626), np.float64(54864.65549241066), np.float64(54930.7792764163), np.float64(54865.98601665497), np.float64(54924.342614269255), np.float64(54922.66181651116), np.float64(54876.15219028473), np.float64(54837.55166273356), np.float64(54855.404408335686), np.float64(54786.70006148338), np.float64(54852.74464761734), np.float64(54734.48252230644), np.float64(54723.261793601516), np.float64(54676.857893314365), np.float64(54749.10824438572), np.float64(54841.83182478428), np.float64(54744.03133886814), np.float64(54695.15234411955), np.float64(54783.10525077105), np.float64(54715.68352310896), np.float64(54603.15429349184)]"
501,"[np.float64(55057.11520622015), np.float64(55048.90579951763), np.float64(55045.172811055185), np.float64(55005.45024926663), np.float64(54991.91217795849), np.float64(54998.947395727635), np.float64(54966.768077080254), np.float64(54957.52330307961), np.float64(54989.541264112), np.float64(54966.409304282664), np.float64(54972.77101819992), np.float64(54920.66396971226), np.float64(54886.56033594847), np.float64(54869.94874333382), np.float64(54865.45056177616), np.float64(54835.977363576894), np.float64(54778.014694888596), np.float64(54757.42801300049), np.float64(54769.658611152176), np.float64(54745.88160719395), np.float64(54737.53247741699), np.float64(54718.63200192213), np.float64(54652.51993662596), np.float64(54597.60181441307), np.float64(54611.33691457272), np.float64(54595.65509209395), np.float64(54567.4669598484), np.float64(54570.20810764789), np.float64(54536.96959795237)]","[np.float64(55060.15108251177), np.float64(55048.90579951763), np.float64(55062.92354957994), np.float64(55005.461761820276), np.float64(55007.60531679427), np.float64(55007.61261335308), np.float64(54969.92363662832), np.float64(54989.55058029705), np.float64(54992.57605041101), np.float64(55022.629115949785), np.float64(54982.02656683747), np.float64(54920.66396971226), np.float64(54890.095903744754), np.float64(54892.08815560995), np.float64(54874.82070885782), np.float64(54840.9331032547), np.float64(54791.23959181443), np.float64(54769.658611152176), np.float64(54802.81352137459), np.float64(54757.835242406356), np.float64(54750.89811151479), np.float64(54718.63200192213), np.float64(54690.925384246555), np.float64(54617.57916668097), np.float64(54611.33691457272), np.float64(54602.8458446618), np.float64(54600.68929575444), np.float64(54575.39598717633), np.float64(54550.203801468844)]","[np.float64(55048.89648322786), np.float64(55042.87561929877), np.float64(55001.75408423446), np.float64(54991.89670538402), np.float64(54971.95223065745), np.float64(54966.768077080254), np.float64(54944.34847574787), np.float64(54957.31455515742), np.float64(54945.14342050037), np.float64(54938.301322341), np.float64(54920.6554406939), np.float64(54885.89912482695), np.float64(54869.94029834883), np.float64(54854.32886197627), np.float64(54809.56548078412), np.float64(54758.98709341604), np.float64(54757.417326490424), np.float64(54734.05090759347), np.float64(54745.61193588586), np.float64(54712.30100919603), np.float64(54704.84051111506), np.float64(54641.17779395179), np.float64(54597.585966789964), np.float64(54577.95636859339), np.float64(54589.06976228947), np.float64(54551.99218650398), np.float64(54567.45807663988), np.float64(54521.94115083429), np.float64(54509.52453223955)]","[np.float64(55048.90579951763), np.float64(55045.172811055185), np.float64(55005.45024926663), np.float64(54991.91217795849), np.float64(54998.947395727635), np.float64(54966.768077080254), np.float64(54957.52330307961), np.float64(54989.541264112), np.float64(54966.409304282664), np.float64(54972.77101819992), np.float64(54920.66396971226), np.float64(54886.56033594847), np.float64(54869.94874333382), np.float64(54865.45056177616), np.float64(54835.977363576894), np.float64(54778.014694888596), np.float64(54757.42801300049), np.float64(54769.658611152176), np.float64(54745.88160719395), np.float64(54737.53247741699), np.float64(54718.63200192213), np.float64(54652.51993662596), np.float64(54597.60181441307), np.float64(54611.33691457272), np.float64(54595.65509209395), np.float64(54567.4669598484), np.float64(54570.20810764789), np.float64(54536.96959795237), np.float64(54517.57655032873)]"
502,"[np.float64(55116.5590682745), np.float64(55094.75608736515), np.float64(55087.21451832533), np.float64(55026.04324122906), np.float64(55030.93419271946), np.float64(54994.7782394743), np.float64(55001.17948793888), np.float64(55041.77387020111), np.float64(54916.29649683714), np.float64(54923.42108586311), np.float64(54926.69640077114), np.float64(54978.124923102856), np.float64(54911.084246664046), np.float64(54896.783300247196), np.float64(54901.17768752098), np.float64(54806.322460992335), np.float64(54748.558495256904), np.float64(54757.20934960842), np.float64(54730.78301587105), np.float64(54750.79522344113), np.float64(54668.07620150328), np.float64(54755.23403878928), np.float64(54729.474254944325), np.float64(54650.257324259284), np.float64(54608.121867313384), np.float64(54521.81279941321), np.float64(54485.790516722205), np.float64(54458.76536980867), np.float64(54400.761878802776)]","[np.float64(55116.5590682745), np.float64(55120.45175792917), np.float64(55093.0140459901), np.float64(55030.93419271946), np.float64(55036.03688002099), np.float64(55010.58832110132), np.float64(55058.60235290378), np.float64(55057.523352883836), np.float64(54925.98945079576), np.float64(54926.69640077114), np.float64(55004.87784602076), np.float64(54978.136078103395), np.float64(54954.938116015794), np.float64(54916.02482167991), np.float64(54910.14083541013), np.float64(54817.19808414614), np.float64(54780.140956478106), np.float64(54772.87518366466), np.float64(54754.524774757796), np.float64(54776.437900322824), np.float64(54762.76828391777), np.float64(54795.121974207366), np.float64(54729.474254944325), np.float64(54667.52154589512), np.float64(54612.58125484778), np.float64(54547.16625143961), np.float64(54504.33044923668), np.float64(54465.445751938576), np.float64(54433.36863477009)]","[np.float64(55012.79160021074), np.float64(55087.21451832533), np.float64(54931.39999458119), np.float64(55026.04324122906), np.float64(54879.30396960158), np.float64(54994.7782394743), np.float64(54931.43735967192), np.float64(54916.28722743946), np.float64(54916.29649683714), np.float64(54664.26615535413), np.float64(54926.69640077114), np.float64(54897.24936566143), np.float64(54869.05485128004), np.float64(54877.251109309786), np.float64(54800.442358135726), np.float64(54718.55865222391), np.float64(54748.558495256904), np.float64(54574.64398372076), np.float64(54726.74843845528), np.float64(54662.81468681598), np.float64(54634.35249512674), np.float64(54713.90801918885), np.float64(54650.23128755778), np.float64(54599.56437938812), np.float64(54515.76332140041), np.float64(54455.69209626619), np.float64(54417.35977252814), np.float64(54287.703373506316), np.float64(54391.75219324235)]","[np.float64(55094.75608736515), np.float64(55087.21451832533), np.float64(55026.04324122906), np.float64(55030.93419271946), np.float64(54994.7782394743), np.float64(55001.17948793888), np.float64(55041.77387020111), np.float64(54916.29649683714), np.float64(54923.42108586311), np.float64(54926.69640077114), np.float64(54978.124923102856), np.float64(54911.084246664046), np.float64(54896.783300247196), np.float64(54901.17768752098), np.float64(54806.322460992335), np.float64(54748.558495256904), np.float64(54757.20934960842), np.float64(54730.78301587105), np.float64(54750.79522344113), np.float64(54668.07620150328), np.float64(54755.23403878928), np.float64(54729.474254944325), np.float64(54650.257324259284), np.float64(54608.121867313384), np.float64(54521.81279941321), np.float64(54485.790516722205), np.float64(54458.76536980867), np.float64(54400.761878802776), np.float64(54419.59822333813)]"
503,"[np.float64(54987.47877124548), np.float64(54979.48828548908), np.float64(55007.968612809185), np.float64(55053.05551043987), np.float64(54932.64641453266), np.float64(55021.19375594139), np.float64(54922.06738175392), np.float64(54864.55375855923), np.float64(54926.59930289269), np.float64(55075.251390059), np.float64(54843.2264799881), np.float64(54712.23590453863), np.float64(54845.52952834129), np.float64(54883.569747047426), np.float64(54766.84856764317), np.float64(54846.13890123367), np.float64(54826.989370968346), np.float64(54803.57835132122), np.float64(54685.86649024725), np.float64(54794.63968031407), np.float64(54750.258223237994), np.float64(54686.951307923795), np.float64(54763.12536623478), np.float64(54633.785583496094), np.float64(54781.091821951864), np.float64(54711.45435676098), np.float64(54580.52224608183), np.float64(54656.47545179129), np.float64(54580.570923798085)]","[np.float64(54987.47877124548), np.float64(55009.250049091694), np.float64(55057.36921365605), np.float64(55053.05551043987), np.float64(55026.5081485156), np.float64(55027.18557540663), np.float64(54922.06738175392), np.float64(54926.60565636838), np.float64(55093.2702069034), np.float64(55075.251390059), np.float64(54851.326912024044), np.float64(54845.542460662844), np.float64(54903.300224306244), np.float64(54897.722547513935), np.float64(54846.13890123367), np.float64(54866.66212864464), np.float64(54826.989370968346), np.float64(54815.12417510283), np.float64(54810.93066279213), np.float64(54794.63968031407), np.float64(54793.670497585124), np.float64(54763.139063690425), np.float64(54831.54639314007), np.float64(54781.091821951864), np.float64(54781.10014441095), np.float64(54711.45435676098), np.float64(54730.13707521386), np.float64(54656.47545179129), np.float64(54596.44132153987)]","[np.float64(54976.69913313627), np.float64(54979.48828548908), np.float64(54980.66571202182), np.float64(54932.64641453266), np.float64(54926.558827816676), np.float64(54922.06738175392), np.float64(54851.216849894496), np.float64(54864.55375855923), np.float64(54926.58996163317), np.float64(54843.22080806177), np.float64(54682.857219705606), np.float64(54712.23590453863), np.float64(54845.52952834129), np.float64(54759.043559618825), np.float64(54757.18132259952), np.float64(54810.68725157206), np.float64(54803.56980618414), np.float64(54645.38117371311), np.float64(54685.8407574836), np.float64(54695.603961030974), np.float64(54686.94062437712), np.float64(54686.951307923795), np.float64(54621.03918549009), np.float64(54633.777797487746), np.float64(54707.67101067763), np.float64(54560.33228026836), np.float64(54580.52224608183), np.float64(54580.55743591988), np.float64(54522.30597755596)]","[np.float64(54979.48828548908), np.float64(55007.968612809185), np.float64(55053.05551043987), np.float64(54932.64641453266), np.float64(55021.19375594139), np.float64(54922.06738175392), np.float64(54864.55375855923), np.float64(54926.59930289269), np.float64(55075.251390059), np.float64(54843.2264799881), np.float64(54712.23590453863), np.float64(54845.52952834129), np.float64(54883.569747047426), np.float64(54766.84856764317), np.float64(54846.13890123367), np.float64(54826.989370968346), np.float64(54803.57835132122), np.float64(54685.86649024725), np.float64(54794.63968031407), np.float64(54750.258223237994), np.float64(54686.951307923795), np.float64(54763.12536623478), np.float64(54633.785583496094), np.float64(54781.091821951864), np.float64(54711.45435676098), np.float64(54580.52224608183), np.float64(54656.47545179129), np.float64(54580.570923798085), np.float64(54535.63469528913)]"
504,"[np.float64(55110.24384286404), np.float64(55149.66249086857), np.float64(55089.47622925282), np.float64(55080.11903290749), np.float64(55068.48827814818), np.float64(54990.39866155863), np.float64(54938.39695267916), np.float64(54926.24568117619), np.float64(54930.05606463194), np.float64(54956.59031351805), np.float64(54952.17210249424), np.float64(54969.74733360291), np.float64(54961.7349557519), np.float64(54957.730634093285), np.float64(54834.15877439976), np.float64(54816.23378488541), np.float64(54721.95612332344), np.float64(54767.69398882628), np.float64(54718.85723294258), np.float64(54747.22771345854), np.float64(54733.560865123276), np.float64(54663.25015363455), np.float64(54704.67913980961), np.float64(54669.82100144387), np.float64(54684.677749509814), np.float64(54613.53050245285), np.float64(54559.97548507214), np.float64(54552.16065118075), np.float64(54472.963423380854)]","[np.float64(55149.66249086857), np.float64(55149.66249086857), np.float64(55089.47622925282), np.float64(55133.169042146284), np.float64(55068.48827814818), np.float64(54990.39866155863), np.float64(54961.53159981027), np.float64(54930.05606463194), np.float64(54964.75678656282), np.float64(54956.59031351805), np.float64(54969.75490097056), np.float64(54969.74733360291), np.float64(54975.64327540728), np.float64(54957.730634093285), np.float64(54920.12257380833), np.float64(54816.23378488541), np.float64(54816.79706225064), np.float64(54767.69398882628), np.float64(54747.711911056605), np.float64(54768.993683469496), np.float64(54733.560865123276), np.float64(54718.9789223115), np.float64(54704.67913980961), np.float64(54728.531920197216), np.float64(54709.38860804064), np.float64(54613.53050245285), np.float64(54608.85256509841), np.float64(54563.868627609954), np.float64(54473.70915766055)]","[np.float64(55109.57604982498), np.float64(55076.06705366736), np.float64(55080.11903290749), np.float64(55068.48827814818), np.float64(54990.392971351284), np.float64(54898.48800383268), np.float64(54926.24568117619), np.float64(54921.58939262705), np.float64(54896.51921993297), np.float64(54952.17210249424), np.float64(54950.20681618176), np.float64(54923.97184781018), np.float64(54954.743470799185), np.float64(54823.9795829265), np.float64(54798.48294659304), np.float64(54719.002437694486), np.float64(54691.32387636927), np.float64(54718.85723294258), np.float64(54698.28828027326), np.float64(54715.049150483785), np.float64(54655.969551277245), np.float64(54659.21749251612), np.float64(54660.03447075205), np.float64(54654.68121044), np.float64(54607.30828654965), np.float64(54557.67042129868), np.float64(54442.96708267685), np.float64(54472.963423380854), np.float64(54360.549725199235)]","[np.float64(55149.66249086857), np.float64(55089.47622925282), np.float64(55080.11903290749), np.float64(55068.48827814818), np.float64(54990.39866155863), np.float64(54938.39695267916), np.float64(54926.24568117619), np.float64(54930.05606463194), np.float64(54956.59031351805), np.float64(54952.17210249424), np.float64(54969.74733360291), np.float64(54961.7349557519), np.float64(54957.730634093285), np.float64(54834.15877439976), np.float64(54816.23378488541), np.float64(54721.95612332344), np.float64(54767.69398882628), np.float64(54718.85723294258), np.float64(54747.22771345854), np.float64(54733.560865123276), np.float64(54663.25015363455), np.float64(54704.67913980961), np.float64(54669.82100144387), np.float64(54684.677749509814), np.float64(54613.53050245285), np.float64(54559.97548507214), np.float64(54552.16065118075), np.float64(54472.963423380854), np.float64(54379.63304563046)]"
505,"[np.float64(55080.71436910391), np.float64(55093.572626485824), np.float64(55073.65082038879), np.float64(55065.477857584956), np.float64(55019.45462219), np.float64(55031.675175733566), np.float64(55016.2321058631), np.float64(54954.39749830008), np.float64(55040.5188092947), np.float64(55006.20887473345), np.float64(55014.576677179335), np.float64(54970.691655542854), np.float64(54977.42862571716), np.float64(54924.159750890736), np.float64(54922.931990714074), np.float64(54851.14665348768), np.float64(54887.27079880715), np.float64(54860.39297281265), np.float64(54850.876479284765), np.float64(54756.23270463467), np.float64(54755.20210208654), np.float64(54713.78251663446), np.float64(54701.826084773544), np.float64(54672.56498233795), np.float64(54642.94909919262), np.float64(54610.55807111263), np.float64(54479.83548065663), np.float64(54472.60001461029), np.float64(54421.20175487995)]","[np.float64(55093.580548947975), np.float64(55101.71115194648), np.float64(55073.65082038879), np.float64(55088.5712888567), np.float64(55031.675175733566), np.float64(55031.675175733566), np.float64(55037.96933535269), np.float64(55040.53282017918), np.float64(55045.58009697163), np.float64(55043.97222292044), np.float64(55014.576677179335), np.float64(54981.21257685636), np.float64(54977.43766617693), np.float64(54924.16819368951), np.float64(54922.931990714074), np.float64(54894.27180183276), np.float64(54892.80573080915), np.float64(54868.777727852284), np.float64(54850.876479284765), np.float64(54787.32335838542), np.float64(54760.244127638005), np.float64(54733.177091674705), np.float64(54747.938583000454), np.float64(54680.83375404515), np.float64(54646.47158079094), np.float64(54610.55807111263), np.float64(54479.83548065663), np.float64(54515.790370075156), np.float64(54493.958975724054)]","[np.float64(55080.71436910391), np.float64(55053.581863298634), np.float64(55065.477857584956), np.float64(54952.37507535117), np.float64(55019.45462219), np.float64(55010.42166820066), np.float64(54954.39749830008), np.float64(54938.84130170225), np.float64(54993.26909716397), np.float64(55006.20887473345), np.float64(54951.130137090935), np.float64(54961.89086520468), np.float64(54924.159750890736), np.float64(54904.47459390028), np.float64(54837.813371750824), np.float64(54845.57147050505), np.float64(54860.3833813053), np.float64(54837.714362985564), np.float64(54717.697093620925), np.float64(54728.793188422715), np.float64(54713.7686597635), np.float64(54694.94233038024), np.float64(54670.81527040547), np.float64(54600.158038801215), np.float64(54599.111588792526), np.float64(54479.82200392025), np.float64(54418.80827321385), np.float64(54421.20175487995), np.float64(54389.17562074747)]","[np.float64(55093.572626485824), np.float64(55073.65082038879), np.float64(55065.477857584956), np.float64(55019.45462219), np.float64(55031.675175733566), np.float64(55016.2321058631), np.float64(54954.39749830008), np.float64(55040.5188092947), np.float64(55006.20887473345), np.float64(55014.576677179335), np.float64(54970.691655542854), np.float64(54977.42862571716), np.float64(54924.159750890736), np.float64(54922.931990714074), np.float64(54851.14665348768), np.float64(54887.27079880715), np.float64(54860.39297281265), np.float64(54850.876479284765), np.float64(54756.23270463467), np.float64(54755.20210208654), np.float64(54713.78251663446), np.float64(54701.826084773544), np.float64(54672.56498233795), np.float64(54642.94909919262), np.float64(54610.55807111263), np.float64(54479.83548065663), np.float64(54472.60001461029), np.float64(54421.20175487995), np.float64(54478.007490756514)]"
506,"[np.float64(55080.07061274529), np.float64(55094.13898785115), np.float64(54985.23251356125), np.float64(55016.56885778904), np.float64(54971.35524356365), np.float64(55023.379874753955), np.float64(54951.69498360872), np.float64(54990.62904366016), np.float64(54896.81175997019), np.float64(54978.415959184174), np.float64(54925.22937287808), np.float64(54971.44358460426), np.float64(54939.918839585785), np.float64(54871.884262051586), np.float64(54866.25438797951), np.float64(54875.64545268298), np.float64(54833.97075994015), np.float64(54864.01134972095), np.float64(54862.7926039362), np.float64(54885.391169319155), np.float64(54718.247216165066), np.float64(54841.55765849352), np.float64(54695.8792904377), np.float64(54742.778080840115), np.float64(54688.16940982342), np.float64(54656.245713574885), np.float64(54638.36528091192), np.float64(54647.26094039202), np.float64(54596.978791155816)]","[np.float64(55094.13898785115), np.float64(55094.13898785115), np.float64(55055.82863311172), np.float64(55016.576461518816), np.float64(55029.90228965827), np.float64(55023.379874753955), np.float64(55007.14872019517), np.float64(55006.86441495838), np.float64(54978.415959184174), np.float64(54979.26162349095), np.float64(54971.44358460426), np.float64(54971.486393471736), np.float64(54939.918839585785), np.float64(54899.73873745095), np.float64(54875.64545268298), np.float64(54875.64545268298), np.float64(54864.01134972095), np.float64(54876.57468389687), np.float64(54885.391169319155), np.float64(54906.06534093838), np.float64(54841.55765849352), np.float64(54936.762334431725), np.float64(54742.778080840115), np.float64(54784.78788238104), np.float64(54688.16940982342), np.float64(54685.26383759682), np.float64(54647.28671772822), np.float64(54659.99135211755), np.float64(54598.97657999464)]","[np.float64(55080.07061274529), np.float64(54976.03332740149), np.float64(54985.22504348483), np.float64(54971.34759984691), np.float64(54971.07344094625), np.float64(54940.92889482796), np.float64(54950.6279283622), np.float64(54896.81175997019), np.float64(54892.65360696501), np.float64(54925.22937287808), np.float64(54925.22937287808), np.float64(54939.90491785604), np.float64(54871.884262051586), np.float64(54843.70447847557), np.float64(54866.25438797951), np.float64(54826.04372634945), np.float64(54827.58803372121), np.float64(54845.384521248365), np.float64(54857.58922383492), np.float64(54718.247216165066), np.float64(54713.31194885033), np.float64(54690.27936899255), np.float64(54685.10850594662), np.float64(54665.124684307375), np.float64(54656.245713574885), np.float64(54621.395446794544), np.float64(54631.508439801284), np.float64(54584.414610556145), np.float64(54531.14295499263)]","[np.float64(55094.13898785115), np.float64(54985.23251356125), np.float64(55016.56885778904), np.float64(54971.35524356365), np.float64(55023.379874753955), np.float64(54951.69498360872), np.float64(54990.62904366016), np.float64(54896.81175997019), np.float64(54978.415959184174), np.float64(54925.22937287808), np.float64(54971.44358460426), np.float64(54939.918839585785), np.float64(54871.884262051586), np.float64(54866.25438797951), np.float64(54875.64545268298), np.float64(54833.97075994015), np.float64(54864.01134972095), np.float64(54862.7926039362), np.float64(54885.391169319155), np.float64(54718.247216165066), np.float64(54841.55765849352), np.float64(54695.8792904377), np.float64(54742.778080840115), np.float64(54688.16940982342), np.float64(54656.245713574885), np.float64(54638.36528091192), np.float64(54647.26094039202), np.float64(54596.978791155816), np.float64(54533.7130844903)]"
507,"[np.float64(55038.354067468645), np.float64(54986.80488106251), np.float64(55127.98352223635), np.float64(55046.313517961506), np.float64(54987.147427954675), np.float64(55026.566204736235), np.float64(55028.350796778206), np.float64(54981.728104321955), np.float64(55026.793367412094), np.float64(55040.354103477), np.float64(54929.98922935486), np.float64(54931.695524964336), np.float64(54868.78601555586), np.float64(54944.91680478573), np.float64(54660.228915801046), np.float64(54829.50696184874), np.float64(54663.942458932404), np.float64(55001.19082031727), np.float64(54689.059645411966), np.float64(54784.98166083336), np.float64(54636.04497643709), np.float64(54628.66476501227), np.float64(54897.594853072165), np.float64(54584.73827717304), np.float64(54786.72349890232), np.float64(54569.63363332987), np.float64(54268.05831133843), np.float64(54717.53765474558), np.float64(54557.873457658294)]","[np.float64(55038.354067468645), np.float64(55177.76914060394), np.float64(55127.98352223635), np.float64(55046.313517961506), np.float64(55026.566204736235), np.float64(55063.65325664702), np.float64(55028.350796778206), np.float64(55051.52725062981), np.float64(55040.354103477), np.float64(55040.36412848924), np.float64(54967.44257079133), np.float64(54931.695524964336), np.float64(54944.928072883726), np.float64(54970.279997195175), np.float64(54829.50696184874), np.float64(54857.655737762936), np.float64(55001.19082031727), np.float64(55043.382286630185), np.float64(54784.98166083336), np.float64(54784.98166083336), np.float64(54741.94113040459), np.float64(54897.61158062581), np.float64(54897.594853072165), np.float64(54827.06467416672), np.float64(54786.72349890232), np.float64(54591.45365342795), np.float64(54735.60252701423), np.float64(54717.53765474558), np.float64(54609.34372703108)]","[np.float64(54783.62812613153), np.float64(54986.80488106251), np.float64(55046.313517961506), np.float64(54960.60330410828), np.float64(54978.52774504286), np.float64(55026.566204736235), np.float64(54981.71960187825), np.float64(54981.728104321955), np.float64(54954.60264025936), np.float64(54929.98922935486), np.float64(54815.9780412192), np.float64(54868.78601555586), np.float64(54868.78601555586), np.float64(54657.782549828386), np.float64(54660.216027963965), np.float64(54643.737377984064), np.float64(54663.26307248886), np.float64(54688.389930643054), np.float64(54686.770229702604), np.float64(54619.411367012784), np.float64(54621.54010786098), np.float64(54628.66476501227), np.float64(54544.087439867944), np.float64(54584.73827717304), np.float64(54524.27347382013), np.float64(54267.41229914069), np.float64(54258.18042803245), np.float64(54557.873457658294), np.float64(54211.73695409287)]","[np.float64(54986.80488106251), np.float64(55127.98352223635), np.float64(55046.313517961506), np.float64(54987.147427954675), np.float64(55026.566204736235), np.float64(55028.350796778206), np.float64(54981.728104321955), np.float64(55026.793367412094), np.float64(55040.354103477), np.float64(54929.98922935486), np.float64(54931.695524964336), np.float64(54868.78601555586), np.float64(54944.91680478573), np.float64(54660.228915801046), np.float64(54829.50696184874), np.float64(54663.942458932404), np.float64(55001.19082031727), np.float64(54689.059645411966), np.float64(54784.98166083336), np.float64(54636.04497643709), np.float64(54628.66476501227), np.float64(54897.594853072165), np.float64(54584.73827717304), np.float64(54786.72349890232), np.float64(54569.63363332987), np.float64(54268.05831133843), np.float64(54717.53765474558), np.float64(54557.873457658294), np.float64(54253.506378495695)]"
508,"[np.float64(55000.1495292759), np.float64(55011.787881879805), np.float64(55013.40866954327), np.float64(54995.4522584343), np.float64(55014.128275570874), np.float64(54943.47978193998), np.float64(54913.06226180077), np.float64(54854.46910078764), np.float64(54863.213060929775), np.float64(54853.241598165034), np.float64(54893.81756531239), np.float64(54867.516789176465), np.float64(54842.58697327137), np.float64(54812.205124368666), np.float64(54794.73986884117), np.float64(54787.98590009928), np.float64(54784.273773515226), np.float64(54733.552752170566), np.float64(54722.62730918884), np.float64(54734.22857400894), np.float64(54672.300603101256), np.float64(54602.52624793053), np.float64(54670.5136930728), np.float64(54659.02755491495), np.float64(54665.51289477825), np.float64(54640.95859268427), np.float64(54598.69513137341), np.float64(54612.830212979316), np.float64(54569.93020682335)]","[np.float64(55011.79948736767), np.float64(55030.605270904016), np.float64(55013.40866954327), np.float64(55035.70675426299), np.float64(55024.81718305376), np.float64(54943.47978193998), np.float64(54922.97095196598), np.float64(54866.49693184254), np.float64(54891.84597857263), np.float64(54919.67310829531), np.float64(54896.11049397707), np.float64(54871.92551082876), np.float64(54842.594477961546), np.float64(54815.9469779315), np.float64(54799.46090363245), np.float64(54789.38156349941), np.float64(54785.95299491412), np.float64(54733.552752170566), np.float64(54752.04977764734), np.float64(54743.56386992658), np.float64(54689.95318391232), np.float64(54680.40550149151), np.float64(54676.99704315411), np.float64(54675.87180095276), np.float64(54665.52648161297), np.float64(54662.38292215117), np.float64(54612.830212979316), np.float64(54635.99377461108), np.float64(54583.07769434348)]","[np.float64(54994.386271142175), np.float64(54999.19678808286), np.float64(54995.4522584343), np.float64(54947.54928112232), np.float64(54940.219240204686), np.float64(54907.59138021103), np.float64(54854.4634191673), np.float64(54854.46910078764), np.float64(54839.9279211118), np.float64(54846.84328016138), np.float64(54862.84184670816), np.float64(54826.84254148401), np.float64(54803.19464301253), np.float64(54782.26293510361), np.float64(54775.391893323336), np.float64(54776.87244993264), np.float64(54714.87758950183), np.float64(54707.878960326074), np.float64(54718.09923617089), np.float64(54663.89237247667), np.float64(54595.61313199674), np.float64(54596.78294917345), np.float64(54643.69498703746), np.float64(54629.89004754502), np.float64(54619.29593965361), np.float64(54596.99539505002), np.float64(54554.431992188154), np.float64(54568.378607634484), np.float64(54542.44318678955)]","[np.float64(55011.787881879805), np.float64(55013.40866954327), np.float64(54995.4522584343), np.float64(55014.128275570874), np.float64(54943.47978193998), np.float64(54913.06226180077), np.float64(54854.46910078764), np.float64(54863.213060929775), np.float64(54853.241598165034), np.float64(54893.81756531239), np.float64(54867.516789176465), np.float64(54842.58697327137), np.float64(54812.205124368666), np.float64(54794.73986884117), np.float64(54787.98590009928), np.float64(54784.273773515226), np.float64(54733.552752170566), np.float64(54722.62730918884), np.float64(54734.22857400894), np.float64(54672.300603101256), np.float64(54602.52624793053), np.float64(54670.5136930728), np.float64(54659.02755491495), np.float64(54665.51289477825), np.float64(54640.95859268427), np.float64(54598.69513137341), np.float64(54612.830212979316), np.float64(54569.93020682335), np.float64(54563.60995910883)]"
509,"[np.float64(55073.78114274025), np.float64(55040.82787415981), np.float64(55097.91627561093), np.float64(55039.11977567196), np.float64(54996.39001274586), np.float64(55009.59094579697), np.float64(54997.12339791536), np.float64(54971.642931442264), np.float64(54954.23781478644), np.float64(54968.35254962206), np.float64(54904.78344428063), np.float64(54928.10856965065), np.float64(54879.720215375426), np.float64(54868.816793265345), np.float64(54847.15495197773), np.float64(54865.280704877376), np.float64(54840.693178310394), np.float64(54854.204979104994), np.float64(54778.3446216321), np.float64(54794.9303300643), np.float64(54686.15907165289), np.float64(54727.16451018572), np.float64(54683.86722690106), np.float64(54670.81245577574), np.float64(54690.061401906016), np.float64(54657.238326900006), np.float64(54599.9306181717), np.float64(54605.4229583788), np.float64(54624.43083391428)]","[np.float64(55073.78114274025), np.float64(55150.27401727357), np.float64(55097.91627561093), np.float64(55040.849941292945), np.float64(55009.59094579697), np.float64(55010.03549918119), np.float64(55003.15696508305), np.float64(54971.65142366738), np.float64(54975.61132952978), np.float64(54968.35254962206), np.float64(54937.75722212754), np.float64(54928.11606855881), np.float64(54879.720215375426), np.float64(54877.89257954183), np.float64(54880.32683821951), np.float64(54865.280704877376), np.float64(54854.66547190669), np.float64(54854.204979104994), np.float64(54817.370971014214), np.float64(54794.9303300643), np.float64(54727.16451018572), np.float64(54746.20939056322), np.float64(54683.86722690106), np.float64(54698.728141016065), np.float64(54690.0668948169), np.float64(54657.238326900006), np.float64(54630.906352742095), np.float64(54630.522540445345), np.float64(54630.35601930721)]","[np.float64(55033.93711065026), np.float64(55040.82787415981), np.float64(55033.95466426087), np.float64(54996.37719633123), np.float64(54996.39001274586), np.float64(54997.107434437865), np.float64(54959.45415461155), np.float64(54954.23232703376), np.float64(54948.95534284865), np.float64(54904.78344428063), np.float64(54904.78344428063), np.float64(54869.09500714486), np.float64(54868.637080956636), np.float64(54836.380130815356), np.float64(54847.14972455505), np.float64(54830.89007187281), np.float64(54840.68750357157), np.float64(54741.18326625521), np.float64(54763.77307662987), np.float64(54682.71534974227), np.float64(54672.96615588929), np.float64(54679.02978519541), np.float64(54658.40517008359), np.float64(54649.959965423506), np.float64(54657.21164937877), np.float64(54572.92870787793), np.float64(54599.917005316296), np.float64(54598.997575171816), np.float64(54597.71152131272)]","[np.float64(55040.82787415981), np.float64(55097.91627561093), np.float64(55039.11977567196), np.float64(54996.39001274586), np.float64(55009.59094579697), np.float64(54997.12339791536), np.float64(54971.642931442264), np.float64(54954.23781478644), np.float64(54968.35254962206), np.float64(54904.78344428063), np.float64(54928.10856965065), np.float64(54879.720215375426), np.float64(54868.816793265345), np.float64(54847.15495197773), np.float64(54865.280704877376), np.float64(54840.693178310394), np.float64(54854.204979104994), np.float64(54778.3446216321), np.float64(54794.9303300643), np.float64(54686.15907165289), np.float64(54727.16451018572), np.float64(54683.86722690106), np.float64(54670.81245577574), np.float64(54690.061401906016), np.float64(54657.238326900006), np.float64(54599.9306181717), np.float64(54605.4229583788), np.float64(54624.43083391428), np.float64(54604.82234232426)]"
510,"[np.float64(55181.72230443478), np.float64(55169.51527247906), np.float64(55120.227668223386), np.float64(55159.53788597107), np.float64(55072.29016232014), np.float64(55091.48708253146), np.float64(55007.3758521533), np.float64(54994.09057014943), np.float64(55033.16319428205), np.float64(54918.144318399434), np.float64(54927.33281683922), np.float64(54903.90814682722), np.float64(54978.11642381907), np.float64(54907.83236917496), np.float64(54743.3333673811), np.float64(54774.80235194683), np.float64(54805.6402003026), np.float64(54838.404295430184), np.float64(54735.71041126013), np.float64(54679.14317043781), np.float64(54700.302910096645), np.float64(54605.4552814126), np.float64(54583.849458131794), np.float64(54587.151301107406), np.float64(54589.25088175774), np.float64(54684.741494138245), np.float64(54630.73408306122), np.float64(54661.41083135605), np.float64(54565.82621174574)]","[np.float64(55187.56067877357), np.float64(55169.51527247906), np.float64(55194.58239888351), np.float64(55159.53788597107), np.float64(55102.95734288372), np.float64(55091.48708253146), np.float64(55019.91994967981), np.float64(55033.16319428205), np.float64(55050.33744389139), np.float64(54932.277586431715), np.float64(54943.07896566241), np.float64(54978.11642381907), np.float64(54988.51270669798), np.float64(54907.84362303561), np.float64(54796.28311563244), np.float64(54805.6402003026), np.float64(54870.98247623656), np.float64(54838.404295430184), np.float64(54795.313046409436), np.float64(54705.010981656575), np.float64(54700.314255392135), np.float64(54605.4552814126), np.float64(54587.55146641038), np.float64(54605.16839413501), np.float64(54684.741494138245), np.float64(54689.35971614551), np.float64(54661.42257430657), np.float64(54661.420466913085), np.float64(54573.105134487276)]","[np.float64(55169.507196921506), np.float64(55105.870753387164), np.float64(55120.211950505894), np.float64(55060.010431818526), np.float64(55065.10729907384), np.float64(55007.3758521533), np.float64(54991.80954568198), np.float64(54993.82232508185), np.float64(54901.67867630993), np.float64(54918.144318399434), np.float64(54900.92309780462), np.float64(54903.90814682722), np.float64(54904.71561453192), np.float64(54743.32407117619), np.float64(54707.29309181429), np.float64(54769.971966006146), np.float64(54805.6402003026), np.float64(54729.408634024934), np.float64(54670.64953531587), np.float64(54659.97864068054), np.float64(54587.96523447378), np.float64(54576.760418047175), np.float64(54567.84268033863), np.float64(54587.151301107406), np.float64(54582.684574547195), np.float64(54630.73408306122), np.float64(54630.73408306122), np.float64(54558.36007254012), np.float64(54465.12412398124)]","[np.float64(55169.51527247906), np.float64(55120.227668223386), np.float64(55159.53788597107), np.float64(55072.29016232014), np.float64(55091.48708253146), np.float64(55007.3758521533), np.float64(54994.09057014943), np.float64(55033.16319428205), np.float64(54918.144318399434), np.float64(54927.33281683922), np.float64(54903.90814682722), np.float64(54978.11642381907), np.float64(54907.83236917496), np.float64(54743.3333673811), np.float64(54774.80235194683), np.float64(54805.6402003026), np.float64(54838.404295430184), np.float64(54735.71041126013), np.float64(54679.14317043781), np.float64(54700.302910096645), np.float64(54605.4552814126), np.float64(54583.849458131794), np.float64(54587.151301107406), np.float64(54589.25088175774), np.float64(54684.741494138245), np.float64(54630.73408306122), np.float64(54661.41083135605), np.float64(54565.82621174574), np.float64(54493.33916849852)]"
511,"[np.float64(55023.54947409868), np.float64(55037.75036076546), np.float64(54988.40454929352), np.float64(55030.2689305973), np.float64(54934.65765414238), np.float64(54979.0360205698), np.float64(54926.35527042628), np.float64(54996.09279536724), np.float64(54978.14810296774), np.float64(55028.924112102985), np.float64(54866.63015934468), np.float64(54820.11035973311), np.float64(54909.833950507644), np.float64(54904.82362271309), np.float64(54811.35983196259), np.float64(54769.31245850325), np.float64(54702.332951152326), np.float64(54815.400597519874), np.float64(54686.85936112642), np.float64(54657.94891853571), np.float64(54606.66514158249), np.float64(54678.45356945753), np.float64(54612.94005978346), np.float64(54536.16203721523), np.float64(54633.464928698544), np.float64(54651.49229594946), np.float64(54393.09771403313), np.float64(54542.8778879571), np.float64(54463.6787285018)]","[np.float64(55037.75036076546), np.float64(55053.12239588779), np.float64(55031.22396570008), np.float64(55030.2689305973), np.float64(54979.0360205698), np.float64(54979.0360205698), np.float64(54996.09279536724), np.float64(55010.406925010335), np.float64(55028.924112102985), np.float64(55028.931885722195), np.float64(54869.79562335526), np.float64(54933.49505148686), np.float64(54909.833950507644), np.float64(54927.520633927146), np.float64(54811.35983196259), np.float64(54772.240466862815), np.float64(54815.400597519874), np.float64(54835.44826837328), np.float64(54686.85936112642), np.float64(54657.965423849426), np.float64(54678.45356945753), np.float64(54712.73597042219), np.float64(54612.94005978346), np.float64(54653.53526386757), np.float64(54651.49229594946), np.float64(54661.931837333344), np.float64(54567.537517570105), np.float64(54553.49073875371), np.float64(54463.692059219204)]","[np.float64(55004.09453015359), np.float64(54982.26663767753), np.float64(54988.40454929352), np.float64(54930.60640739405), np.float64(54934.65765414238), np.float64(54915.97762538168), np.float64(54913.54528152492), np.float64(54978.137325539814), np.float64(54964.246911521725), np.float64(54866.63015934468), np.float64(54820.11035973311), np.float64(54820.11035973311), np.float64(54891.74292983601), np.float64(54810.54278218957), np.float64(54769.31245850325), np.float64(54687.65811109722), np.float64(54695.47279686031), np.float64(54686.46626525827), np.float64(54646.55580152735), np.float64(54606.66285032998), np.float64(54603.05182328756), np.float64(54605.185833482625), np.float64(54510.59752641211), np.float64(54531.09509245899), np.float64(54630.33588386713), np.float64(54376.48063706799), np.float64(54390.49896744004), np.float64(54463.673047298864), np.float64(54325.13987835458)]","[np.float64(55037.75036076546), np.float64(54988.40454929352), np.float64(55030.2689305973), np.float64(54934.65765414238), np.float64(54979.0360205698), np.float64(54926.35527042628), np.float64(54996.09279536724), np.float64(54978.14810296774), np.float64(55028.924112102985), np.float64(54866.63015934468), np.float64(54820.11035973311), np.float64(54909.833950507644), np.float64(54904.82362271309), np.float64(54811.35983196259), np.float64(54769.31245850325), np.float64(54702.332951152326), np.float64(54815.400597519874), np.float64(54686.85936112642), np.float64(54657.94891853571), np.float64(54606.66514158249), np.float64(54678.45356945753), np.float64(54612.94005978346), np.float64(54536.16203721523), np.float64(54633.464928698544), np.float64(54651.49229594946), np.float64(54393.09771403313), np.float64(54542.8778879571), np.float64(54463.6787285018), np.float64(54346.46433308363)]"
512,"[np.float64(55052.63891675711), np.float64(55062.90566524506), np.float64(55035.61111679077), np.float64(55017.26554150582), np.float64(54991.72158795834), np.float64(54982.85825151205), np.float64(54983.58120574236), np.float64(54944.05013539315), np.float64(54941.471375424866), np.float64(54936.70791319132), np.float64(54958.14066014767), np.float64(54892.781039021014), np.float64(54877.49894043446), np.float64(54870.74999399662), np.float64(54831.25871574879), np.float64(54806.250345857145), np.float64(54748.20899440527), np.float64(54752.62218312502), np.float64(54751.752938191894), np.float64(54757.83185775757), np.float64(54780.37041304589), np.float64(54763.120987815855), np.float64(54761.52144836188), np.float64(54697.9165430069), np.float64(54698.44272593975), np.float64(54677.68489938259), np.float64(54642.17849746227), np.float64(54617.85676667929), np.float64(54571.846537764075)]","[np.float64(55062.90566524506), np.float64(55077.44151826426), np.float64(55035.61111679077), np.float64(55035.1874653436), np.float64(54991.72158795834), np.float64(54985.071253070266), np.float64(54996.797079872245), np.float64(54944.05013539315), np.float64(54968.62715015283), np.float64(54958.14066014767), np.float64(54987.32991683386), np.float64(54892.781039021014), np.float64(54880.59925560041), np.float64(54870.74999399662), np.float64(54853.70591021944), np.float64(54806.250345857145), np.float64(54787.880131490965), np.float64(54752.62218312502), np.float64(54783.86425575333), np.float64(54780.378848671135), np.float64(54783.66846035454), np.float64(54768.84655246622), np.float64(54761.52992250391), np.float64(54707.01280171175), np.float64(54698.44272593975), np.float64(54686.316797405736), np.float64(54642.17849746227), np.float64(54637.687077723385), np.float64(54574.52983519804)]","[np.float64(55048.08249977206), np.float64(55035.593750519736), np.float64(55009.04865623101), np.float64(54991.71228827155), np.float64(54982.85241909296), np.float64(54974.39045928702), np.float64(54941.41194354157), np.float64(54941.471375424866), np.float64(54928.095240334434), np.float64(54933.70469139179), np.float64(54892.77536512733), np.float64(54872.003549460576), np.float64(54837.99817975846), np.float64(54827.65734611311), np.float64(54797.18903586616), np.float64(54739.10400890002), np.float64(54743.06365181808), np.float64(54751.752938191894), np.float64(54741.65996648821), np.float64(54744.180115748975), np.float64(54758.53604407807), np.float64(54761.51396200792), np.float64(54679.36347081162), np.float64(54686.97515901663), np.float64(54665.432695011885), np.float64(54641.046574293294), np.float64(54582.18113547514), np.float64(54564.07153871779), np.float64(54538.233743593875)]","[np.float64(55062.90566524506), np.float64(55035.61111679077), np.float64(55017.26554150582), np.float64(54991.72158795834), np.float64(54982.85825151205), np.float64(54983.58120574236), np.float64(54944.05013539315), np.float64(54941.471375424866), np.float64(54936.70791319132), np.float64(54958.14066014767), np.float64(54892.781039021014), np.float64(54877.49894043446), np.float64(54870.74999399662), np.float64(54831.25871574879), np.float64(54806.250345857145), np.float64(54748.20899440527), np.float64(54752.62218312502), np.float64(54751.752938191894), np.float64(54757.83185775757), np.float64(54780.37041304589), np.float64(54763.120987815855), np.float64(54761.52144836188), np.float64(54697.9165430069), np.float64(54698.44272593975), np.float64(54677.68489938259), np.float64(54642.17849746227), np.float64(54617.85676667929), np.float64(54571.846537764075), np.float64(54540.22186177254)]"
513,"[np.float64(55058.13331739664), np.float64(55068.23008020878), np.float64(55019.78660936594), np.float64(55000.67056112766), np.float64(54995.48857355595), np.float64(54990.31457015991), np.float64(54963.12330088139), np.float64(54934.91559452772), np.float64(54902.774651434425), np.float64(54875.73585415602), np.float64(54864.55324345112), np.float64(54862.02741084099), np.float64(54816.91385636568), np.float64(54785.56218767166), np.float64(54707.60933228493), np.float64(54721.86919883013), np.float64(54708.56086573839), np.float64(54721.69045631647), np.float64(54705.358181073665), np.float64(54685.73294847012), np.float64(54614.51526037932), np.float64(54618.90127714634), np.float64(54601.438854713444), np.float64(54567.17412088871), np.float64(54586.33665763378), np.float64(54556.93287025213), np.float64(54530.470736501215), np.float64(54520.301085891726), np.float64(54455.65849525213)]","[np.float64(55076.41610562921), np.float64(55068.24505611461), np.float64(55067.45014789812), np.float64(55000.67056112766), np.float64(55001.44337026645), np.float64(55008.96503307758), np.float64(54975.22611904485), np.float64(54934.91559452772), np.float64(54931.540939355764), np.float64(54875.73585415602), np.float64(54894.942931234524), np.float64(54862.04148473474), np.float64(54861.8700143296), np.float64(54785.57095926763), np.float64(54745.88924608762), np.float64(54739.104827444215), np.float64(54721.69045631647), np.float64(54806.76905598971), np.float64(54705.358181073665), np.float64(54691.132895537565), np.float64(54629.31377313128), np.float64(54648.64083432542), np.float64(54601.438854713444), np.float64(54592.016336522625), np.float64(54586.33665763378), np.float64(54570.26159782095), np.float64(54530.470736501215), np.float64(54527.54260290391), np.float64(54466.595409977795)]","[np.float64(55046.79397522093), np.float64(55011.06415805435), np.float64(55000.67056112766), np.float64(54947.602738311885), np.float64(54976.946643042436), np.float64(54963.11477855421), np.float64(54905.717810317925), np.float64(54902.774651434425), np.float64(54854.59892749823), np.float64(54864.55324345112), np.float64(54847.58801327197), np.float64(54807.152865580145), np.float64(54776.108156335), np.float64(54690.26811117655), np.float64(54704.080694940305), np.float64(54676.62872920871), np.float64(54706.573974623825), np.float64(54693.006106958244), np.float64(54678.08373291756), np.float64(54593.25664110607), np.float64(54611.16743636041), np.float64(54580.08587959811), np.float64(54550.962894343495), np.float64(54551.64705711486), np.float64(54545.33438738587), np.float64(54514.092265240964), np.float64(54514.68329143), np.float64(54448.552996682454), np.float64(54430.7440183311)]","[np.float64(55068.23008020878), np.float64(55019.78660936594), np.float64(55000.67056112766), np.float64(54995.48857355595), np.float64(54990.31457015991), np.float64(54963.12330088139), np.float64(54934.91559452772), np.float64(54902.774651434425), np.float64(54875.73585415602), np.float64(54864.55324345112), np.float64(54862.02741084099), np.float64(54816.91385636568), np.float64(54785.56218767166), np.float64(54707.60933228493), np.float64(54721.86919883013), np.float64(54708.56086573839), np.float64(54721.69045631647), np.float64(54705.358181073665), np.float64(54685.73294847012), np.float64(54614.51526037932), np.float64(54618.90127714634), np.float64(54601.438854713444), np.float64(54567.17412088871), np.float64(54586.33665763378), np.float64(54556.93287025213), np.float64(54530.470736501215), np.float64(54520.301085891726), np.float64(54455.65849525213), np.float64(54446.994505643845)]"
514,"[np.float64(55078.60294096709), np.float64(55028.33598742008), np.float64(55076.31611851931), np.float64(55029.014384799004), np.float64(55043.35615353346), np.float64(54980.00313604355), np.float64(54958.861167614465), np.float64(54932.89070455313), np.float64(54912.08484416485), np.float64(54898.6397498703), np.float64(54883.13164760113), np.float64(54901.63033877134), np.float64(54895.615292611124), np.float64(54834.61412996769), np.float64(54783.145171649456), np.float64(54824.1212490201), np.float64(54762.18001407862), np.float64(54765.89098166943), np.float64(54812.13133513212), np.float64(54747.537164654736), np.float64(54722.2663471818), np.float64(54666.02298058272), np.float64(54646.501155931954), np.float64(54610.1962076664), np.float64(54562.220583763126), np.float64(54580.298174054624), np.float64(54516.346472165584), np.float64(54499.83030332804), np.float64(54535.1821728158)]","[np.float64(55086.36127659278), np.float64(55076.31611851931), np.float64(55076.31611851931), np.float64(55043.3616887336), np.float64(55056.68915317366), np.float64(54980.518852774076), np.float64(54958.87062793909), np.float64(54932.89070455313), np.float64(54926.78152221045), np.float64(54906.928215291606), np.float64(54901.63033877134), np.float64(54902.976438432524), np.float64(54905.467597827745), np.float64(54834.61412996769), np.float64(54846.801264876536), np.float64(54828.8342455457), np.float64(54765.89098166943), np.float64(54815.54853770548), np.float64(54812.13133513212), np.float64(54747.547991828425), np.float64(54722.2663471818), np.float64(54672.042298650034), np.float64(54646.501155931954), np.float64(54616.09793249083), np.float64(54580.298174054624), np.float64(54597.3312169231), np.float64(54516.346472165584), np.float64(54622.65750097134), np.float64(54555.48181071043)]","[np.float64(55028.33598742008), np.float64(55002.57678465196), np.float64(55029.014384799004), np.float64(55029.014384799004), np.float64(54973.91684752293), np.float64(54958.861167614465), np.float64(54931.29492638644), np.float64(54912.08484416485), np.float64(54880.736586521365), np.float64(54883.13164760113), np.float64(54883.13164760113), np.float64(54888.75011430035), np.float64(54834.61412996769), np.float64(54773.87369683783), np.float64(54783.145171649456), np.float64(54748.44698515893), np.float64(54762.17075516973), np.float64(54753.40184871223), np.float64(54737.32654805118), np.float64(54722.2663471818), np.float64(54666.01745567668), np.float64(54646.48390321521), np.float64(54608.89066452693), np.float64(54546.88536664448), np.float64(54562.220583763126), np.float64(54486.636166490025), np.float64(54499.83030332804), np.float64(54499.82235579579), np.float64(54535.1821728158)]","[np.float64(55028.33598742008), np.float64(55076.31611851931), np.float64(55029.014384799004), np.float64(55043.35615353346), np.float64(54980.00313604355), np.float64(54958.861167614465), np.float64(54932.89070455313), np.float64(54912.08484416485), np.float64(54898.6397498703), np.float64(54883.13164760113), np.float64(54901.63033877134), np.float64(54895.615292611124), np.float64(54834.61412996769), np.float64(54783.145171649456), np.float64(54824.1212490201), np.float64(54762.18001407862), np.float64(54765.89098166943), np.float64(54812.13133513212), np.float64(54747.537164654736), np.float64(54722.2663471818), np.float64(54666.02298058272), np.float64(54646.501155931954), np.float64(54610.1962076664), np.float64(54562.220583763126), np.float64(54580.298174054624), np.float64(54516.346472165584), np.float64(54499.83030332804), np.float64(54535.1821728158), np.float64(54555.48181071043)]"
515,"[np.float64(55084.35360789061), np.float64(55082.10039624691), np.float64(55070.880955312256), np.float64(55024.76860621452), np.float64(55065.35925394297), np.float64(55016.983004708294), np.float64(54964.10689981461), np.float64(54952.56847818375), np.float64(54956.00746869326), np.float64(54905.47999922037), np.float64(54915.98060678959), np.float64(54882.32073866129), np.float64(54875.57230733156), np.float64(54858.7271131897), np.float64(54851.89175736666), np.float64(54861.95503815174), np.float64(54823.814502141475), np.float64(54813.36476149798), np.float64(54788.13785699129), np.float64(54781.03245574236), np.float64(54714.29955639839), np.float64(54657.28301252842), np.float64(54627.752508552076), np.float64(54642.108957867626), np.float64(54609.5734419632), np.float64(54612.0284472084), np.float64(54610.68865101814), np.float64(54579.02984911442), np.float64(54554.74224424362)]","[np.float64(55084.359362926836), np.float64(55082.10039624691), np.float64(55088.80440730058), np.float64(55065.35925394297), np.float64(55070.10470931536), np.float64(55016.983004708294), np.float64(54964.10689981461), np.float64(54956.01942596589), np.float64(54977.55110025524), np.float64(54921.85424596793), np.float64(54921.05244689794), np.float64(54882.32073866129), np.float64(54909.1016160757), np.float64(54861.81934884737), np.float64(54862.58763204781), np.float64(54865.07058406248), np.float64(54839.28750810284), np.float64(54824.29077261863), np.float64(54792.230149887495), np.float64(54783.13174776764), np.float64(54725.74695632879), np.float64(54657.2949705115), np.float64(54662.1863994851), np.float64(54644.947854411694), np.float64(54612.0284472084), np.float64(54612.0284472084), np.float64(54637.27721614372), np.float64(54581.59031336253), np.float64(54582.80246130586)]","[np.float64(55082.10039624691), np.float64(55067.694844771475), np.float64(55017.66538451703), np.float64(55024.76860621452), np.float64(54986.12018099941), np.float64(54964.10689981461), np.float64(54932.429976819185), np.float64(54952.56847818375), np.float64(54893.61337806985), np.float64(54905.464273929014), np.float64(54882.32073866129), np.float64(54875.5644753204), np.float64(54858.7271131897), np.float64(54838.83755185949), np.float64(54849.44374645446), np.float64(54784.07482142601), np.float64(54813.36476149798), np.float64(54722.9015709279), np.float64(54781.03245574236), np.float64(54676.21436225769), np.float64(54657.28301252842), np.float64(54622.8906978116), np.float64(54627.74408563332), np.float64(54566.436988918394), np.float64(54609.5734419632), np.float64(54554.00356929571), np.float64(54579.02984911442), np.float64(54545.53080812943), np.float64(54547.86103461683)]","[np.float64(55082.10039624691), np.float64(55070.880955312256), np.float64(55024.76860621452), np.float64(55065.35925394297), np.float64(55016.983004708294), np.float64(54964.10689981461), np.float64(54952.56847818375), np.float64(54956.00746869326), np.float64(54905.47999922037), np.float64(54915.98060678959), np.float64(54882.32073866129), np.float64(54875.57230733156), np.float64(54858.7271131897), np.float64(54851.89175736666), np.float64(54861.95503815174), np.float64(54823.814502141475), np.float64(54813.36476149798), np.float64(54788.13785699129), np.float64(54781.03245574236), np.float64(54714.29955639839), np.float64(54657.28301252842), np.float64(54627.752508552076), np.float64(54642.108957867626), np.float64(54609.5734419632), np.float64(54612.0284472084), np.float64(54610.68865101814), np.float64(54579.02984911442), np.float64(54554.74224424362), np.float64(54564.870686204435)]"
516,"[np.float64(55184.458429930215), np.float64(55149.01345465184), np.float64(55199.70575871944), np.float64(55152.162825627325), np.float64(55184.55552780867), np.float64(55180.1877973795), np.float64(55025.87518720866), np.float64(55048.172543125154), np.float64(55011.51461702824), np.float64(55053.79481935263), np.float64(54982.660063667296), np.float64(55003.7512939477), np.float64(55024.81741270781), np.float64(54993.01656974316), np.float64(55013.919528009894), np.float64(54946.910273165704), np.float64(54855.250262234214), np.float64(54837.47993392945), np.float64(54831.58387774229), np.float64(54813.61098317385), np.float64(54802.79087980032), np.float64(54802.98816620588), np.float64(54768.22351996184), np.float64(54720.18389387608), np.float64(54740.47966845989), np.float64(54660.18178340912), np.float64(54567.882523314955), np.float64(54562.00771533728), np.float64(54601.60124254465)]","[np.float64(55220.87545899698), np.float64(55199.70575871944), np.float64(55231.2222223624), np.float64(55184.55552780867), np.float64(55222.293679639966), np.float64(55180.1877973795), np.float64(55127.83787133192), np.float64(55048.172543125154), np.float64(55171.14210449273), np.float64(55053.79481935263), np.float64(55090.3505900401), np.float64(55024.81741270781), np.float64(55137.36003551078), np.float64(55013.919528009894), np.float64(55121.20652566285), np.float64(54946.910273165704), np.float64(54855.250262234214), np.float64(54950.61924173875), np.float64(54831.58387774229), np.float64(54813.62085124098), np.float64(54804.13054594472), np.float64(54841.86418427019), np.float64(54768.22351996184), np.float64(54785.06613597804), np.float64(54740.47966845989), np.float64(54735.56095191644), np.float64(54567.882523314955), np.float64(54773.33254533681), np.float64(54601.60124254465)]","[np.float64(55148.99847221293), np.float64(55074.45291988464), np.float64(55152.162825627325), np.float64(55113.59695397677), np.float64(55160.83289782952), np.float64(55025.87518720866), np.float64(54969.71367874675), np.float64(55011.51461702824), np.float64(54974.33926897104), np.float64(54982.660063667296), np.float64(54982.654373967955), np.float64(54965.05627737278), np.float64(54992.986109440106), np.float64(54981.559716439755), np.float64(54946.910273165704), np.float64(54826.10570059643), np.float64(54837.01383960316), np.float64(54820.14906053333), np.float64(54812.06855105675), np.float64(54778.96971308201), np.float64(54802.78168540615), np.float64(54700.01595720715), np.float64(54717.537923373944), np.float64(54553.272513756674), np.float64(54660.18178340912), np.float64(54521.604543938636), np.float64(54562.00771533728), np.float64(54531.2250096603), np.float64(54555.46209395059)]","[np.float64(55149.01345465184), np.float64(55199.70575871944), np.float64(55152.162825627325), np.float64(55184.55552780867), np.float64(55180.1877973795), np.float64(55025.87518720866), np.float64(55048.172543125154), np.float64(55011.51461702824), np.float64(55053.79481935263), np.float64(54982.660063667296), np.float64(55003.7512939477), np.float64(55024.81741270781), np.float64(54993.01656974316), np.float64(55013.919528009894), np.float64(54946.910273165704), np.float64(54855.250262234214), np.float64(54837.47993392945), np.float64(54831.58387774229), np.float64(54813.61098317385), np.float64(54802.79087980032), np.float64(54802.98816620588), np.float64(54768.22351996184), np.float64(54720.18389387608), np.float64(54740.47966845989), np.float64(54660.18178340912), np.float64(54567.882523314955), np.float64(54562.00771533728), np.float64(54601.60124254465), np.float64(54601.09489127398)]"
517,"[np.float64(55075.23683825493), np.float64(55103.71768068314), np.float64(55057.197108409404), np.float64(55030.80232504368), np.float64(55051.44347961426), np.float64(54992.26412557364), np.float64(54968.02004733801), np.float64(54992.78824807406), np.float64(54912.78706529379), np.float64(54930.74592316628), np.float64(54957.05378203869), np.float64(54968.46162376404), np.float64(54908.72621052027), np.float64(54861.48757754326), np.float64(54808.10731058836), np.float64(54840.34831343174), np.float64(54810.63056765795), np.float64(54780.73704124212), np.float64(54765.21335695267), np.float64(54798.170875175), np.float64(54712.2870290184), np.float64(54681.27610433817), np.float64(54710.63675141573), np.float64(54683.516695833205), np.float64(54620.79661743164), np.float64(54615.272211744785), np.float64(54540.06204948187), np.float64(54519.092255938056), np.float64(54551.2053831935)]","[np.float64(55103.72554511705), np.float64(55103.71768068314), np.float64(55057.197108409404), np.float64(55054.765522871836), np.float64(55092.87082292865), np.float64(54992.26412557364), np.float64(55036.21968497524), np.float64(54997.12779301957), np.float64(54936.63646707806), np.float64(54963.57308480676), np.float64(54968.46736821141), np.float64(54983.1916902524), np.float64(54908.739136984674), np.float64(54865.00112565981), np.float64(54877.50891534412), np.float64(54840.34831343174), np.float64(54842.13214506812), np.float64(54780.73704124212), np.float64(54807.307694827265), np.float64(54801.37707982294), np.float64(54712.2870290184), np.float64(54760.550506086845), np.float64(54710.63675141573), np.float64(54702.611564531384), np.float64(54620.79661743164), np.float64(54620.65178152697), np.float64(54540.06204948187), np.float64(54586.342714148625), np.float64(54553.23760931119)]","[np.float64(55062.66396675133), np.float64(55053.91137123414), np.float64(55027.062532102515), np.float64(55024.34473308272), np.float64(54992.25568804779), np.float64(54873.43975093399), np.float64(54959.92004530679), np.float64(54896.29026101978), np.float64(54898.8122693022), np.float64(54930.74592316628), np.float64(54957.05378203869), np.float64(54908.01237675158), np.float64(54861.47826672126), np.float64(54799.368915662904), np.float64(54808.10731058836), np.float64(54766.21352264643), np.float64(54758.59135923895), np.float64(54764.31354721015), np.float64(54762.71376018129), np.float64(54700.89534554166), np.float64(54679.761176047075), np.float64(54671.398630158525), np.float64(54679.80142755489), np.float64(54608.044998156394), np.float64(54600.40164567949), np.float64(54530.83077584525), np.float64(54480.29236482707), np.float64(54519.083799905115), np.float64(54534.37738568446)]","[np.float64(55103.71768068314), np.float64(55057.197108409404), np.float64(55030.80232504368), np.float64(55051.44347961426), np.float64(54992.26412557364), np.float64(54968.02004733801), np.float64(54992.78824807406), np.float64(54912.78706529379), np.float64(54930.74592316628), np.float64(54957.05378203869), np.float64(54968.46162376404), np.float64(54908.72621052027), np.float64(54861.48757754326), np.float64(54808.10731058836), np.float64(54840.34831343174), np.float64(54810.63056765795), np.float64(54780.73704124212), np.float64(54765.21335695267), np.float64(54798.170875175), np.float64(54712.2870290184), np.float64(54681.27610433817), np.float64(54710.63675141573), np.float64(54683.516695833205), np.float64(54620.79661743164), np.float64(54615.272211744785), np.float64(54540.06204948187), np.float64(54519.092255938056), np.float64(54551.2053831935), np.float64(54534.3932847476)]"
518,"[np.float64(55175.986833200455), np.float64(55193.441271457676), np.float64(55161.31771326304), np.float64(55119.973462371825), np.float64(55117.178614552024), np.float64(55072.902368307114), np.float64(55062.22134412289), np.float64(55070.17255288601), np.float64(55057.77840790987), np.float64(55057.21964438915), np.float64(54980.90406012535), np.float64(55032.54764009237), np.float64(55000.986579952245), np.float64(54974.168764052396), np.float64(54953.522973508836), np.float64(54896.04167334795), np.float64(54943.053529980185), np.float64(54929.9552322197), np.float64(54896.8953362608), np.float64(54880.43441276789), np.float64(54766.4894085145), np.float64(54785.94890508414), np.float64(54684.0392730093), np.float64(54800.21070328474), np.float64(54678.645833559036), np.float64(54736.8271656394), np.float64(54697.7954926014), np.float64(54681.26966548681), np.float64(54620.3511776948)]","[np.float64(55193.441271457676), np.float64(55193.441271457676), np.float64(55186.863717632266), np.float64(55119.973462371825), np.float64(55172.95994937546), np.float64(55072.902368307114), np.float64(55074.67800810087), np.float64(55097.56017437409), np.float64(55059.13181848782), np.float64(55090.26774951842), np.float64(55032.54764009237), np.float64(55037.67116307668), np.float64(55000.998345521206), np.float64(54988.64427439891), np.float64(54980.23724153527), np.float64(54943.053529980185), np.float64(54949.82840728126), np.float64(54929.9552322197), np.float64(54960.07981224249), np.float64(54894.32319001564), np.float64(54791.33679113876), np.float64(54803.58112383889), np.float64(54812.17917125422), np.float64(54800.21070328474), np.float64(54834.87667020353), np.float64(54737.27064727712), np.float64(54729.36589202738), np.float64(54681.26966548681), np.float64(54648.690797489246)]","[np.float64(55175.986833200455), np.float64(55161.31771326304), np.float64(55119.973462371825), np.float64(55117.178614552024), np.float64(55057.66493492298), np.float64(55062.212797792105), np.float64(55062.22134412289), np.float64(55055.754481130534), np.float64(55049.24131795914), np.float64(54980.892106563995), np.float64(54974.5847883872), np.float64(54979.95475196714), np.float64(54956.30305039964), np.float64(54943.69458745838), np.float64(54895.875693202026), np.float64(54870.42971003634), np.float64(54923.27074746543), np.float64(54777.64364040839), np.float64(54876.6549918148), np.float64(54747.0395404169), np.float64(54766.4805555097), np.float64(54653.272398432426), np.float64(54684.03082569341), np.float64(54652.275415806806), np.float64(54677.69906462212), np.float64(54694.41421794502), np.float64(54641.57782244897), np.float64(54602.10981170637), np.float64(54589.70307655612)]","[np.float64(55193.441271457676), np.float64(55161.31771326304), np.float64(55119.973462371825), np.float64(55117.178614552024), np.float64(55072.902368307114), np.float64(55062.22134412289), np.float64(55070.17255288601), np.float64(55057.77840790987), np.float64(55057.21964438915), np.float64(54980.90406012535), np.float64(55032.54764009237), np.float64(55000.986579952245), np.float64(54974.168764052396), np.float64(54953.522973508836), np.float64(54896.04167334795), np.float64(54943.053529980185), np.float64(54929.9552322197), np.float64(54896.8953362608), np.float64(54880.43441276789), np.float64(54766.4894085145), np.float64(54785.94890508414), np.float64(54684.0392730093), np.float64(54800.21070328474), np.float64(54678.645833559036), np.float64(54736.8271656394), np.float64(54697.7954926014), np.float64(54681.26966548681), np.float64(54620.3511776948), np.float64(54606.09015215636)]"
519,"[np.float64(55181.35490357638), np.float64(55156.57627190113), np.float64(55160.997444796565), np.float64(54972.72800667286), np.float64(55084.69744255304), np.float64(54970.23308054924), np.float64(55027.167593452934), np.float64(54986.69168605566), np.float64(54973.3846407342), np.float64(54979.29846815109), np.float64(54999.26019512654), np.float64(55022.000544016366), np.float64(54841.95132986546), np.float64(54898.44503900528), np.float64(54815.22159745217), np.float64(54890.942231850626), np.float64(54769.99304509163), np.float64(54953.530185022355), np.float64(54685.549827537536), np.float64(54861.55016317844), np.float64(54506.276366198064), np.float64(54682.5459746027), np.float64(54662.47349938393), np.float64(54672.42010818243), np.float64(54638.66597527027), np.float64(54642.25653634071), np.float64(54522.89053435326), np.float64(54616.10488400221), np.float64(54525.19087838888)]","[np.float64(55188.51717326647), np.float64(55207.01437960666), np.float64(55160.997444796565), np.float64(55116.45368779491), np.float64(55084.69744255304), np.float64(55054.02962118205), np.float64(55027.167593452934), np.float64(55013.81237258116), np.float64(54979.29846815109), np.float64(55013.371311710565), np.float64(55047.622242868165), np.float64(55022.000544016366), np.float64(54898.45574056508), np.float64(54936.15947056821), np.float64(54890.942231850626), np.float64(54976.664456696904), np.float64(54953.530185022355), np.float64(55022.22616950067), np.float64(54861.55016317844), np.float64(54867.139889489736), np.float64(54697.29270823704), np.float64(54691.9944613577), np.float64(54672.42010818243), np.float64(54709.39081898435), np.float64(54651.05350648516), np.float64(54659.54325163558), np.float64(54616.10488400221), np.float64(54621.88360067878), np.float64(54546.478649345976)]","[np.float64(55156.57627190113), np.float64(55145.631408728215), np.float64(54972.7168397998), np.float64(54967.850168433), np.float64(54951.15515341927), np.float64(54970.23308054924), np.float64(54986.69168605566), np.float64(54970.775255400935), np.float64(54936.57342414836), np.float64(54979.29846815109), np.float64(54934.25569212166), np.float64(54841.94597373448), np.float64(54841.95132986546), np.float64(54795.79055718592), np.float64(54808.10833945382), np.float64(54752.34478967674), np.float64(54756.66578249051), np.float64(54685.549827537536), np.float64(54659.05541617597), np.float64(54506.276366198064), np.float64(54478.54862552487), np.float64(54662.47349938393), np.float64(54643.61175131983), np.float64(54638.657306812274), np.float64(54609.38409499276), np.float64(54522.882143598305), np.float64(54492.89313406887), np.float64(54523.502426837025), np.float64(54414.494869599795)]","[np.float64(55156.57627190113), np.float64(55160.997444796565), np.float64(54972.72800667286), np.float64(55084.69744255304), np.float64(54970.23308054924), np.float64(55027.167593452934), np.float64(54986.69168605566), np.float64(54973.3846407342), np.float64(54979.29846815109), np.float64(54999.26019512654), np.float64(55022.000544016366), np.float64(54841.95132986546), np.float64(54898.44503900528), np.float64(54815.22159745217), np.float64(54890.942231850626), np.float64(54769.99304509163), np.float64(54953.530185022355), np.float64(54685.549827537536), np.float64(54861.55016317844), np.float64(54506.276366198064), np.float64(54682.5459746027), np.float64(54662.47349938393), np.float64(54672.42010818243), np.float64(54638.66597527027), np.float64(54642.25653634071), np.float64(54522.89053435326), np.float64(54616.10488400221), np.float64(54525.19087838888), np.float64(54427.001485850815)]"
520,"[np.float64(55082.82296414614), np.float64(55035.240496506696), np.float64(55017.22819616795), np.float64(54986.1573901701), np.float64(54981.8227554369), np.float64(54957.29369364023), np.float64(54927.78662708282), np.float64(54986.52092771769), np.float64(54933.22668381691), np.float64(54885.49934202195), np.float64(54851.62815079212), np.float64(54831.50815685034), np.float64(54844.98080942869), np.float64(54826.319086542135), np.float64(54794.40788166523), np.float64(54824.135800824166), np.float64(54792.60075364351), np.float64(54726.294235036374), np.float64(54711.97281307221), np.float64(54662.71366853952), np.float64(54740.590803034305), np.float64(54678.04225563288), np.float64(54739.08964922905), np.float64(54679.63921954632), np.float64(54660.69560374737), np.float64(54686.14864071369), np.float64(54618.03834228754), np.float64(54579.422876601224), np.float64(54558.309367895126)]","[np.float64(55082.82296414614), np.float64(55155.61141260679), np.float64(55017.22819616795), np.float64(54986.1573901701), np.float64(54994.379617066596), np.float64(54957.29369364023), np.float64(54995.08834270232), np.float64(55000.71194251884), np.float64(54944.926622991086), np.float64(54885.49934202195), np.float64(54874.09886728609), np.float64(54844.98080942869), np.float64(54893.005391900064), np.float64(54826.326907761526), np.float64(54828.237044613656), np.float64(54846.03071343277), np.float64(54810.58380732108), np.float64(54726.31549204687), np.float64(54727.36789274405), np.float64(54759.51042767991), np.float64(54744.83277238733), np.float64(54790.91571687842), np.float64(54739.08964922905), np.float64(54686.35027575825), np.float64(54722.56746371396), np.float64(54698.05207231451), np.float64(54633.78390522941), np.float64(54637.037349185746), np.float64(54569.900682854255)]","[np.float64(55030.10063284308), np.float64(55007.939803998226), np.float64(54971.73702095407), np.float64(54966.93806516769), np.float64(54954.56223271261), np.float64(54853.64764167126), np.float64(54927.77860501463), np.float64(54928.504715456875), np.float64(54874.61864547988), np.float64(54833.10987967074), np.float64(54831.50815685034), np.float64(54784.593660049504), np.float64(54826.30992412269), np.float64(54781.78241118157), np.float64(54792.518449672876), np.float64(54773.77859708822), np.float64(54710.33273472862), np.float64(54702.97401172805), np.float64(54626.40303049389), np.float64(54662.71366853952), np.float64(54651.12394503366), np.float64(54670.48612559072), np.float64(54619.05166393107), np.float64(54638.55996078851), np.float64(54660.69560374737), np.float64(54613.79749213884), np.float64(54569.32737105575), np.float64(54545.063673570294), np.float64(54523.78472564492)]","[np.float64(55035.240496506696), np.float64(55017.22819616795), np.float64(54986.1573901701), np.float64(54981.8227554369), np.float64(54957.29369364023), np.float64(54927.78662708282), np.float64(54986.52092771769), np.float64(54933.22668381691), np.float64(54885.49934202195), np.float64(54851.62815079212), np.float64(54831.50815685034), np.float64(54844.98080942869), np.float64(54826.319086542135), np.float64(54794.40788166523), np.float64(54824.135800824166), np.float64(54792.60075364351), np.float64(54726.294235036374), np.float64(54711.97281307221), np.float64(54662.71366853952), np.float64(54740.590803034305), np.float64(54678.04225563288), np.float64(54739.08964922905), np.float64(54679.63921954632), np.float64(54660.69560374737), np.float64(54686.14864071369), np.float64(54618.03834228754), np.float64(54579.422876601224), np.float64(54558.309367895126), np.float64(54539.02307642699)]"
521,"[np.float64(55129.25120329142), np.float64(55106.19921399593), np.float64(55116.37362935543), np.float64(55076.005379552844), np.float64(55171.27295012236), np.float64(55117.42470745087), np.float64(55120.253294851784), np.float64(55018.94839969635), np.float64(55000.47494882345), np.float64(54947.61816048384), np.float64(55021.88374325276), np.float64(54977.885526609425), np.float64(54905.66337770701), np.float64(54950.961340885166), np.float64(54942.19008001328), np.float64(55012.5354325223), np.float64(54955.584822490215), np.float64(54965.24348585606), np.float64(54787.6969244504), np.float64(54817.798683319095), np.float64(54886.366655299666), np.float64(54723.75436573029), np.float64(54850.21623946667), np.float64(54642.816072523594), np.float64(54867.151706304554), np.float64(54828.74846515894), np.float64(54621.097183012964), np.float64(54629.06526156664), np.float64(54600.470322692396)]","[np.float64(55130.18578072783), np.float64(55161.54622869614), np.float64(55116.455816223635), np.float64(55171.28115908705), np.float64(55171.29034062105), np.float64(55122.721127690165), np.float64(55122.57870868806), np.float64(55040.425021491006), np.float64(55000.47494882345), np.float64(55021.88374325276), np.float64(55044.666153797945), np.float64(54977.885526609425), np.float64(54961.93012505469), np.float64(54967.79132639374), np.float64(55015.87304353515), np.float64(55024.50062767059), np.float64(54969.10080338404), np.float64(54972.48138846875), np.float64(54833.761863765714), np.float64(54903.32610431199), np.float64(54964.69574707207), np.float64(54872.33921281318), np.float64(54876.576125226355), np.float64(54867.151706304554), np.float64(54913.07433680545), np.float64(54833.951313043544), np.float64(54644.41789062977), np.float64(54678.56654176528), np.float64(54621.10282890812)]","[np.float64(55065.82398938916), np.float64(55099.757788008974), np.float64(55076.005379552844), np.float64(55067.05708695757), np.float64(55110.50951932843), np.float64(55117.39846905792), np.float64(55018.94839969635), np.float64(54992.45712841618), np.float64(54938.628889125874), np.float64(54947.61816048384), np.float64(54972.75277116078), np.float64(54905.65591867605), np.float64(54843.23111538648), np.float64(54942.18046426941), np.float64(54942.175471507006), np.float64(54935.210312703675), np.float64(54930.61615274113), np.float64(54770.38871238899), np.float64(54776.15003061912), np.float64(54817.793197621715), np.float64(54717.38286223061), np.float64(54604.82008977006), np.float64(54638.7456275003), np.float64(54628.444121359404), np.float64(54778.24825183049), np.float64(54621.097183012964), np.float64(54594.069621422466), np.float64(54600.46205839515), np.float64(54468.3514999282)]","[np.float64(55106.19921399593), np.float64(55116.37362935543), np.float64(55076.005379552844), np.float64(55171.27295012236), np.float64(55117.42470745087), np.float64(55120.253294851784), np.float64(55018.94839969635), np.float64(55000.47494882345), np.float64(54947.61816048384), np.float64(55021.88374325276), np.float64(54977.885526609425), np.float64(54905.66337770701), np.float64(54950.961340885166), np.float64(54942.19008001328), np.float64(55012.5354325223), np.float64(54955.584822490215), np.float64(54965.24348585606), np.float64(54787.6969244504), np.float64(54817.798683319095), np.float64(54886.366655299666), np.float64(54723.75436573029), np.float64(54850.21623946667), np.float64(54642.816072523594), np.float64(54867.151706304554), np.float64(54828.74846515894), np.float64(54621.097183012964), np.float64(54629.06526156664), np.float64(54600.470322692396), np.float64(54573.29927140713)]"
522,"[np.float64(55052.16591873646), np.float64(55019.84726334572), np.float64(55051.794010682104), np.float64(55056.45393618584), np.float64(55032.18152700424), np.float64(54972.37618783474), np.float64(55011.96636683941), np.float64(54966.01279981613), np.float64(54979.83456691504), np.float64(54946.999515645504), np.float64(54903.86114321232), np.float64(54881.97922198534), np.float64(54906.488323342805), np.float64(54887.67335579395), np.float64(54864.21494620085), np.float64(54803.696697409156), np.float64(54771.53514999151), np.float64(54800.908932325845), np.float64(54764.25255155325), np.float64(54734.66165115118), np.float64(54770.30829125404), np.float64(54723.387479979996), np.float64(54691.12136561632), np.float64(54664.36523391247), np.float64(54715.55023888588), np.float64(54720.15157084227), np.float64(54637.29836324215), np.float64(54591.812256827354), np.float64(54540.63806912422)]","[np.float64(55053.20110043461), np.float64(55054.5456175015), np.float64(55079.55247768373), np.float64(55056.46618884237), np.float64(55038.99284796873), np.float64(55021.810292003254), np.float64(55021.730798455115), np.float64(54979.83456691504), np.float64(55003.63262921786), np.float64(54946.999515645504), np.float64(54918.798864078504), np.float64(54917.30600692014), np.float64(54923.48730387262), np.float64(54887.68828324645), np.float64(54877.0550149818), np.float64(54813.884492003606), np.float64(54812.05021085518), np.float64(54807.02702829625), np.float64(54790.464453058645), np.float64(54771.75756098557), np.float64(54805.88661522599), np.float64(54739.07364107077), np.float64(54723.39615753172), np.float64(54715.558049363055), np.float64(54737.99075373934), np.float64(54720.15157084227), np.float64(54684.58688897795), np.float64(54591.812256827354), np.float64(54557.16440212717)]","[np.float64(54999.17237635768), np.float64(55016.67488724023), np.float64(55051.78513563804), np.float64(55020.30673212179), np.float64(54972.36323591245), np.float64(54950.26679133686), np.float64(54960.32087880306), np.float64(54966.01279981613), np.float64(54944.008936292084), np.float64(54888.3291281777), np.float64(54881.967466556904), np.float64(54864.57860139884), np.float64(54873.11665451349), np.float64(54843.796993009426), np.float64(54792.980539290445), np.float64(54758.562500617656), np.float64(54765.40763527696), np.float64(54762.346853691975), np.float64(54731.14777854367), np.float64(54686.93909126114), np.float64(54720.827668153855), np.float64(54679.08296059659), np.float64(54640.89671557419), np.float64(54651.20031480522), np.float64(54704.732300010655), np.float64(54637.12496303232), np.float64(54570.012837608265), np.float64(54533.770580145174), np.float64(54481.0059397794)]","[np.float64(55019.84726334572), np.float64(55051.794010682104), np.float64(55056.45393618584), np.float64(55032.18152700424), np.float64(54972.37618783474), np.float64(55011.96636683941), np.float64(54966.01279981613), np.float64(54979.83456691504), np.float64(54946.999515645504), np.float64(54903.86114321232), np.float64(54881.97922198534), np.float64(54906.488323342805), np.float64(54887.67335579395), np.float64(54864.21494620085), np.float64(54803.696697409156), np.float64(54771.53514999151), np.float64(54800.908932325845), np.float64(54764.25255155325), np.float64(54734.66165115118), np.float64(54770.30829125404), np.float64(54723.387479979996), np.float64(54691.12136561632), np.float64(54664.36523391247), np.float64(54715.55023888588), np.float64(54720.15157084227), np.float64(54637.29836324215), np.float64(54591.812256827354), np.float64(54540.63806912422), np.float64(54525.46749144316)]"
523,"[np.float64(55211.69902081013), np.float64(55133.350047287946), np.float64(55098.25534552336), np.float64(55084.73440155983), np.float64(55082.96268722058), np.float64(55070.76518476487), np.float64(55039.46296644926), np.float64(55006.24918194294), np.float64(54991.11401794434), np.float64(54949.44705182314), np.float64(54975.849304256444), np.float64(55006.24029632807), np.float64(54922.10343932152), np.float64(54938.77980678082), np.float64(54861.41159909726), np.float64(54845.8442593956), np.float64(54751.11278759003), np.float64(54827.66866978646), np.float64(54766.20519761562), np.float64(54689.27586204052), np.float64(54606.12865648747), np.float64(54694.25219269991), np.float64(54697.26518880367), np.float64(54600.16576502323), np.float64(54626.138030962946), np.float64(54541.50860182762), np.float64(54530.25722419024), np.float64(54506.31113599539), np.float64(54435.91826476336)]","[np.float64(55211.710806907504), np.float64(55135.66798516318), np.float64(55108.03371436943), np.float64(55092.106174026994), np.float64(55082.97568368372), np.float64(55145.94886422676), np.float64(55039.46296644926), np.float64(55020.20699465458), np.float64(54997.314456788066), np.float64(54984.57357454184), np.float64(55006.2492243939), np.float64(55016.3841641235), np.float64(54952.68357643137), np.float64(54938.77980678082), np.float64(54861.41159909726), np.float64(54868.880369532504), np.float64(54827.66866978646), np.float64(54880.45725677009), np.float64(54766.20519761562), np.float64(54700.37656716299), np.float64(54706.66511463361), np.float64(54722.77664470519), np.float64(54743.01259091221), np.float64(54635.04861439922), np.float64(54626.14363369297), np.float64(54547.90004309298), np.float64(54530.25722419024), np.float64(54536.847798349845), np.float64(54458.200754927384)]","[np.float64(55133.350047287946), np.float64(55074.786948709094), np.float64(55084.73440155983), np.float64(55029.42909552317), np.float64(55070.75328528512), np.float64(55039.45448391917), np.float64(55006.23744209473), np.float64(54985.3473117997), np.float64(54929.56337480559), np.float64(54947.63531749936), np.float64(54949.6945864094), np.float64(54915.26919000675), np.float64(54922.10343932152), np.float64(54837.445763169075), np.float64(54838.19412462275), np.float64(54716.95540506571), np.float64(54746.26769006002), np.float64(54762.3500698343), np.float64(54677.23577240564), np.float64(54550.108337274374), np.float64(54606.12017729689), np.float64(54656.25828247655), np.float64(54596.97380077351), np.float64(54557.086223735656), np.float64(54518.56273909845), np.float64(54527.61568661597), np.float64(54480.87955225683), np.float64(54435.91826476336), np.float64(54384.09321933449)]","[np.float64(55133.350047287946), np.float64(55098.25534552336), np.float64(55084.73440155983), np.float64(55082.96268722058), np.float64(55070.76518476487), np.float64(55039.46296644926), np.float64(55006.24918194294), np.float64(54991.11401794434), np.float64(54949.44705182314), np.float64(54975.849304256444), np.float64(55006.24029632807), np.float64(54922.10343932152), np.float64(54938.77980678082), np.float64(54861.41159909726), np.float64(54845.8442593956), np.float64(54751.11278759003), np.float64(54827.66866978646), np.float64(54766.20519761562), np.float64(54689.27586204052), np.float64(54606.12865648747), np.float64(54694.25219269991), np.float64(54697.26518880367), np.float64(54600.16576502323), np.float64(54626.138030962946), np.float64(54541.50860182762), np.float64(54530.25722419024), np.float64(54506.31113599539), np.float64(54435.91826476336), np.float64(54413.293943974975)]"
524,"[np.float64(55231.51265420437), np.float64(55190.83791507721), np.float64(55229.82992479086), np.float64(55186.38763857365), np.float64(55104.62143785954), np.float64(55143.898946242334), np.float64(55039.03800225973), np.float64(55062.80148463011), np.float64(55049.4372623086), np.float64(55012.4827627182), np.float64(55104.11740457535), np.float64(54997.000158300405), np.float64(55011.48834651471), np.float64(54938.393733253484), np.float64(54895.95268842221), np.float64(54924.40249558687), np.float64(54829.03357749701), np.float64(54951.776757020954), np.float64(54710.78407233477), np.float64(54735.408686685565), np.float64(54787.80432449102), np.float64(54747.183414161205), np.float64(54768.45853803635), np.float64(54665.92176183939), np.float64(54796.75574442387), np.float64(54788.56578305244), np.float64(54582.84010379315), np.float64(54774.916834723954), np.float64(54700.120304272175)]","[np.float64(55231.549602389154), np.float64(55243.592219029895), np.float64(55274.545901629215), np.float64(55186.38763857365), np.float64(55147.18468008271), np.float64(55157.790154732305), np.float64(55062.80148463011), np.float64(55084.38047088046), np.float64(55052.16042447594), np.float64(55104.11740457535), np.float64(55115.365885118816), np.float64(55011.48834651471), np.float64(55011.48834651471), np.float64(55036.213397999934), np.float64(54924.40249558687), np.float64(54930.68736747922), np.float64(54951.776757020954), np.float64(54954.48998227243), np.float64(54738.59144471747), np.float64(54792.42446469778), np.float64(54800.60565474178), np.float64(54790.56924946807), np.float64(54768.46387989945), np.float64(54796.75574442387), np.float64(54796.75574442387), np.float64(54827.508113575524), np.float64(54774.916834723954), np.float64(54789.94140013421), np.float64(54724.24783994896)]","[np.float64(55187.19102261673), np.float64(55188.00228966503), np.float64(55186.38763857365), np.float64(55104.612721079226), np.float64(55096.569151937765), np.float64(55039.03800225973), np.float64(55033.793654631365), np.float64(55049.4372623086), np.float64(54996.96436430042), np.float64(55012.4827627182), np.float64(54955.14813163569), np.float64(54997.000158300405), np.float64(54846.75380545154), np.float64(54893.35933456275), np.float64(54895.947009225856), np.float64(54769.77397953205), np.float64(54829.018929108104), np.float64(54693.009712260144), np.float64(54697.7689344397), np.float64(54735.408686685565), np.float64(54740.448854906586), np.float64(54744.7605279088), np.float64(54631.79298108416), np.float64(54650.29579396261), np.float64(54780.53119961031), np.float64(54582.84010379315), np.float64(54566.446915548964), np.float64(54688.16454318401), np.float64(54579.288207631296)]","[np.float64(55190.83791507721), np.float64(55229.82992479086), np.float64(55186.38763857365), np.float64(55104.62143785954), np.float64(55143.898946242334), np.float64(55039.03800225973), np.float64(55062.80148463011), np.float64(55049.4372623086), np.float64(55012.4827627182), np.float64(55104.11740457535), np.float64(54997.000158300405), np.float64(55011.48834651471), np.float64(54938.393733253484), np.float64(54895.95268842221), np.float64(54924.40249558687), np.float64(54829.03357749701), np.float64(54951.776757020954), np.float64(54710.78407233477), np.float64(54735.408686685565), np.float64(54787.80432449102), np.float64(54747.183414161205), np.float64(54768.45853803635), np.float64(54665.92176183939), np.float64(54796.75574442387), np.float64(54788.56578305244), np.float64(54582.84010379315), np.float64(54774.916834723954), np.float64(54700.120304272175), np.float64(54606.100454318526)]"
525,"[np.float64(55119.9477069664), np.float64(55109.894342012405), np.float64(55082.14508187533), np.float64(55075.91034210682), np.float64(55058.94087813378), np.float64(55030.32700903654), np.float64(54985.005737216474), np.float64(54989.53160583496), np.float64(54996.67048911095), np.float64(54977.624109244345), np.float64(54968.25712584496), np.float64(54928.89951815129), np.float64(54924.38639845848), np.float64(54913.51967780113), np.float64(54868.59761476517), np.float64(54852.99537648916), np.float64(54836.5265975976), np.float64(54822.68989236355), np.float64(54815.23563414812), np.float64(54808.07035158158), np.float64(54795.98333981514), np.float64(54777.45039395571), np.float64(54747.76110790491), np.float64(54728.91703674793), np.float64(54710.11559078693), np.float64(54691.840456535814), np.float64(54699.98598983288), np.float64(54703.08178956509), np.float64(54660.414483497145)]","[np.float64(55138.99658796141), np.float64(55109.894342012405), np.float64(55111.713566413884), np.float64(55075.91034210682), np.float64(55064.971185294555), np.float64(55037.50684797849), np.float64(54997.07456128056), np.float64(54996.67834211276), np.float64(55019.189884164356), np.float64(54977.624109244345), np.float64(55011.33216969756), np.float64(54928.89951815129), np.float64(54945.16161458564), np.float64(54925.04287804065), np.float64(54884.48507014237), np.float64(54869.29663817126), np.float64(54836.53212562764), np.float64(54860.57976630586), np.float64(54815.2443143959), np.float64(54808.07602095621), np.float64(54803.809080292), np.float64(54788.76945012422), np.float64(54756.348685525954), np.float64(54740.43678745316), np.float64(54710.12403518342), np.float64(54720.644618257444), np.float64(54703.08178956509), np.float64(54746.3256977269), np.float64(54666.00815641462)]","[np.float64(55109.88581949742), np.float64(55070.68544514675), np.float64(55075.91034210682), np.float64(55031.46165925034), np.float64(55021.13069063027), np.float64(54979.76778632577), np.float64(54981.32988645495), np.float64(54986.01606226517), np.float64(54950.55684973251), np.float64(54968.24964603543), np.float64(54926.28906147594), np.float64(54916.32689218041), np.float64(54913.51967780113), np.float64(54858.87177774182), np.float64(54850.46448735997), np.float64(54821.65288273997), np.float64(54799.50411291569), np.float64(54810.13930620111), np.float64(54805.64001383539), np.float64(54776.3538621726), np.float64(54773.84874151147), np.float64(54717.04330680184), np.float64(54721.821534031566), np.float64(54678.007302941216), np.float64(54682.84305439121), np.float64(54676.06122432488), np.float64(54699.98598983288), np.float64(54635.60769161797), np.float64(54648.03482376695)]","[np.float64(55109.894342012405), np.float64(55082.14508187533), np.float64(55075.91034210682), np.float64(55058.94087813378), np.float64(55030.32700903654), np.float64(54985.005737216474), np.float64(54989.53160583496), np.float64(54996.67048911095), np.float64(54977.624109244345), np.float64(54968.25712584496), np.float64(54928.89951815129), np.float64(54924.38639845848), np.float64(54913.51967780113), np.float64(54868.59761476517), np.float64(54852.99537648916), np.float64(54836.5265975976), np.float64(54822.68989236355), np.float64(54815.23563414812), np.float64(54808.07035158158), np.float64(54795.98333981514), np.float64(54777.45039395571), np.float64(54747.76110790491), np.float64(54728.91703674793), np.float64(54710.11559078693), np.float64(54691.840456535814), np.float64(54699.98598983288), np.float64(54703.08178956509), np.float64(54660.414483497145), np.float64(54653.52092045784)]"
526,"[np.float64(55013.58457896233), np.float64(55011.91279559612), np.float64(55035.87987444639), np.float64(55035.644598817824), np.float64(54991.16359709978), np.float64(54980.784941375256), np.float64(54978.57680169106), np.float64(54973.23435794354), np.float64(54956.336107666495), np.float64(54948.06089590311), np.float64(54919.70947438717), np.float64(54934.61863470316), np.float64(54903.60771002293), np.float64(54903.71124675274), np.float64(54897.82227330208), np.float64(54868.02095123768), np.float64(54826.81037090063), np.float64(54848.8123123169), np.float64(54810.37777835369), np.float64(54774.15846681118), np.float64(54780.714505262375), np.float64(54788.39438082933), np.float64(54780.20725255251), np.float64(54779.20562483549), np.float64(54731.23734122276), np.float64(54698.49024466276), np.float64(54660.16581505776), np.float64(54614.034922068124), np.float64(54591.38085378647)]","[np.float64(55023.09203486804), np.float64(55035.87987444639), np.float64(55048.53842640177), np.float64(55035.644598817824), np.float64(55005.496972222645), np.float64(54980.784941375256), np.float64(54984.61423429409), np.float64(54973.23435794354), np.float64(54992.939765210314), np.float64(54948.06089590311), np.float64(54951.84916417863), np.float64(54934.61863470316), np.float64(54921.677825716244), np.float64(54903.71124675274), np.float64(54926.089191340405), np.float64(54868.02095123768), np.float64(54853.41145666317), np.float64(54848.8123123169), np.float64(54819.54136416006), np.float64(54780.726667889605), np.float64(54788.39438082933), np.float64(54788.39438082933), np.float64(54786.68985222795), np.float64(54800.6663017994), np.float64(54731.23734122276), np.float64(54698.4994710704), np.float64(54667.136201508445), np.float64(54614.034922068124), np.float64(54593.62630000462)]","[np.float64(55011.91279559612), np.float64(54979.84608630465), np.float64(55035.644598817824), np.float64(54991.15558644577), np.float64(54974.934075362646), np.float64(54978.57680169106), np.float64(54958.742815595564), np.float64(54956.336107666495), np.float64(54922.783967356125), np.float64(54919.70947438717), np.float64(54919.70947438717), np.float64(54883.755772960176), np.float64(54903.60771002293), np.float64(54890.05167809902), np.float64(54868.02095123768), np.float64(54814.10492751808), np.float64(54826.81037090063), np.float64(54793.68840677742), np.float64(54774.15846681118), np.float64(54746.79037815766), np.float64(54780.714505262375), np.float64(54770.026017877666), np.float64(54779.17938083378), np.float64(54713.48020540944), np.float64(54698.49024466276), np.float64(54644.40904419623), np.float64(54614.034922068124), np.float64(54584.975025070686), np.float64(54544.81727994422)]","[np.float64(55011.91279559612), np.float64(55035.87987444639), np.float64(55035.644598817824), np.float64(54991.16359709978), np.float64(54980.784941375256), np.float64(54978.57680169106), np.float64(54973.23435794354), np.float64(54956.336107666495), np.float64(54948.06089590311), np.float64(54919.70947438717), np.float64(54934.61863470316), np.float64(54903.60771002293), np.float64(54903.71124675274), np.float64(54897.82227330208), np.float64(54868.02095123768), np.float64(54826.81037090063), np.float64(54848.8123123169), np.float64(54810.37777835369), np.float64(54774.15846681118), np.float64(54780.714505262375), np.float64(54788.39438082933), np.float64(54780.20725255251), np.float64(54779.20562483549), np.float64(54731.23734122276), np.float64(54698.49024466276), np.float64(54660.16581505776), np.float64(54614.034922068124), np.float64(54591.38085378647), np.float64(54574.738612239365)]"
527,"[np.float64(55156.64001652956), np.float64(55151.104020910265), np.float64(55047.8656674695), np.float64(55069.91860458851), np.float64(55081.298888030055), np.float64(55048.933100247385), np.float64(54962.40923226595), np.float64(54879.68956644297), np.float64(54856.13521796465), np.float64(54811.216245577336), np.float64(54854.11303230763), np.float64(54931.33919893026), np.float64(54886.638632380964), np.float64(54872.98659340382), np.float64(54761.449719557764), np.float64(54766.44871497393), np.float64(54791.78469362259), np.float64(54724.30475874424), np.float64(54704.95781329632), np.float64(54707.827223014836), np.float64(54609.550519652366), np.float64(54558.44175067902), np.float64(54623.43281195402), np.float64(54573.345373582844), np.float64(54532.56787038803), np.float64(54549.69688909769), np.float64(54518.00808214665), np.float64(54438.686970846655), np.float64(54406.51975723982)]","[np.float64(55190.672599369675), np.float64(55179.31004523079), np.float64(55069.91860458851), np.float64(55087.9572773253), np.float64(55094.58244700512), np.float64(55048.933100247385), np.float64(55035.46552332463), np.float64(54885.229821424255), np.float64(54906.123482827184), np.float64(54854.12151932624), np.float64(54931.34904929637), np.float64(54931.33919893026), np.float64(54895.61788150677), np.float64(54880.86804074445), np.float64(54784.17586708364), np.float64(54792.663569654), np.float64(54793.438076750004), np.float64(54739.11891798733), np.float64(54707.83593514965), np.float64(54718.74455687573), np.float64(54623.140907500994), np.float64(54712.352212411955), np.float64(54623.43281195402), np.float64(54607.383098851846), np.float64(54549.69688909769), np.float64(54583.574704086524), np.float64(54518.00808214665), np.float64(54604.55028983408), np.float64(54425.25040456863)]","[np.float64(55146.84041100661), np.float64(55025.99690709788), np.float64(55047.85820537088), np.float64(55029.91863016962), np.float64(55044.87317439677), np.float64(54935.981040033774), np.float64(54876.278551283256), np.float64(54856.126124707225), np.float64(54772.37973505021), np.float64(54811.216245577336), np.float64(54835.40750523872), np.float64(54876.16778854723), np.float64(54872.98659340382), np.float64(54711.440248748695), np.float64(54761.449719557764), np.float64(54655.581128568694), np.float64(54724.295530243995), np.float64(54676.18180778424), np.float64(54702.17994694034), np.float64(54595.28268043802), np.float64(54558.428706408384), np.float64(54555.083184214884), np.float64(54573.345373582844), np.float64(54504.34286989674), np.float64(54518.10979927899), np.float64(54517.99506802353), np.float64(54314.827880522425), np.float64(54406.51975723982), np.float64(54405.06047278938)]","[np.float64(55151.104020910265), np.float64(55047.8656674695), np.float64(55069.91860458851), np.float64(55081.298888030055), np.float64(55048.933100247385), np.float64(54962.40923226595), np.float64(54879.68956644297), np.float64(54856.13521796465), np.float64(54811.216245577336), np.float64(54854.11303230763), np.float64(54931.33919893026), np.float64(54886.638632380964), np.float64(54872.98659340382), np.float64(54761.449719557764), np.float64(54766.44871497393), np.float64(54791.78469362259), np.float64(54724.30475874424), np.float64(54704.95781329632), np.float64(54707.827223014836), np.float64(54609.550519652366), np.float64(54558.44175067902), np.float64(54623.43281195402), np.float64(54573.345373582844), np.float64(54532.56787038803), np.float64(54549.69688909769), np.float64(54518.00808214665), np.float64(54438.686970846655), np.float64(54406.51975723982), np.float64(54419.47459739208)]"
528,"[np.float64(55082.82966055155), np.float64(55072.093906130794), np.float64(55074.3372019434), np.float64(55043.24424629688), np.float64(55073.52629300356), np.float64(55053.77923733235), np.float64(54987.18335674524), np.float64(54972.85820024729), np.float64(54937.936317253116), np.float64(54941.7924165535), np.float64(54930.49455040932), np.float64(54924.70486404657), np.float64(54935.67151567698), np.float64(54908.50303993225), np.float64(54885.36129304886), np.float64(54885.53861901522), np.float64(54818.958964333535), np.float64(54786.6104326725), np.float64(54764.43992212773), np.float64(54766.09960045338), np.float64(54711.511404984), np.float64(54689.925542142395), np.float64(54670.97149540424), np.float64(54677.647038936615), np.float64(54687.80188018799), np.float64(54645.216218755246), np.float64(54560.92714730263), np.float64(54515.79170073271), np.float64(54551.129791078565)]","[np.float64(55082.82966055155), np.float64(55074.3372019434), np.float64(55090.216022609486), np.float64(55073.52629300356), np.float64(55086.63673895224), np.float64(55053.79223441969), np.float64(55000.553504660726), np.float64(54972.85820024729), np.float64(54986.37495876734), np.float64(54941.7924165535), np.float64(54951.12855373695), np.float64(54935.67151567698), np.float64(54962.59963252858), np.float64(54908.50303993225), np.float64(54927.237532473526), np.float64(54889.71738655137), np.float64(54818.958964333535), np.float64(54818.8403165537), np.float64(54766.09960045338), np.float64(54766.10800607161), np.float64(54724.317595809334), np.float64(54701.96509945099), np.float64(54677.647038936615), np.float64(54689.32959742962), np.float64(54687.80188018799), np.float64(54650.70394620578), np.float64(54560.92714730263), np.float64(54585.40240331551), np.float64(54572.38792438358)]","[np.float64(55053.04783154114), np.float64(55052.98621492085), np.float64(55043.24424629688), np.float64(55013.87132045117), np.float64(55040.80161913316), np.float64(54987.17467326055), np.float64(54955.35988453479), np.float64(54937.936317253116), np.float64(54920.63357328047), np.float64(54930.49455040932), np.float64(54923.650957281), np.float64(54920.40473246765), np.float64(54908.50303993225), np.float64(54873.13249053571), np.float64(54878.675528141), np.float64(54796.576408475456), np.float64(54786.60192116488), np.float64(54714.55231232399), np.float64(54764.43074045339), np.float64(54689.582711219744), np.float64(54689.91623930591), np.float64(54630.81069376979), np.float64(54655.37557374937), np.float64(54646.64962168642), np.float64(54645.21072817671), np.float64(54535.76129278566), np.float64(54515.79170073271), np.float64(54512.46437847865), np.float64(54513.06662400205)]","[np.float64(55072.093906130794), np.float64(55074.3372019434), np.float64(55043.24424629688), np.float64(55073.52629300356), np.float64(55053.77923733235), np.float64(54987.18335674524), np.float64(54972.85820024729), np.float64(54937.936317253116), np.float64(54941.7924165535), np.float64(54930.49455040932), np.float64(54924.70486404657), np.float64(54935.67151567698), np.float64(54908.50303993225), np.float64(54885.36129304886), np.float64(54885.53861901522), np.float64(54818.958964333535), np.float64(54786.6104326725), np.float64(54764.43992212773), np.float64(54766.09960045338), np.float64(54711.511404984), np.float64(54689.925542142395), np.float64(54670.97149540424), np.float64(54677.647038936615), np.float64(54687.80188018799), np.float64(54645.216218755246), np.float64(54560.92714730263), np.float64(54515.79170073271), np.float64(54551.129791078565), np.float64(54569.417030370234)]"
529,"[np.float64(55204.142899966246), np.float64(55180.16873837948), np.float64(55144.612886080744), np.float64(55173.30698326588), np.float64(55121.67615222454), np.float64(55137.29216964245), np.float64(55079.63238452196), np.float64(55109.238094282155), np.float64(55052.535122473244), np.float64(54990.53877096415), np.float64(55014.456399436), np.float64(55062.2902398324), np.float64(55045.24917583227), np.float64(55016.36126922131), np.float64(54949.38304964066), np.float64(54988.58200403691), np.float64(55012.27736335993), np.float64(54964.358401348596), np.float64(54945.02768180609), np.float64(54936.01805465698), np.float64(54936.46259295464), np.float64(54913.7079498148), np.float64(54922.53780423403), np.float64(54871.281199233534), np.float64(54793.34547119141), np.float64(54864.666180903914), np.float64(54872.42332268715), np.float64(54906.024983599185), np.float64(54881.81722048521)]","[np.float64(55220.076533648054), np.float64(55188.29695708414), np.float64(55199.08620394839), np.float64(55173.30698326588), np.float64(55249.73757481619), np.float64(55137.30609118222), np.float64(55113.498158277376), np.float64(55131.62269136927), np.float64(55080.584035198226), np.float64(55014.47330861402), np.float64(55076.07142573126), np.float64(55143.937079935844), np.float64(55045.285283545374), np.float64(55039.68227975457), np.float64(55022.84723453932), np.float64(55016.56190077249), np.float64(55012.27736335993), np.float64(54974.65453556096), np.float64(55052.53394823913), np.float64(54939.58172725524), np.float64(54939.23900326217), np.float64(54949.19578640078), np.float64(54951.87492286187), np.float64(54871.797847783935), np.float64(54888.432688638335), np.float64(54899.45338792124), np.float64(54915.78602815439), np.float64(54949.43606863652), np.float64(54887.21310681921)]","[np.float64(55128.54219564475), np.float64(55144.612886080744), np.float64(55144.612886080744), np.float64(54884.81389702793), np.float64(55121.67615222454), np.float64(55057.75393557677), np.float64(55079.61638382556), np.float64(55038.82169716043), np.float64(54969.36482626828), np.float64(54982.77960138738), np.float64(55014.456399436), np.float64(54979.29422443473), np.float64(55016.36126922131), np.float64(54935.54141619644), np.float64(54949.38304964066), np.float64(54959.41777948573), np.float64(54868.10739967195), np.float64(54945.02768180609), np.float64(54911.673980770756), np.float64(54928.61381221233), np.float64(54888.61821974985), np.float64(54911.42436757789), np.float64(54849.9097286406), np.float64(54765.546739151534), np.float64(54726.01031188179), np.float64(54864.666180903914), np.float64(54870.01726790903), np.float64(54863.85418268626), np.float64(54856.14055486454)]","[np.float64(55180.16873837948), np.float64(55144.612886080744), np.float64(55173.30698326588), np.float64(55121.67615222454), np.float64(55137.29216964245), np.float64(55079.63238452196), np.float64(55109.238094282155), np.float64(55052.535122473244), np.float64(54990.53877096415), np.float64(55014.456399436), np.float64(55062.2902398324), np.float64(55045.24917583227), np.float64(55016.36126922131), np.float64(54949.38304964066), np.float64(54988.58200403691), np.float64(55012.27736335993), np.float64(54964.358401348596), np.float64(54945.02768180609), np.float64(54936.01805465698), np.float64(54936.46259295464), np.float64(54913.7079498148), np.float64(54922.53780423403), np.float64(54871.281199233534), np.float64(54793.34547119141), np.float64(54864.666180903914), np.float64(54872.42332268715), np.float64(54906.024983599185), np.float64(54881.81722048521), np.float64(54876.69833365679)]"
530,"[np.float64(55073.087807226184), np.float64(55053.4956703186), np.float64(55010.764619622234), np.float64(55033.16048996449), np.float64(54995.933369407656), np.float64(54988.38471763134), np.float64(54910.49818241358), np.float64(54881.95681478262), np.float64(54891.2686816144), np.float64(54892.92230741978), np.float64(54832.404573736196), np.float64(54817.504685366155), np.float64(54811.773077442645), np.float64(54812.313554625514), np.float64(54724.45426887274), np.float64(54760.64937033415), np.float64(54752.87085156441), np.float64(54691.05684832573), np.float64(54685.30888571978), np.float64(54649.469337630275), np.float64(54575.79999249697), np.float64(54522.2114930892), np.float64(54526.582314167026), np.float64(54525.58480731487), np.float64(54547.29197811604), np.float64(54536.87739360094), np.float64(54555.487219345574), np.float64(54452.83724814177), np.float64(54407.8439714098)]","[np.float64(55077.40849969449), np.float64(55059.63567342438), np.float64(55037.107171392454), np.float64(55033.16048996449), np.float64(54999.18283542263), np.float64(54994.0215575586), np.float64(54923.27311733133), np.float64(54893.85345620131), np.float64(54906.93800896977), np.float64(54892.92230741978), np.float64(54839.13699256767), np.float64(54817.518858206204), np.float64(54828.74803155219), np.float64(54812.32200416791), np.float64(54770.84784753419), np.float64(54760.671543774595), np.float64(54765.47478959092), np.float64(54714.085906546905), np.float64(54685.315642235735), np.float64(54667.332031692196), np.float64(54575.79999249697), np.float64(54542.0676225397), np.float64(54532.462613916134), np.float64(54552.63847870652), np.float64(54549.65111603508), np.float64(54555.543730527876), np.float64(54564.82958001477), np.float64(54456.00060637291), np.float64(54415.49593108697)]","[np.float64(55053.4956703186), np.float64(54997.93524902387), np.float64(54981.47979000042), np.float64(54995.933369407656), np.float64(54941.920155427295), np.float64(54910.49818241358), np.float64(54869.75770393586), np.float64(54881.94737252665), np.float64(54864.25146630772), np.float64(54832.404573736196), np.float64(54817.499177799386), np.float64(54803.112169993205), np.float64(54808.61007289858), np.float64(54711.405430555686), np.float64(54724.45426887274), np.float64(54706.927222168655), np.float64(54691.05684832573), np.float64(54672.03887347117), np.float64(54649.46046899416), np.float64(54565.00424630179), np.float64(54522.14569206846), np.float64(54500.04110360429), np.float64(54525.58480731487), np.float64(54496.75986734749), np.float64(54536.87739360094), np.float64(54476.078860607755), np.float64(54452.83724814177), np.float64(54378.280376553565), np.float64(54385.84228754759)]","[np.float64(55053.4956703186), np.float64(55010.764619622234), np.float64(55033.16048996449), np.float64(54995.933369407656), np.float64(54988.38471763134), np.float64(54910.49818241358), np.float64(54881.95681478262), np.float64(54891.2686816144), np.float64(54892.92230741978), np.float64(54832.404573736196), np.float64(54817.504685366155), np.float64(54811.773077442645), np.float64(54812.313554625514), np.float64(54724.45426887274), np.float64(54760.64937033415), np.float64(54752.87085156441), np.float64(54691.05684832573), np.float64(54685.30888571978), np.float64(54649.469337630275), np.float64(54575.79999249697), np.float64(54522.2114930892), np.float64(54526.582314167026), np.float64(54525.58480731487), np.float64(54547.29197811604), np.float64(54536.87739360094), np.float64(54555.487219345574), np.float64(54452.83724814177), np.float64(54407.8439714098), np.float64(54385.84228754759)]"
531,"[np.float64(55167.15375935555), np.float64(55180.70393570423), np.float64(55130.357526731495), np.float64(55081.385941300396), np.float64(55044.4514021492), np.float64(55029.39105760336), np.float64(55028.64131775141), np.float64(55025.53946549893), np.float64(54991.725837600236), np.float64(55009.22328738451), np.float64(54931.94638261318), np.float64(55043.33297366858), np.float64(55011.224868717196), np.float64(54980.676382341386), np.float64(54909.69062167645), np.float64(54872.65525011301), np.float64(54830.40041686297), np.float64(54844.00249035359), np.float64(54766.95841444731), np.float64(54827.28542935372), np.float64(54789.30431930304), np.float64(54821.50308328152), np.float64(54836.631422097686), np.float64(54683.62770163059), np.float64(54786.35957502365), np.float64(54665.821830866334), np.float64(54662.58785338402), np.float64(54675.7084295702), np.float64(54703.789419329165)]","[np.float64(55180.70393570423), np.float64(55186.138414554574), np.float64(55139.93537238492), np.float64(55081.385941300396), np.float64(55063.72928432656), np.float64(55035.82408072258), np.float64(55028.64131775141), np.float64(55025.548692655335), np.float64(55020.40866118478), np.float64(55009.22328738451), np.float64(55066.14048267618), np.float64(55065.1398098637), np.float64(55025.200833001785), np.float64(54990.173025638935), np.float64(54909.69454725247), np.float64(54905.12126176152), np.float64(54845.82395618091), np.float64(54864.725069433094), np.float64(54832.75364398012), np.float64(54827.28542935372), np.float64(54821.52096756621), np.float64(54862.21585925568), np.float64(54836.631422097686), np.float64(54819.33299814104), np.float64(54786.35957502365), np.float64(54669.31309629164), np.float64(54680.45892665919), np.float64(54725.65621484453), np.float64(54709.04919545908)]","[np.float64(55122.34173059914), np.float64(55130.357526731495), np.float64(55081.17033741826), np.float64(55029.510696801735), np.float64(55029.37426832561), np.float64(55027.9285136879), np.float64(54996.50394906883), np.float64(54990.111380913164), np.float64(54991.720147871245), np.float64(54902.80354934031), np.float64(54931.94638261318), np.float64(54995.24459677581), np.float64(54980.676382341386), np.float64(54891.91816921328), np.float64(54872.65525011301), np.float64(54811.492181717345), np.float64(54823.69669051069), np.float64(54758.372420580854), np.float64(54757.4770939125), np.float64(54751.76700348567), np.float64(54762.74844454), np.float64(54821.50308328152), np.float64(54649.5412275029), np.float64(54666.36180609425), np.float64(54646.64725905248), np.float64(54649.587587491456), np.float64(54662.58785338402), np.float64(54658.70028021139), np.float64(54656.853790272864)]","[np.float64(55180.70393570423), np.float64(55130.357526731495), np.float64(55081.385941300396), np.float64(55044.4514021492), np.float64(55029.39105760336), np.float64(55028.64131775141), np.float64(55025.53946549893), np.float64(54991.725837600236), np.float64(55009.22328738451), np.float64(54931.94638261318), np.float64(55043.33297366858), np.float64(55011.224868717196), np.float64(54980.676382341386), np.float64(54909.69062167645), np.float64(54872.65525011301), np.float64(54830.40041686297), np.float64(54844.00249035359), np.float64(54766.95841444731), np.float64(54827.28542935372), np.float64(54789.30431930304), np.float64(54821.50308328152), np.float64(54836.631422097686), np.float64(54683.62770163059), np.float64(54786.35957502365), np.float64(54665.821830866334), np.float64(54662.58785338402), np.float64(54675.7084295702), np.float64(54703.789419329165), np.float64(54681.21184460163)]"
532,"[np.float64(55026.92227321625), np.float64(55032.12074424744), np.float64(55008.140916471486), np.float64(54968.601475615505), np.float64(54940.951245012286), np.float64(54934.24041657448), np.float64(54913.15845824003), np.float64(54892.10392941237), np.float64(54917.882643480305), np.float64(54927.503446400166), np.float64(54924.137601242066), np.float64(54925.94537314892), np.float64(54895.45419255018), np.float64(54836.71525594235), np.float64(54867.909301555155), np.float64(54850.49349640608), np.float64(54723.70800600052), np.float64(54729.47580026865), np.float64(54699.31081187964), np.float64(54742.624063515665), np.float64(54690.58655462265), np.float64(54808.907273480894), np.float64(54735.687746503354), np.float64(54728.035300443174), np.float64(54694.93767281532), np.float64(54706.538551304344), np.float64(54653.06479222775), np.float64(54587.64451712131), np.float64(54513.714784839154)]","[np.float64(55066.56547178436), np.float64(55038.30932832069), np.float64(55016.240751402176), np.float64(54968.601475615505), np.float64(54962.43780455135), np.float64(54934.24041657448), np.float64(54913.15845824003), np.float64(54923.264652753176), np.float64(54952.98011046538), np.float64(54927.503446400166), np.float64(54951.08806671806), np.float64(54934.40082318798), np.float64(54914.667617684005), np.float64(54878.13404795742), np.float64(54867.909301555155), np.float64(54875.25728938392), np.float64(54739.572379867925), np.float64(54758.92963419916), np.float64(54812.94374077451), np.float64(54751.8202138892), np.float64(54815.94217061766), np.float64(54834.39257058809), np.float64(54735.687746503354), np.float64(54766.208868344445), np.float64(54706.538551304344), np.float64(54747.54043467875), np.float64(54653.07621085685), np.float64(54619.45969630648), np.float64(54524.4812262776)]","[np.float64(55026.914149723205), np.float64(55003.46813719358), np.float64(54966.87367940018), np.float64(54916.06553609593), np.float64(54933.80646760489), np.float64(54913.143490200695), np.float64(54867.76592427047), np.float64(54889.10669412239), np.float64(54907.007267507324), np.float64(54912.62703927188), np.float64(54924.137601242066), np.float64(54887.838922147894), np.float64(54830.9395931626), np.float64(54819.5159762589), np.float64(54847.92211934264), np.float64(54712.42112563408), np.float64(54701.108090272595), np.float64(54699.31081187964), np.float64(54633.27098360374), np.float64(54686.07525551805), np.float64(54631.10898726842), np.float64(54735.687746503354), np.float64(54695.47686219333), np.float64(54674.446583098674), np.float64(54675.215886715465), np.float64(54653.05407691174), np.float64(54567.84902166106), np.float64(54480.27467829894), np.float64(54493.538708402484)]","[np.float64(55032.12074424744), np.float64(55008.140916471486), np.float64(54968.601475615505), np.float64(54940.951245012286), np.float64(54934.24041657448), np.float64(54913.15845824003), np.float64(54892.10392941237), np.float64(54917.882643480305), np.float64(54927.503446400166), np.float64(54924.137601242066), np.float64(54925.94537314892), np.float64(54895.45419255018), np.float64(54836.71525594235), np.float64(54867.909301555155), np.float64(54850.49349640608), np.float64(54723.70800600052), np.float64(54729.47580026865), np.float64(54699.31081187964), np.float64(54742.624063515665), np.float64(54690.58655462265), np.float64(54808.907273480894), np.float64(54735.687746503354), np.float64(54728.035300443174), np.float64(54694.93767281532), np.float64(54706.538551304344), np.float64(54653.06479222775), np.float64(54587.64451712131), np.float64(54513.714784839154), np.float64(54515.15296667814)]"
533,"[np.float64(55070.79351571083), np.float64(54983.48681218147), np.float64(55045.62945439339), np.float64(54970.099409995084), np.float64(54976.60638439894), np.float64(54947.84558071375), np.float64(54799.699200932984), np.float64(54988.004310293196), np.float64(54984.662803993226), np.float64(54932.07979561329), np.float64(54978.23116415024), np.float64(54924.678335978984), np.float64(54783.810304994586), np.float64(54911.392538866996), np.float64(54828.53147586823), np.float64(54700.14039348841), np.float64(54585.27772413969), np.float64(54820.55734479427), np.float64(54625.53187749624), np.float64(54650.81776188135), np.float64(54602.80260343075), np.float64(54650.83398778677), np.float64(54636.499044234755), np.float64(54584.06155389547), np.float64(54601.220963983535), np.float64(54562.67490911484), np.float64(54225.835801122186), np.float64(54489.37772958994), np.float64(54306.97086562634)]","[np.float64(55070.79351571083), np.float64(55055.81950848649), np.float64(55045.6379029967), np.float64(55030.81291938728), np.float64(54976.60638439894), np.float64(54952.781228723215), np.float64(54988.004310293196), np.float64(55004.6320344317), np.float64(54984.662803993226), np.float64(54978.6746950943), np.float64(54988.52130579077), np.float64(54924.678335978984), np.float64(54911.89310629818), np.float64(54951.71372076048), np.float64(54828.53147586823), np.float64(54703.005668511294), np.float64(54820.55734479427), np.float64(54834.59189552488), np.float64(54650.81776188135), np.float64(54663.97441506975), np.float64(54656.42871511135), np.float64(54659.45530872664), np.float64(54636.499044234755), np.float64(54636.25045735034), np.float64(54601.220963983535), np.float64(54585.10757884859), np.float64(54496.687227815295), np.float64(54493.44360490313), np.float64(54310.8624405012)]","[np.float64(54978.82731384637), np.float64(54967.41325812811), np.float64(54970.099409995084), np.float64(54970.099409995084), np.float64(54942.97780961508), np.float64(54799.699200932984), np.float64(54780.301594710116), np.float64(54984.662803993226), np.float64(54865.393728012736), np.float64(54932.07979561329), np.float64(54906.108810163765), np.float64(54783.810304994586), np.float64(54763.297325796586), np.float64(54818.62404488443), np.float64(54697.96463204644), np.float64(54567.31546303878), np.float64(54585.27772413969), np.float64(54616.246631973074), np.float64(54614.20953342487), np.float64(54602.80260343075), np.float64(54596.16338605264), np.float64(54636.33585066906), np.float64(54565.744534111225), np.float64(54582.36256069164), np.float64(54556.099274928536), np.float64(54219.62762880495), np.float64(54205.004991815964), np.float64(54306.97086562634), np.float64(54079.0181946355)]","[np.float64(54983.48681218147), np.float64(55045.62945439339), np.float64(54970.099409995084), np.float64(54976.60638439894), np.float64(54947.84558071375), np.float64(54799.699200932984), np.float64(54988.004310293196), np.float64(54984.662803993226), np.float64(54932.07979561329), np.float64(54978.23116415024), np.float64(54924.678335978984), np.float64(54783.810304994586), np.float64(54911.392538866996), np.float64(54828.53147586823), np.float64(54700.14039348841), np.float64(54585.27772413969), np.float64(54820.55734479427), np.float64(54625.53187749624), np.float64(54650.81776188135), np.float64(54602.80260343075), np.float64(54650.83398778677), np.float64(54636.499044234755), np.float64(54584.06155389547), np.float64(54601.220963983535), np.float64(54562.67490911484), np.float64(54225.835801122186), np.float64(54489.37772958994), np.float64(54306.97086562634), np.float64(54113.90087748528)]"
534,"[np.float64(55131.2603824687), np.float64(55003.62676656246), np.float64(55180.33370175123), np.float64(55112.461125717164), np.float64(55075.437472863196), np.float64(55055.17208965778), np.float64(54893.704756636624), np.float64(54986.58879321098), np.float64(55104.44977808237), np.float64(54929.084313185216), np.float64(55041.787778120044), np.float64(54852.114541623596), np.float64(54824.55136429072), np.float64(54879.96939892292), np.float64(54814.25422442437), np.float64(54829.18424661875), np.float64(54794.80065159798), np.float64(54863.73692587614), np.float64(54655.93420194626), np.float64(54717.60204325915), np.float64(54646.434449431894), np.float64(54532.059716238975), np.float64(54595.962869188785), np.float64(54506.48356843471), np.float64(54557.601609354024), np.float64(54504.5995605278), np.float64(54236.17080143452), np.float64(54639.664126007556), np.float64(54438.32047142744)]","[np.float64(55137.99952317047), np.float64(55180.33370175123), np.float64(55280.605849285406), np.float64(55112.4704091656), np.float64(55075.437472863196), np.float64(55055.18471820983), np.float64(54986.58879321098), np.float64(55136.38842232214), np.float64(55104.44977808237), np.float64(55084.91225049895), np.float64(55041.787778120044), np.float64(54860.26404831878), np.float64(54880.13504844263), np.float64(54964.365945615005), np.float64(54829.18424661875), np.float64(54830.584779985875), np.float64(54863.73692587614), np.float64(54896.01151526987), np.float64(54717.60204325915), np.float64(54735.81566177392), np.float64(54646.434449431894), np.float64(54655.517758323826), np.float64(54595.962869188785), np.float64(54586.44014553422), np.float64(54557.601609354024), np.float64(54548.29979834942), np.float64(54639.664126007556), np.float64(54663.31029113622), np.float64(54441.016931715756)]","[np.float64(54994.604417284274), np.float64(54991.76115356476), np.float64(55112.461125717164), np.float64(55075.42970725146), np.float64(55030.00176126152), np.float64(54893.704756636624), np.float64(54837.271261041446), np.float64(54986.58879321098), np.float64(54905.547626576015), np.float64(54929.084313185216), np.float64(54695.38368057501), np.float64(54824.55136429072), np.float64(54805.50540666759), np.float64(54796.50111165645), np.float64(54814.25422442437), np.float64(54743.361764644644), np.float64(54794.80065159798), np.float64(54655.92493186299), np.float64(54637.41409556706), np.float64(54646.434449431894), np.float64(54504.8885551399), np.float64(54532.059716238975), np.float64(54470.22791221798), np.float64(54504.06605349753), np.float64(54489.372556213035), np.float64(54234.61419827156), np.float64(54150.96237681924), np.float64(54438.32047142744), np.float64(54184.58647942612)]","[np.float64(55003.62676656246), np.float64(55180.33370175123), np.float64(55112.461125717164), np.float64(55075.437472863196), np.float64(55055.17208965778), np.float64(54893.704756636624), np.float64(54986.58879321098), np.float64(55104.44977808237), np.float64(54929.084313185216), np.float64(55041.787778120044), np.float64(54852.114541623596), np.float64(54824.55136429072), np.float64(54879.96939892292), np.float64(54814.25422442437), np.float64(54829.18424661875), np.float64(54794.80065159798), np.float64(54863.73692587614), np.float64(54655.93420194626), np.float64(54717.60204325915), np.float64(54646.434449431894), np.float64(54532.059716238975), np.float64(54595.962869188785), np.float64(54506.48356843471), np.float64(54557.601609354024), np.float64(54504.5995605278), np.float64(54236.17080143452), np.float64(54639.664126007556), np.float64(54438.32047142744), np.float64(54226.035534291266)]"
535,"[np.float64(54960.77247625113), np.float64(54979.544689826966), np.float64(54958.44714947224), np.float64(54965.15617503166), np.float64(54920.70620857716), np.float64(54896.88542042971), np.float64(54896.747886564735), np.float64(54846.97595191002), np.float64(54929.79902568579), np.float64(54882.054814100266), np.float64(54834.69731992722), np.float64(54823.05407379627), np.float64(54853.542421300415), np.float64(54822.09004897118), np.float64(54746.008838896756), np.float64(54754.79040193081), np.float64(54755.58044899225), np.float64(54720.592760937216), np.float64(54656.56726981163), np.float64(54605.82435637236), np.float64(54613.960746500496), np.float64(54497.59228737355), np.float64(54559.35645390272), np.float64(54520.8288141489), np.float64(54536.3142516613), np.float64(54490.570977523326), np.float64(54367.912404506205), np.float64(54339.759170835016), np.float64(54395.808084123135)]","[np.float64(54987.567346825956), np.float64(54979.544689826966), np.float64(54985.95568701895), np.float64(54965.16929210821), np.float64(54925.7178120264), np.float64(54918.76083793286), np.float64(54896.747886564735), np.float64(54932.96061340922), np.float64(54943.97055648046), np.float64(54882.0603196601), np.float64(54834.70641043312), np.float64(54887.41232582916), np.float64(54853.542421300415), np.float64(54822.09928181926), np.float64(54754.8063396979), np.float64(54768.598603195875), np.float64(54755.58044899225), np.float64(54732.278047800326), np.float64(54656.579175072155), np.float64(54618.436941181586), np.float64(54621.21676572986), np.float64(54572.98882310292), np.float64(54580.313451324466), np.float64(54549.326991903596), np.float64(54536.3142516613), np.float64(54502.41015828489), np.float64(54367.912404506205), np.float64(54426.79720756422), np.float64(54408.894965729676)]","[np.float64(54960.77247625113), np.float64(54919.91307343844), np.float64(54958.44714947224), np.float64(54913.58704404847), np.float64(54894.84179786007), np.float64(54895.89209113243), np.float64(54842.92275207792), np.float64(54846.97595191002), np.float64(54853.85003301374), np.float64(54834.69731992722), np.float64(54818.59417664755), np.float64(54816.2485488788), np.float64(54822.09004897118), np.float64(54737.63213365257), np.float64(54745.87814293583), np.float64(54738.50563764563), np.float64(54709.57854057081), np.float64(54656.557848306256), np.float64(54600.61034531331), np.float64(54587.531015725275), np.float64(54497.58160714361), np.float64(54487.79371680528), np.float64(54516.08036489348), np.float64(54500.94832979535), np.float64(54487.896533255036), np.float64(54363.34301637853), np.float64(54334.85386171408), np.float64(54334.84112939534), np.float64(54332.08819167709)]","[np.float64(54979.544689826966), np.float64(54958.44714947224), np.float64(54965.15617503166), np.float64(54920.70620857716), np.float64(54896.88542042971), np.float64(54896.747886564735), np.float64(54846.97595191002), np.float64(54929.79902568579), np.float64(54882.054814100266), np.float64(54834.69731992722), np.float64(54823.05407379627), np.float64(54853.542421300415), np.float64(54822.09004897118), np.float64(54746.008838896756), np.float64(54754.79040193081), np.float64(54755.58044899225), np.float64(54720.592760937216), np.float64(54656.56726981163), np.float64(54605.82435637236), np.float64(54613.960746500496), np.float64(54497.59228737355), np.float64(54559.35645390272), np.float64(54520.8288141489), np.float64(54536.3142516613), np.float64(54490.570977523326), np.float64(54367.912404506205), np.float64(54339.759170835016), np.float64(54395.808084123135), np.float64(54351.49397743225)]"
536,"[np.float64(55082.32369561196), np.float64(55063.90986850262), np.float64(55026.01928870201), np.float64(55052.68798080445), np.float64(55036.57050564289), np.float64(55047.72491417885), np.float64(54971.05313265801), np.float64(54973.58566167355), np.float64(54914.47765010595), np.float64(54943.73424534559), np.float64(54952.28542627812), np.float64(54985.29175099373), np.float64(54919.41573398829), np.float64(54902.1342432785), np.float64(54896.655810990334), np.float64(54907.18217396498), np.float64(54876.88673444748), np.float64(54833.856148386), np.float64(54819.715529367924), np.float64(54870.83138107777), np.float64(54821.23033353806), np.float64(54825.42653296709), np.float64(54801.190954015256), np.float64(54813.82823001862), np.float64(54790.14278652668), np.float64(54784.501837630276), np.float64(54709.92628855706), np.float64(54692.08307245493), np.float64(54690.76362303495)]","[np.float64(55082.32369561196), np.float64(55063.926005722504), np.float64(55052.68798080445), np.float64(55063.12056936061), np.float64(55047.72491417885), np.float64(55047.72491417885), np.float64(55008.23357283209), np.float64(54975.33348932068), np.float64(54954.897886933875), np.float64(54952.28542627812), np.float64(54991.171831822416), np.float64(54985.29175099373), np.float64(54932.40455412682), np.float64(54905.57370906597), np.float64(54943.69577290259), np.float64(54907.18217396498), np.float64(54876.90037169882), np.float64(54833.867747301025), np.float64(54870.83689026971), np.float64(54876.77374020131), np.float64(54836.60014682819), np.float64(54838.59325168167), np.float64(54814.469580386394), np.float64(54823.17334879916), np.float64(54790.14278652668), np.float64(54787.90611345914), np.float64(54719.95958119688), np.float64(54723.563830391075), np.float64(54690.76362303495)]","[np.float64(55062.71223692318), np.float64(55016.37401740908), np.float64(55026.01928870201), np.float64(55036.55635873687), np.float64(55036.57050564289), np.float64(54955.99495127128), np.float64(54971.04429477099), np.float64(54914.47765010595), np.float64(54891.81938441923), np.float64(54943.73424534559), np.float64(54952.28542627812), np.float64(54904.56852987784), np.float64(54864.59630398521), np.float64(54885.824053640164), np.float64(54896.64779335403), np.float64(54870.77084397984), np.float64(54826.17052257904), np.float64(54810.69650280267), np.float64(54802.79927387936), np.float64(54821.23033353806), np.float64(54806.85745442263), np.float64(54798.743061717774), np.float64(54796.30367846691), np.float64(54778.623733309716), np.float64(54777.70171417156), np.float64(54709.91417477477), np.float64(54678.77656025169), np.float64(54690.76362303495), np.float64(54623.508112436815)]","[np.float64(55063.90986850262), np.float64(55026.01928870201), np.float64(55052.68798080445), np.float64(55036.57050564289), np.float64(55047.72491417885), np.float64(54971.05313265801), np.float64(54973.58566167355), np.float64(54914.47765010595), np.float64(54943.73424534559), np.float64(54952.28542627812), np.float64(54985.29175099373), np.float64(54919.41573398829), np.float64(54902.1342432785), np.float64(54896.655810990334), np.float64(54907.18217396498), np.float64(54876.88673444748), np.float64(54833.856148386), np.float64(54819.715529367924), np.float64(54870.83138107777), np.float64(54821.23033353806), np.float64(54825.42653296709), np.float64(54801.190954015256), np.float64(54813.82823001862), np.float64(54790.14278652668), np.float64(54784.501837630276), np.float64(54709.92628855706), np.float64(54692.08307245493), np.float64(54690.76362303495), np.float64(54644.05207442999)]"
537,"[np.float64(55108.85768694401), np.float64(55110.89030354023), np.float64(55083.66130259276), np.float64(55052.46854475021), np.float64(55023.38026108503), np.float64(54987.3018316102), np.float64(55016.52133906603), np.float64(55053.02730827093), np.float64(54984.181306688784), np.float64(54940.32294189692), np.float64(54933.89040061474), np.float64(54958.02205650568), np.float64(54854.17806470633), np.float64(54872.40709678173), np.float64(54901.73735248089), np.float64(54829.992193686965), np.float64(54827.82461876631), np.float64(54901.000876662736), np.float64(54796.707453038696), np.float64(54801.42751741409), np.float64(54762.20473926783), np.float64(54789.1251904583), np.float64(54752.39450534106), np.float64(54705.58109410763), np.float64(54710.417444138526), np.float64(54696.583056890966), np.float64(54565.996197421555), np.float64(54604.85762722969), np.float64(54546.95226431847)]","[np.float64(55127.413450281005), np.float64(55110.89030354023), np.float64(55105.87360038764), np.float64(55071.21522713405), np.float64(55023.38026108503), np.float64(55016.52133906603), np.float64(55070.92008042842), np.float64(55064.93152057322), np.float64(54984.181306688784), np.float64(54950.52433366764), np.float64(54958.02773981483), np.float64(54958.02205650568), np.float64(54902.87668910365), np.float64(54928.671356562205), np.float64(54901.73735248089), np.float64(54833.83642498089), np.float64(54907.64357237121), np.float64(54904.63906314342), np.float64(54801.42751741409), np.float64(54822.45766332753), np.float64(54789.28345556271), np.float64(54820.70484493961), np.float64(54752.39450534106), np.float64(54752.768071361104), np.float64(54710.417444138526), np.float64(54721.888377727104), np.float64(54604.86903183395), np.float64(54622.61135170087), np.float64(54550.298416199774)]","[np.float64(55108.849198112104), np.float64(55038.285243749546), np.float64(55052.46854475021), np.float64(55023.371490779224), np.float64(54982.12621345312), np.float64(54976.63603813481), np.float64(55012.430462591765), np.float64(54984.16606521291), np.float64(54927.051844376394), np.float64(54933.89040061474), np.float64(54933.89040061474), np.float64(54851.193784993586), np.float64(54835.57032908466), np.float64(54859.67416158628), np.float64(54829.98122876043), np.float64(54819.653598531295), np.float64(54825.96840153234), np.float64(54740.67453546254), np.float64(54788.055705593244), np.float64(54762.20473926783), np.float64(54759.45068918089), np.float64(54741.77729183403), np.float64(54697.47295253116), np.float64(54683.586114881415), np.float64(54694.276913209804), np.float64(54561.55643955224), np.float64(54526.3255959498), np.float64(54545.60678472663), np.float64(54445.35163331111)]","[np.float64(55110.89030354023), np.float64(55083.66130259276), np.float64(55052.46854475021), np.float64(55023.38026108503), np.float64(54987.3018316102), np.float64(55016.52133906603), np.float64(55053.02730827093), np.float64(54984.181306688784), np.float64(54940.32294189692), np.float64(54933.89040061474), np.float64(54958.02205650568), np.float64(54854.17806470633), np.float64(54872.40709678173), np.float64(54901.73735248089), np.float64(54829.992193686965), np.float64(54827.82461876631), np.float64(54901.000876662736), np.float64(54796.707453038696), np.float64(54801.42751741409), np.float64(54762.20473926783), np.float64(54789.1251904583), np.float64(54752.39450534106), np.float64(54705.58109410763), np.float64(54710.417444138526), np.float64(54696.583056890966), np.float64(54565.996197421555), np.float64(54604.85762722969), np.float64(54546.95226431847), np.float64(54480.38947942734)]"
538,"[np.float64(55124.467007956504), np.float64(55088.87174988747), np.float64(55117.15221526146), np.float64(55035.99255434513), np.float64(54979.35062284708), np.float64(54949.56514035702), np.float64(54943.25905811549), np.float64(54935.089958622455), np.float64(54930.924021794795), np.float64(54843.95291119814), np.float64(54875.81891533852), np.float64(54845.44530816555), np.float64(54825.65047621727), np.float64(54824.917734932904), np.float64(54845.87529465914), np.float64(54846.11301705122), np.float64(54727.175327455996), np.float64(54706.578858513836), np.float64(54730.653594958785), np.float64(54710.1059325099), np.float64(54649.423621785645), np.float64(54655.04229225636), np.float64(54609.368042604925), np.float64(54561.51488565445), np.float64(54545.8782639122), np.float64(54532.34573001623), np.float64(54517.36793154478), np.float64(54470.9377607441), np.float64(54539.88111775875)]","[np.float64(55124.467007956504), np.float64(55121.88713641123), np.float64(55136.17049411524), np.float64(55035.99255434513), np.float64(54984.52833341656), np.float64(54949.56514035702), np.float64(54985.6947778479), np.float64(54935.089958622455), np.float64(54948.70995110816), np.float64(54875.81891533852), np.float64(54887.550640760084), np.float64(54845.44530816555), np.float64(54825.663202180906), np.float64(54845.88645182936), np.float64(54859.4366283645), np.float64(54872.80081489912), np.float64(54727.175327455996), np.float64(54819.87075367084), np.float64(54730.653594958785), np.float64(54710.1059325099), np.float64(54690.93256434422), np.float64(54669.05631605765), np.float64(54609.368042604925), np.float64(54567.338261388024), np.float64(54545.8782639122), np.float64(54537.90192060647), np.float64(54517.36793154478), np.float64(54608.123753446), np.float64(54545.632093513566)]","[np.float64(55088.85495638909), np.float64(55067.0005252453), np.float64(55035.99255434513), np.float64(54952.146393580086), np.float64(54940.27471318015), np.float64(54934.226966335664), np.float64(54935.08103787119), np.float64(54930.924021794795), np.float64(54826.053543819144), np.float64(54843.94397598669), np.float64(54845.43681872364), np.float64(54819.92724306568), np.float64(54824.917734932904), np.float64(54812.43308626745), np.float64(54837.292687676985), np.float64(54720.244173103034), np.float64(54706.575365844335), np.float64(54663.92645219388), np.float64(54710.1059325099), np.float64(54635.8615249786), np.float64(54645.86175372095), np.float64(54593.96737640517), np.float64(54561.509241594395), np.float64(54463.66504407041), np.float64(54532.33090791371), np.float64(54475.43410443741), np.float64(54470.9377607441), np.float64(54470.932281345566), np.float64(54525.10880826811)]","[np.float64(55088.87174988747), np.float64(55117.15221526146), np.float64(55035.99255434513), np.float64(54979.35062284708), np.float64(54949.56514035702), np.float64(54943.25905811549), np.float64(54935.089958622455), np.float64(54930.924021794795), np.float64(54843.95291119814), np.float64(54875.81891533852), np.float64(54845.44530816555), np.float64(54825.65047621727), np.float64(54824.917734932904), np.float64(54845.87529465914), np.float64(54846.11301705122), np.float64(54727.175327455996), np.float64(54706.578858513836), np.float64(54730.653594958785), np.float64(54710.1059325099), np.float64(54649.423621785645), np.float64(54655.04229225636), np.float64(54609.368042604925), np.float64(54561.51488565445), np.float64(54545.8782639122), np.float64(54532.34573001623), np.float64(54517.36793154478), np.float64(54470.9377607441), np.float64(54539.88111775875), np.float64(54545.620194749834)]"
539,"[np.float64(55149.76757292271), np.float64(55108.711911349295), np.float64(55073.15786192894), np.float64(55078.06375155449), np.float64(55081.43513412476), np.float64(55057.01566157818), np.float64(55004.619251110555), np.float64(55015.176778125766), np.float64(54973.74367108584), np.float64(54953.372175610064), np.float64(54956.80884813309), np.float64(54964.48460283518), np.float64(54950.51281049967), np.float64(54912.05496789455), np.float64(54881.18994758606), np.float64(54857.74737756729), np.float64(54838.166959369184), np.float64(54858.605161345), np.float64(54825.20555158854), np.float64(54784.96388960362), np.float64(54774.97298150778), np.float64(54775.55041769743), np.float64(54752.36810605049), np.float64(54741.2809191227), np.float64(54674.865455150604), np.float64(54681.63152893305), np.float64(54657.31778232574), np.float64(54605.562295122145), np.float64(54563.887988710405)]","[np.float64(55153.865365152014), np.float64(55108.711911349295), np.float64(55144.49375840239), np.float64(55081.43513412476), np.float64(55086.38714474273), np.float64(55057.01566157818), np.float64(55036.71672487599), np.float64(55024.55946850585), np.float64(54976.55516731772), np.float64(54971.20270964527), np.float64(54969.220195679605), np.float64(54978.67254047696), np.float64(54960.630170590324), np.float64(54922.17301279604), np.float64(54900.99883009629), np.float64(54857.74737756729), np.float64(54890.09815160072), np.float64(54869.7526810607), np.float64(54828.586435968115), np.float64(54799.8252714376), np.float64(54775.56681376425), np.float64(54818.978451491435), np.float64(54752.36810605049), np.float64(54759.03498679362), np.float64(54681.63152893305), np.float64(54700.479983444886), np.float64(54657.328462583595), np.float64(54608.31719269335), np.float64(54586.0847925623)]","[np.float64(55108.13289201478), np.float64(55067.43798181204), np.float64(55073.15786192894), np.float64(55062.58202824729), np.float64(55045.06163469337), np.float64(54985.60442791866), np.float64(55004.274521243686), np.float64(54973.73437564726), np.float64(54949.801519812856), np.float64(54936.6377868142), np.float64(54955.83170484987), np.float64(54950.49959462242), np.float64(54910.613817267295), np.float64(54856.61217542884), np.float64(54849.64851547348), np.float64(54831.497464513566), np.float64(54834.06090774984), np.float64(54810.88735155215), np.float64(54779.938265507655), np.float64(54734.77926872459), np.float64(54769.21767303766), np.float64(54730.35837780202), np.float64(54730.92800168036), np.float64(54661.886906099724), np.float64(54656.23815977436), np.float64(54653.76204468966), np.float64(54565.381354312936), np.float64(54562.69563166873), np.float64(54524.670032901)]","[np.float64(55108.711911349295), np.float64(55073.15786192894), np.float64(55078.06375155449), np.float64(55081.43513412476), np.float64(55057.01566157818), np.float64(55004.619251110555), np.float64(55015.176778125766), np.float64(54973.74367108584), np.float64(54953.372175610064), np.float64(54956.80884813309), np.float64(54964.48460283518), np.float64(54950.51281049967), np.float64(54912.05496789455), np.float64(54881.18994758606), np.float64(54857.74737756729), np.float64(54838.166959369184), np.float64(54858.605161345), np.float64(54825.20555158854), np.float64(54784.96388960362), np.float64(54774.97298150778), np.float64(54775.55041769743), np.float64(54752.36810605049), np.float64(54741.2809191227), np.float64(54674.865455150604), np.float64(54681.63152893305), np.float64(54657.31778232574), np.float64(54605.562295122145), np.float64(54563.887988710405), np.float64(54549.60004877329)]"
540,"[np.float64(55121.643442859655), np.float64(55078.81323385239), np.float64(55079.96952277899), np.float64(55044.12688404084), np.float64(55020.03527780533), np.float64(55019.29056025744), np.float64(54959.86176511526), np.float64(54960.06845224381), np.float64(54966.166945917605), np.float64(54942.62714924336), np.float64(54887.52114134789), np.float64(54881.51047360659), np.float64(54858.08425827027), np.float64(54899.67228407383), np.float64(54916.16372772217), np.float64(54834.95500275851), np.float64(54859.47054296732), np.float64(54864.402445552354), np.float64(54800.57591493368), np.float64(54782.06460361481), np.float64(54755.87264406681), np.float64(54733.12443977833), np.float64(54699.78496889353), np.float64(54713.41923664093), np.float64(54760.67448185444), np.float64(54750.17954047442), np.float64(54720.425737133024), np.float64(54741.9236452651), np.float64(54695.766739315986)]","[np.float64(55121.65195759672), np.float64(55110.60305885311), np.float64(55079.96952277899), np.float64(55063.8862820149), np.float64(55020.03527780533), np.float64(55019.296288610814), np.float64(54979.50263537819), np.float64(54966.166945917605), np.float64(54986.92198894707), np.float64(54942.62714924336), np.float64(54905.40712580445), np.float64(54881.51047360659), np.float64(54899.67228407383), np.float64(54924.62165010473), np.float64(54937.838686578), np.float64(54859.4834564279), np.float64(54864.40995694054), np.float64(54864.402445552354), np.float64(54813.24801353208), np.float64(54782.07026857909), np.float64(54778.296541907745), np.float64(54742.550073455466), np.float64(54737.01226269105), np.float64(54760.67448185444), np.float64(54768.36650686384), np.float64(54750.17954047442), np.float64(54756.52998481764), np.float64(54741.931602246856), np.float64(54702.78663178351)]","[np.float64(55053.45046400181), np.float64(55078.81323385239), np.float64(55029.57725993095), np.float64(55020.03527780533), np.float64(55019.15699694387), np.float64(54959.8530071842), np.float64(54954.55668666057), np.float64(54960.06845224381), np.float64(54937.9451773373), np.float64(54887.52114134789), np.float64(54856.75106218213), np.float64(54855.088975940875), np.float64(54845.35452339742), np.float64(54874.6253318715), np.float64(54834.95500275851), np.float64(54796.723283837106), np.float64(54859.47054296732), np.float64(54750.920235621015), np.float64(54782.06460361481), np.float64(54735.29096457074), np.float64(54731.66931282506), np.float64(54694.6129284064), np.float64(54699.770106797834), np.float64(54674.25267883748), np.float64(54746.063106398855), np.float64(54713.2785348589), np.float64(54711.80662939518), np.float64(54687.65120510876), np.float64(54653.18483348682)]","[np.float64(55078.81323385239), np.float64(55079.96952277899), np.float64(55044.12688404084), np.float64(55020.03527780533), np.float64(55019.29056025744), np.float64(54959.86176511526), np.float64(54960.06845224381), np.float64(54966.166945917605), np.float64(54942.62714924336), np.float64(54887.52114134789), np.float64(54881.51047360659), np.float64(54858.08425827027), np.float64(54899.67228407383), np.float64(54916.16372772217), np.float64(54834.95500275851), np.float64(54859.47054296732), np.float64(54864.402445552354), np.float64(54800.57591493368), np.float64(54782.06460361481), np.float64(54755.87264406681), np.float64(54733.12443977833), np.float64(54699.78496889353), np.float64(54713.41923664093), np.float64(54760.67448185444), np.float64(54750.17954047442), np.float64(54720.425737133024), np.float64(54741.9236452651), np.float64(54695.766739315986), np.float64(54670.324133288865)]"
541,"[np.float64(55050.304318032264), np.float64(55015.0701507473), np.float64(55006.24918194294), np.float64(54987.50723096848), np.float64(55027.23095175028), np.float64(54936.26273100853), np.float64(54925.07290879011), np.float64(54957.07193959952), np.float64(54949.06793225527), np.float64(54893.97789271116), np.float64(54967.78657458782), np.float64(54943.11560050726), np.float64(54883.4609304595), np.float64(54902.88578600884), np.float64(54831.664492161275), np.float64(54811.133184394836), np.float64(54789.84260727644), np.float64(54756.688446533684), np.float64(54710.88464719296), np.float64(54746.809316897394), np.float64(54676.84565949679), np.float64(54618.687636058334), np.float64(54607.439349069595), np.float64(54602.04977293015), np.float64(54564.807714238166), np.float64(54597.47097695351), np.float64(54534.20127820015), np.float64(54437.10352852106), np.float64(54426.499641776085)]","[np.float64(55050.304318032264), np.float64(55037.264865767866), np.float64(55014.57912345182), np.float64(55027.23095175028), np.float64(55090.48703092888), np.float64(54936.26273100853), np.float64(54988.19367366619), np.float64(54966.48135007623), np.float64(54949.06793225527), np.float64(54978.361061826596), np.float64(54969.84189782301), np.float64(54951.43155087065), np.float64(54902.88578600884), np.float64(54916.19366130588), np.float64(54845.267560970526), np.float64(54811.22811415241), np.float64(54789.84260727644), np.float64(54759.455270512626), np.float64(54758.5915170859), np.float64(54750.20971474959), np.float64(54676.84565949679), np.float64(54653.190019377966), np.float64(54607.439349069595), np.float64(54604.77288812188), np.float64(54601.56582874122), np.float64(54607.82155203433), np.float64(54542.24165243749), np.float64(54441.4715874519), np.float64(54459.08670911824)]","[np.float64(55009.79055362159), np.float64(55006.24918194294), np.float64(54972.57789949052), np.float64(54982.6210356143), np.float64(54933.683032000496), np.float64(54910.834848913655), np.float64(54924.77624736863), np.float64(54949.059234722605), np.float64(54886.7093790149), np.float64(54893.815007797995), np.float64(54943.11560050726), np.float64(54877.19553170481), np.float64(54883.4609304595), np.float64(54820.62531883664), np.float64(54811.133184394836), np.float64(54733.80334385855), np.float64(54749.395315804475), np.float64(54698.40909003475), np.float64(54710.20129204234), np.float64(54656.61410071741), np.float64(54608.52921273611), np.float64(54598.31097452623), np.float64(54602.038669872476), np.float64(54548.21350067889), np.float64(54559.392823707465), np.float64(54522.20515007997), np.float64(54436.54825183137), np.float64(54407.7265338904), np.float64(54422.48898578044)]","[np.float64(55015.0701507473), np.float64(55006.24918194294), np.float64(54987.50723096848), np.float64(55027.23095175028), np.float64(54936.26273100853), np.float64(54925.07290879011), np.float64(54957.07193959952), np.float64(54949.06793225527), np.float64(54893.97789271116), np.float64(54967.78657458782), np.float64(54943.11560050726), np.float64(54883.4609304595), np.float64(54902.88578600884), np.float64(54831.664492161275), np.float64(54811.133184394836), np.float64(54789.84260727644), np.float64(54756.688446533684), np.float64(54710.88464719296), np.float64(54746.809316897394), np.float64(54676.84565949679), np.float64(54618.687636058334), np.float64(54607.439349069595), np.float64(54602.04977293015), np.float64(54564.807714238166), np.float64(54597.47097695351), np.float64(54534.20127820015), np.float64(54437.10352852106), np.float64(54426.499641776085), np.float64(54438.164651224615)]"
542,"[np.float64(55078.62418917656), np.float64(55085.44190254688), np.float64(55085.5440227294), np.float64(55057.479773983956), np.float64(55060.59772336483), np.float64(55036.447394804956), np.float64(54988.87935019255), np.float64(54985.59617988586), np.float64(54925.86900837183), np.float64(54964.370763943196), np.float64(54903.385183320046), np.float64(54942.30057070255), np.float64(54913.67871742964), np.float64(54899.26045514107), np.float64(54875.95322977781), np.float64(54823.37073650599), np.float64(54820.745745584965), np.float64(54844.566018624304), np.float64(54774.04449914217), np.float64(54778.12892011166), np.float64(54780.304865539074), np.float64(54692.814397192), np.float64(54711.49801217318), np.float64(54673.61142446041), np.float64(54696.503086357116), np.float64(54630.66724778414), np.float64(54548.41272458315), np.float64(54526.8456631875), np.float64(54493.28199149847)]","[np.float64(55085.45542014317), np.float64(55085.5440227294), np.float64(55085.5440227294), np.float64(55126.95572383201), np.float64(55060.59772336483), np.float64(55036.447394804956), np.float64(55040.695046317865), np.float64(54985.59617988586), np.float64(54978.67243491141), np.float64(54964.38217375307), np.float64(54942.30057070255), np.float64(54950.62747795712), np.float64(54927.95911198827), np.float64(54899.272430699195), np.float64(54917.43277713), np.float64(54823.37073650599), np.float64(54897.27516423333), np.float64(54844.566018624304), np.float64(54783.978048588426), np.float64(54784.57013439387), np.float64(54780.304865539074), np.float64(54740.69714109065), np.float64(54711.49801217318), np.float64(54740.67294404249), np.float64(54696.503086357116), np.float64(54630.67305687248), np.float64(54548.41272458315), np.float64(54563.976269651335), np.float64(54493.29398894571)]","[np.float64(55054.043800966276), np.float64(55070.601594605054), np.float64(55057.474244214965), np.float64(55053.34871060757), np.float64(55036.439856385565), np.float64(54958.99956513027), np.float64(54977.43572789918), np.float64(54920.865056625524), np.float64(54917.11278137959), np.float64(54903.385183320046), np.float64(54903.370239862255), np.float64(54897.84014360894), np.float64(54895.443436677546), np.float64(54859.42701336769), np.float64(54820.58217863638), np.float64(54818.36568495264), np.float64(54816.04643072317), np.float64(54771.8624315532), np.float64(54754.19505077302), np.float64(54764.91227160927), np.float64(54686.34411970301), np.float64(54692.80568093137), np.float64(54659.09421076492), np.float64(54665.860473859335), np.float64(54618.31026942619), np.float64(54543.93424423163), np.float64(54460.62091909492), np.float64(54493.28199149847), np.float64(54456.13849148804)]","[np.float64(55085.44190254688), np.float64(55085.5440227294), np.float64(55057.479773983956), np.float64(55060.59772336483), np.float64(55036.447394804956), np.float64(54988.87935019255), np.float64(54985.59617988586), np.float64(54925.86900837183), np.float64(54964.370763943196), np.float64(54903.385183320046), np.float64(54942.30057070255), np.float64(54913.67871742964), np.float64(54899.26045514107), np.float64(54875.95322977781), np.float64(54823.37073650599), np.float64(54820.745745584965), np.float64(54844.566018624304), np.float64(54774.04449914217), np.float64(54778.12892011166), np.float64(54780.304865539074), np.float64(54692.814397192), np.float64(54711.49801217318), np.float64(54673.61142446041), np.float64(54696.503086357116), np.float64(54630.66724778414), np.float64(54548.41272458315), np.float64(54526.8456631875), np.float64(54493.28199149847), np.float64(54470.1099820137)]"
543,"[np.float64(55076.88814607382), np.float64(55099.84715835572), np.float64(55047.88627179385), np.float64(55061.59265467644), np.float64(55025.22190135002), np.float64(54998.423273227214), np.float64(54983.87752168179), np.float64(54947.80604616642), np.float64(54971.61897891522), np.float64(55018.49922542572), np.float64(54930.1517459631), np.float64(54882.58061070204), np.float64(54943.78215039969), np.float64(54899.240623478894), np.float64(54877.854365029336), np.float64(54814.625617370606), np.float64(54818.72922611714), np.float64(54804.41050847054), np.float64(54817.98708410979), np.float64(54760.82115888834), np.float64(54758.482310521606), np.float64(54710.43688946962), np.float64(54705.19025583029), np.float64(54766.801950359346), np.float64(54705.35212855339), np.float64(54727.48915707111), np.float64(54698.81862608194), np.float64(54703.79611573458), np.float64(54542.84080017328)]","[np.float64(55099.85269560133), np.float64(55130.57075687967), np.float64(55068.05397381795), np.float64(55061.59265467644), np.float64(55032.059835744156), np.float64(55026.47309725572), np.float64(54992.579177918065), np.float64(54971.63539765452), np.float64(55018.51104230813), np.float64(55035.30519707395), np.float64(54933.21233670236), np.float64(54949.705426888315), np.float64(54943.78215039969), np.float64(54903.961274464426), np.float64(54988.200068391656), np.float64(54818.72922611714), np.float64(54821.29316036627), np.float64(54817.98708410979), np.float64(54859.28499548258), np.float64(54760.83614073419), np.float64(54837.15042517327), np.float64(54710.43688946962), np.float64(54805.84439483958), np.float64(54766.801950359346), np.float64(54757.35615666434), np.float64(54727.48915707111), np.float64(54762.87667146808), np.float64(54703.79611573458), np.float64(54579.41322948605)]","[np.float64(55076.88814607382), np.float64(55047.88627179385), np.float64(55047.88627179385), np.float64(55025.22190135002), np.float64(54988.11899511251), np.float64(54983.87752168179), np.float64(54947.80604616642), np.float64(54947.80604616642), np.float64(54967.126395553845), np.float64(54903.73374928535), np.float64(54882.58061070204), np.float64(54860.83975013269), np.float64(54876.991444959596), np.float64(54873.55677133938), np.float64(54806.25371957153), np.float64(54801.405752884035), np.float64(54804.40200030326), np.float64(54757.365812790296), np.float64(54759.14022045843), np.float64(54741.13193714577), np.float64(54710.42505806781), np.float64(54670.968892818164), np.float64(54705.17535282104), np.float64(54705.340212406394), np.float64(54696.05524529596), np.float64(54698.81317645774), np.float64(54687.51229236261), np.float64(54542.82650139607), np.float64(54490.685487628216)]","[np.float64(55099.84715835572), np.float64(55047.88627179385), np.float64(55061.59265467644), np.float64(55025.22190135002), np.float64(54998.423273227214), np.float64(54983.87752168179), np.float64(54947.80604616642), np.float64(54971.61897891522), np.float64(55018.49922542572), np.float64(54930.1517459631), np.float64(54882.58061070204), np.float64(54943.78215039969), np.float64(54899.240623478894), np.float64(54877.854365029336), np.float64(54814.625617370606), np.float64(54818.72922611714), np.float64(54804.41050847054), np.float64(54817.98708410979), np.float64(54760.82115888834), np.float64(54758.482310521606), np.float64(54710.43688946962), np.float64(54705.19025583029), np.float64(54766.801950359346), np.float64(54705.35212855339), np.float64(54727.48915707111), np.float64(54698.81862608194), np.float64(54703.79611573458), np.float64(54542.84080017328), np.float64(54514.00118494749)]"
544,"[np.float64(55035.970919804575), np.float64(55014.90480104447), np.float64(55083.96457249165), np.float64(55066.313620491026), np.float64(54969.77643721104), np.float64(54942.699521932605), np.float64(54953.15364099503), np.float64(54952.31349967003), np.float64(54914.469279599194), np.float64(54871.29742513895), np.float64(54759.672854137425), np.float64(54832.442176628116), np.float64(54780.58225125552), np.float64(54789.096859512334), np.float64(54748.95680260182), np.float64(54700.715382914546), np.float64(54669.27846382857), np.float64(54767.96995799542), np.float64(54806.77781656027), np.float64(54673.378853149414), np.float64(54610.50952217341), np.float64(54712.88429687023), np.float64(54629.01027377605), np.float64(54619.62500403881), np.float64(54669.961368403434), np.float64(54597.91564402819), np.float64(54536.75415398598), np.float64(54506.46347921848), np.float64(54485.80184910059)]","[np.float64(55035.97658155089), np.float64(55083.96457249165), np.float64(55121.48727926378), np.float64(55066.313620491026), np.float64(54989.03176082301), np.float64(54953.15364099503), np.float64(54982.34464545434), np.float64(54952.31349967003), np.float64(54933.577247211724), np.float64(54871.29742513895), np.float64(54838.704149703284), np.float64(54832.442176628116), np.float64(54820.90113928631), np.float64(54789.096859512334), np.float64(54798.45867877042), np.float64(54700.715382914546), np.float64(54767.96995799542), np.float64(54806.77781656027), np.float64(54806.77781656027), np.float64(54673.378853149414), np.float64(54712.88429687023), np.float64(54712.88429687023), np.float64(54629.01027377605), np.float64(54683.90372531462), np.float64(54669.961368403434), np.float64(54597.91564402819), np.float64(54536.75415398598), np.float64(54506.46347921848), np.float64(54497.76935578585)]","[np.float64(55014.90480104447), np.float64(54967.40461995382), np.float64(55066.313620491026), np.float64(54969.77643721104), np.float64(54940.01248990646), np.float64(54942.699521932605), np.float64(54942.94922744525), np.float64(54914.469279599194), np.float64(54859.075493668075), np.float64(54759.672854137425), np.float64(54759.672854137425), np.float64(54753.20978617403), np.float64(54780.58225125552), np.float64(54748.95680260182), np.float64(54700.715382914546), np.float64(54669.26722895347), np.float64(54669.27846382857), np.float64(54749.68421008977), np.float64(54673.378853149414), np.float64(54535.48900325865), np.float64(54610.50952217341), np.float64(54574.037289747), np.float64(54619.62500403881), np.float64(54595.39058110719), np.float64(54597.91564402819), np.float64(54509.29900853886), np.float64(54506.46347921848), np.float64(54482.20888828301), np.float64(54468.08059155783)]","[np.float64(55014.90480104447), np.float64(55083.96457249165), np.float64(55066.313620491026), np.float64(54969.77643721104), np.float64(54942.699521932605), np.float64(54953.15364099503), np.float64(54952.31349967003), np.float64(54914.469279599194), np.float64(54871.29742513895), np.float64(54759.672854137425), np.float64(54832.442176628116), np.float64(54780.58225125552), np.float64(54789.096859512334), np.float64(54748.95680260182), np.float64(54700.715382914546), np.float64(54669.27846382857), np.float64(54767.96995799542), np.float64(54806.77781656027), np.float64(54673.378853149414), np.float64(54610.50952217341), np.float64(54712.88429687023), np.float64(54629.01027377605), np.float64(54619.62500403881), np.float64(54669.961368403434), np.float64(54597.91564402819), np.float64(54536.75415398598), np.float64(54506.46347921848), np.float64(54485.80184910059), np.float64(54497.76935578585)]"
545,"[np.float64(55117.174364910126), np.float64(55116.590232315066), np.float64(55116.06958679438), np.float64(55031.02536685467), np.float64(54995.08498635292), np.float64(54978.6069355154), np.float64(55015.07105218649), np.float64(54988.0997340703), np.float64(54975.139485282896), np.float64(55035.89725934506), np.float64(54954.63715234757), np.float64(55062.64592198133), np.float64(54921.10734901667), np.float64(54908.38688305378), np.float64(54911.15043805599), np.float64(54795.46964825392), np.float64(54815.41102845907), np.float64(54820.61967287541), np.float64(54719.3467144227), np.float64(54782.211151871685), np.float64(54618.07543007135), np.float64(54764.83861580372), np.float64(54746.96294789076), np.float64(54753.66617848397), np.float64(54810.72779431343), np.float64(54724.40816669702), np.float64(54666.6404664278), np.float64(54725.59574844122), np.float64(54669.36126745701)]","[np.float64(55117.174364910126), np.float64(55134.3010564833), np.float64(55116.06958679438), np.float64(55041.375558457665), np.float64(55019.353413734076), np.float64(55018.670589291345), np.float64(55015.08393828262), np.float64(54994.95448239796), np.float64(55041.926753410364), np.float64(55039.4103520026), np.float64(55062.65774817021), np.float64(55094.1536048341), np.float64(54921.10734901667), np.float64(54947.566712088024), np.float64(54911.15043805599), np.float64(54876.609494098564), np.float64(54820.61967287541), np.float64(54848.33867686434), np.float64(54803.54054371454), np.float64(54782.227321298684), np.float64(54793.53581292634), np.float64(54769.881554394924), np.float64(54768.16474007393), np.float64(54826.45988718527), np.float64(54870.97209608489), np.float64(54724.40816669702), np.float64(54844.63392575802), np.float64(54725.59574844122), np.float64(54694.58690462607)]","[np.float64(55103.46512034125), np.float64(55116.06958679438), np.float64(55024.978800336954), np.float64(54986.03856908931), np.float64(54978.59372342028), np.float64(54974.23664641331), np.float64(54979.408313084554), np.float64(54975.139485282896), np.float64(54966.501801724386), np.float64(54938.42789084898), np.float64(54954.63715234757), np.float64(54877.17741416216), np.float64(54908.38688305378), np.float64(54860.690629371675), np.float64(54791.19672283043), np.float64(54778.89640789122), np.float64(54815.41102845907), np.float64(54634.529336290245), np.float64(54719.33817786634), np.float64(54570.69053491408), np.float64(54611.45450406665), np.float64(54746.96294789076), np.float64(54735.21041002587), np.float64(54726.324447120125), np.float64(54724.40267078373), np.float64(54636.66950009705), np.float64(54666.6404664278), np.float64(54652.54188821024), np.float64(54616.59234187109)]","[np.float64(55116.590232315066), np.float64(55116.06958679438), np.float64(55031.02536685467), np.float64(54995.08498635292), np.float64(54978.6069355154), np.float64(55015.07105218649), np.float64(54988.0997340703), np.float64(54975.139485282896), np.float64(55035.89725934506), np.float64(54954.63715234757), np.float64(55062.64592198133), np.float64(54921.10734901667), np.float64(54908.38688305378), np.float64(54911.15043805599), np.float64(54795.46964825392), np.float64(54815.41102845907), np.float64(54820.61967287541), np.float64(54719.3467144227), np.float64(54782.211151871685), np.float64(54618.07543007135), np.float64(54764.83861580372), np.float64(54746.96294789076), np.float64(54753.66617848397), np.float64(54810.72779431343), np.float64(54724.40816669702), np.float64(54666.6404664278), np.float64(54725.59574844122), np.float64(54669.36126745701), np.float64(54646.76089919567)]"
546,"[np.float64(55069.983508210185), np.float64(55086.18108268261), np.float64(55072.53638399601), np.float64(55026.491127729416), np.float64(54990.67411561966), np.float64(54943.95290873766), np.float64(54924.799000053405), np.float64(54956.36006019354), np.float64(54913.56204544306), np.float64(54942.92835870981), np.float64(54943.70321008206), np.float64(54970.066958184245), np.float64(54925.36188443899), np.float64(54891.94798043251), np.float64(54815.12385568857), np.float64(54860.5199469614), np.float64(54829.98047497749), np.float64(54814.108448829655), np.float64(54774.554584946636), np.float64(54778.89552975416), np.float64(54699.752130751614), np.float64(54643.18115539551), np.float64(54659.01107145548), np.float64(54669.92659860611), np.float64(54639.974349865915), np.float64(54635.18448834181), np.float64(54612.74625035763), np.float64(54587.30184145212), np.float64(54600.78621273994)]","[np.float64(55095.452144430266), np.float64(55086.18108268261), np.float64(55100.889822489145), np.float64(55026.491127729416), np.float64(55034.47351475146), np.float64(54948.21272026536), np.float64(54956.365741541296), np.float64(54994.60805038686), np.float64(54943.783692421646), np.float64(54970.211065764306), np.float64(54970.066958184245), np.float64(55006.9049256998), np.float64(54925.36188443899), np.float64(54891.95973604755), np.float64(54889.91414943543), np.float64(54860.5199469614), np.float64(54830.427074628096), np.float64(54814.108448829655), np.float64(54815.939507826624), np.float64(54788.54688851701), np.float64(54699.752130751614), np.float64(54663.93665379754), np.float64(54674.106670219466), np.float64(54675.182535963766), np.float64(54651.89740350978), np.float64(54667.62661896058), np.float64(54616.3536030056), np.float64(54600.797145295204), np.float64(54613.975704923614)]","[np.float64(55069.983508210185), np.float64(55063.25037020191), np.float64(55026.491127729416), np.float64(54990.67411561966), np.float64(54934.18932604987), np.float64(54919.61798029865), np.float64(54924.799000053405), np.float64(54913.537820093385), np.float64(54897.99648417629), np.float64(54942.92835870981), np.float64(54943.6938938342), np.float64(54913.461645777956), np.float64(54891.94798043251), np.float64(54815.110201494186), np.float64(54815.11454910682), np.float64(54826.32476382855), np.float64(54779.74561424284), np.float64(54774.554584946636), np.float64(54752.62557553589), np.float64(54686.819768040856), np.float64(54643.16830802154), np.float64(54626.55415716446), np.float64(54658.35555954516), np.float64(54619.13879282674), np.float64(54622.95460584066), np.float64(54612.74625035763), np.float64(54558.01676381607), np.float64(54577.17758097429), np.float64(54571.893637601825)]","[np.float64(55086.18108268261), np.float64(55072.53638399601), np.float64(55026.491127729416), np.float64(54990.67411561966), np.float64(54943.95290873766), np.float64(54924.799000053405), np.float64(54956.36006019354), np.float64(54913.56204544306), np.float64(54942.92835870981), np.float64(54943.70321008206), np.float64(54970.066958184245), np.float64(54925.36188443899), np.float64(54891.94798043251), np.float64(54815.12385568857), np.float64(54860.5199469614), np.float64(54829.98047497749), np.float64(54814.108448829655), np.float64(54774.554584946636), np.float64(54778.89552975416), np.float64(54699.752130751614), np.float64(54643.18115539551), np.float64(54659.01107145548), np.float64(54669.92659860611), np.float64(54639.974349865915), np.float64(54635.18448834181), np.float64(54612.74625035763), np.float64(54587.30184145212), np.float64(54600.78621273994), np.float64(54584.270172679426)]"
547,"[np.float64(55073.26886772633), np.float64(55014.107928800586), np.float64(55057.768749632836), np.float64(55064.01932897568), np.float64(55060.41782185793), np.float64(54965.205367856026), np.float64(54993.76309016943), np.float64(54967.860492601394), np.float64(54992.02575929642), np.float64(54993.90088158846), np.float64(54985.21628765583), np.float64(54910.49869752169), np.float64(54915.25765255928), np.float64(54889.06595056534), np.float64(54871.96655057192), np.float64(54812.89343757868), np.float64(54707.64654884577), np.float64(54822.24689939022), np.float64(54782.70372400046), np.float64(54724.41550698757), np.float64(54713.203277566434), np.float64(54675.930569942), np.float64(54661.7779746604), np.float64(54655.30370962143), np.float64(54599.15151715756), np.float64(54584.87078873396), np.float64(54487.16907479763), np.float64(54512.485608115196), np.float64(54459.752703275684)]","[np.float64(55073.26886772633), np.float64(55063.13556195871), np.float64(55064.01932897568), np.float64(55064.028272498006), np.float64(55060.41782185793), np.float64(54999.62391380611), np.float64(54993.76309016943), np.float64(55012.58102913774), np.float64(54994.09567141757), np.float64(54996.76288987146), np.float64(54985.2978666781), np.float64(54978.76851092608), np.float64(54915.27256396362), np.float64(54899.46099413485), np.float64(54871.96655057192), np.float64(54818.3541436886), np.float64(54906.74016103849), np.float64(54825.94521043552), np.float64(54810.69629861659), np.float64(54724.41550698757), np.float64(54728.11022835924), np.float64(54686.72728679085), np.float64(54661.7779746604), np.float64(54667.187647013154), np.float64(54599.15934159169), np.float64(54597.995280067844), np.float64(54512.50163446258), np.float64(54543.52457488269), np.float64(54465.198978503075)]","[np.float64(55014.10228731252), np.float64(55010.12595609654), np.float64(55044.57188772848), np.float64(55060.41782185793), np.float64(54965.19337532571), np.float64(54955.57959083984), np.float64(54954.48774918064), np.float64(54960.725803207424), np.float64(54983.404577054345), np.float64(54967.308071743224), np.float64(54908.60656976279), np.float64(54910.49869752169), np.float64(54812.16709582904), np.float64(54871.96655057192), np.float64(54774.489777750045), np.float64(54704.32044588994), np.float64(54665.50955785629), np.float64(54782.70372400046), np.float64(54691.73248376134), np.float64(54702.26926477008), np.float64(54658.327385509845), np.float64(54661.7779746604), np.float64(54637.34537430608), np.float64(54580.6592956955), np.float64(54570.13372463016), np.float64(54482.094319302974), np.float64(54466.94283778641), np.float64(54452.877935744305), np.float64(54407.39998777019)]","[np.float64(55014.107928800586), np.float64(55057.768749632836), np.float64(55064.01932897568), np.float64(55060.41782185793), np.float64(54965.205367856026), np.float64(54993.76309016943), np.float64(54967.860492601394), np.float64(54992.02575929642), np.float64(54993.90088158846), np.float64(54985.21628765583), np.float64(54910.49869752169), np.float64(54915.25765255928), np.float64(54889.06595056534), np.float64(54871.96655057192), np.float64(54812.89343757868), np.float64(54707.64654884577), np.float64(54822.24689939022), np.float64(54782.70372400046), np.float64(54724.41550698757), np.float64(54713.203277566434), np.float64(54675.930569942), np.float64(54661.7779746604), np.float64(54655.30370962143), np.float64(54599.15151715756), np.float64(54584.87078873396), np.float64(54487.16907479763), np.float64(54512.485608115196), np.float64(54459.752703275684), np.float64(54414.33317458391)]"
548,"[np.float64(55054.71415854931), np.float64(55050.08745751858), np.float64(54991.03482007265), np.float64(55002.46468266964), np.float64(55058.42473980904), np.float64(54974.61999875546), np.float64(55006.025753800874), np.float64(54965.58191188335), np.float64(54990.69304584265), np.float64(54889.70687382937), np.float64(54879.93823488236), np.float64(54890.76207278967), np.float64(54879.490992267136), np.float64(54872.09416860581), np.float64(54792.18364485264), np.float64(54748.63164060831), np.float64(54733.81301054239), np.float64(54739.870810675624), np.float64(54707.81704962969), np.float64(54708.58340171814), np.float64(54561.52055184364), np.float64(54596.53695717573), np.float64(54626.98860322714), np.float64(54575.06918286801), np.float64(54544.40556982994), np.float64(54550.53484121323), np.float64(54419.3517441082), np.float64(54380.455544502736), np.float64(54294.12458450794)]","[np.float64(55054.71415854931), np.float64(55080.94245641281), np.float64(55002.472207148196), np.float64(55058.42473980904), np.float64(55065.34567356762), np.float64(55015.19600747567), np.float64(55006.034644055966), np.float64(54991.43592955543), np.float64(55010.4894714149), np.float64(54889.70687382937), np.float64(54908.3703227139), np.float64(54890.76207278967), np.float64(54904.02400556688), np.float64(54872.09416860581), np.float64(54792.18364485264), np.float64(54764.40718028382), np.float64(54739.88272892874), np.float64(54748.52861355307), np.float64(54708.592035576585), np.float64(54714.45071900808), np.float64(54634.37702733881), np.float64(54651.62797170105), np.float64(54627.00344161904), np.float64(54607.28743578264), np.float64(54550.54593501854), np.float64(54570.84181097752), np.float64(54419.3517441082), np.float64(54426.626286188264), np.float64(54324.6913866693)]","[np.float64(55050.08745751858), np.float64(54902.42268702475), np.float64(54991.03482007265), np.float64(54976.63752138358), np.float64(54974.610699688186), np.float64(54955.841917586906), np.float64(54965.58191188335), np.float64(54965.57262876514), np.float64(54859.64626249077), np.float64(54875.05875837312), np.float64(54879.926034123804), np.float64(54856.36797673674), np.float64(54872.09416860581), np.float64(54772.981178192385), np.float64(54739.55310650598), np.float64(54713.99539243619), np.float64(54719.80476383266), np.float64(54704.38293314285), np.float64(54692.99468735035), np.float64(54550.266362942566), np.float64(54561.52055184364), np.float64(54581.82567907383), np.float64(54563.516989763535), np.float64(54530.665629838506), np.float64(54531.79004201318), np.float64(54419.3517441082), np.float64(54314.90664431025), np.float64(54282.59862676863), np.float64(54281.504390143644)]","[np.float64(55050.08745751858), np.float64(54991.03482007265), np.float64(55002.46468266964), np.float64(55058.42473980904), np.float64(54974.61999875546), np.float64(55006.025753800874), np.float64(54965.58191188335), np.float64(54990.69304584265), np.float64(54889.70687382937), np.float64(54879.93823488236), np.float64(54890.76207278967), np.float64(54879.490992267136), np.float64(54872.09416860581), np.float64(54792.18364485264), np.float64(54748.63164060831), np.float64(54733.81301054239), np.float64(54739.870810675624), np.float64(54707.81704962969), np.float64(54708.58340171814), np.float64(54561.52055184364), np.float64(54596.53695717573), np.float64(54626.98860322714), np.float64(54575.06918286801), np.float64(54544.40556982994), np.float64(54550.53484121323), np.float64(54419.3517441082), np.float64(54380.455544502736), np.float64(54294.12458450794), np.float64(54305.58174783468)]"
549,"[np.float64(55099.49340786219), np.float64(55092.98694856644), np.float64(55096.1190634203), np.float64(55056.14744686127), np.float64(55045.65366447449), np.float64(55005.73278606415), np.float64(54961.2360735488), np.float64(54957.20535259962), np.float64(54958.44869479656), np.float64(54936.13691585303), np.float64(54885.67061546803), np.float64(54885.096269927024), np.float64(54878.725541617874), np.float64(54858.21998925686), np.float64(54796.05828804493), np.float64(54824.55806069613), np.float64(54796.60314364672), np.float64(54774.96873186588), np.float64(54741.3070608592), np.float64(54710.65439386845), np.float64(54656.56482304812), np.float64(54605.49069509506), np.float64(54611.99329108), np.float64(54605.13604316235), np.float64(54607.385520272255), np.float64(54586.75402397871), np.float64(54542.746149058345), np.float64(54518.8656083703), np.float64(54532.92625685454)]","[np.float64(55135.86809968168), np.float64(55096.1190634203), np.float64(55097.534224020914), np.float64(55056.15297777714), np.float64(55059.34764142094), np.float64(55005.73278606415), np.float64(54992.685732380516), np.float64(54958.4547258516), np.float64(55005.40181073325), np.float64(54936.13691585303), np.float64(54897.53241843578), np.float64(54898.565232916444), np.float64(54888.480305791396), np.float64(54858.21998925686), np.float64(54857.777610377445), np.float64(54828.39133378462), np.float64(54796.60314364672), np.float64(54813.787202480344), np.float64(54741.31267618079), np.float64(54725.4368562648), np.float64(54656.56482304812), np.float64(54648.466931004936), np.float64(54611.99329108), np.float64(54649.88098124769), np.float64(54607.385520272255), np.float64(54650.0673549997), np.float64(54542.746149058345), np.float64(54642.43041223983), np.float64(54532.93544535984)]","[np.float64(55092.98694856644), np.float64(55070.942108074734), np.float64(55056.13812187477), np.float64(55043.35390249072), np.float64(54981.68972058916), np.float64(54961.2360735488), np.float64(54927.725559294246), np.float64(54957.20535259962), np.float64(54897.77495146103), np.float64(54885.67061546803), np.float64(54880.224951372766), np.float64(54851.39124755005), np.float64(54844.27147628311), np.float64(54782.691101096236), np.float64(54796.05828804493), np.float64(54769.21174548619), np.float64(54770.25665416501), np.float64(54728.12896169934), np.float64(54701.06643005837), np.float64(54652.53600154075), np.float64(54592.82416539942), np.float64(54594.58437825956), np.float64(54605.12532780351), np.float64(54545.6201998835), np.float64(54586.75402397871), np.float64(54512.00421346442), np.float64(54518.85214998252), np.float64(54500.78989769297), np.float64(54512.8365290668)]","[np.float64(55092.98694856644), np.float64(55096.1190634203), np.float64(55056.14744686127), np.float64(55045.65366447449), np.float64(55005.73278606415), np.float64(54961.2360735488), np.float64(54957.20535259962), np.float64(54958.44869479656), np.float64(54936.13691585303), np.float64(54885.67061546803), np.float64(54885.096269927024), np.float64(54878.725541617874), np.float64(54858.21998925686), np.float64(54796.05828804493), np.float64(54824.55806069613), np.float64(54796.60314364672), np.float64(54774.96873186588), np.float64(54741.3070608592), np.float64(54710.65439386845), np.float64(54656.56482304812), np.float64(54605.49069509506), np.float64(54611.99329108), np.float64(54605.13604316235), np.float64(54607.385520272255), np.float64(54586.75402397871), np.float64(54542.746149058345), np.float64(54518.8656083703), np.float64(54532.92625685454), np.float64(54522.01072970391)]"
550,"[np.float64(55019.47355241299), np.float64(55067.42161803246), np.float64(54979.10504505634), np.float64(54993.217719459535), np.float64(54889.22511897087), np.float64(55008.73200302601), np.float64(54908.46402049303), np.float64(54940.2402670455), np.float64(54827.80530221224), np.float64(54915.087022998334), np.float64(54950.30869891167), np.float64(54825.033376703264), np.float64(54900.24289508104), np.float64(54952.88423945427), np.float64(54824.89790327072), np.float64(54938.12729358435), np.float64(54932.97106141806), np.float64(54858.76329953432), np.float64(54761.800508179665), np.float64(54876.89446106911), np.float64(54731.70235506773), np.float64(54625.55892067194), np.float64(54750.95709616423), np.float64(54627.990874829295), np.float64(54753.03001996994), np.float64(54631.72862804175), np.float64(54535.980204052925), np.float64(54486.723377506736), np.float64(54405.004953069685)]","[np.float64(55067.42161803246), np.float64(55075.34327339997), np.float64(54993.2295104253), np.float64(54993.217719459535), np.float64(55087.798692137956), np.float64(55008.74574024344), np.float64(54951.220689110916), np.float64(54940.2402670455), np.float64(54941.90602946288), np.float64(54950.30869891167), np.float64(54955.41279915513), np.float64(54934.131359210434), np.float64(54952.88423945427), np.float64(54958.69432365672), np.float64(55116.54340585483), np.float64(54940.83051510021), np.float64(54932.97106141806), np.float64(54864.36802503775), np.float64(54932.444758588164), np.float64(54876.89446106911), np.float64(54753.157842071865), np.float64(54754.04654170213), np.float64(54793.093305658746), np.float64(54753.03001996994), np.float64(54806.89782922646), np.float64(54631.72862804175), np.float64(54582.38581203271), np.float64(54486.723377506736), np.float64(54500.75954024627)]","[np.float64(55019.43135882913), np.float64(54979.10504505634), np.float64(54979.10504505634), np.float64(54877.01349381596), np.float64(54889.22511897087), np.float64(54886.452434128536), np.float64(54906.4273050829), np.float64(54827.79979605597), np.float64(54785.484028910265), np.float64(54915.087022998334), np.float64(54819.24740329509), np.float64(54815.74053567557), np.float64(54896.68043210124), np.float64(54822.515425484), np.float64(54816.92298279579), np.float64(54899.79873169205), np.float64(54774.42398712109), np.float64(54745.35144681019), np.float64(54754.26085192971), np.float64(54717.08301495003), np.float64(54625.547034413976), np.float64(54554.61081582992), np.float64(54622.404852116146), np.float64(54622.7977580393), np.float64(54595.856720636206), np.float64(54533.40099422598), np.float64(54483.87925979516), np.float64(54376.818826557996), np.float64(54396.419906237905)]","[np.float64(55067.42161803246), np.float64(54979.10504505634), np.float64(54993.217719459535), np.float64(54889.22511897087), np.float64(55008.73200302601), np.float64(54908.46402049303), np.float64(54940.2402670455), np.float64(54827.80530221224), np.float64(54915.087022998334), np.float64(54950.30869891167), np.float64(54825.033376703264), np.float64(54900.24289508104), np.float64(54952.88423945427), np.float64(54824.89790327072), np.float64(54938.12729358435), np.float64(54932.97106141806), np.float64(54858.76329953432), np.float64(54761.800508179665), np.float64(54876.89446106911), np.float64(54731.70235506773), np.float64(54625.55892067194), np.float64(54750.95709616423), np.float64(54627.990874829295), np.float64(54753.03001996994), np.float64(54631.72862804175), np.float64(54535.980204052925), np.float64(54486.723377506736), np.float64(54405.004953069685), np.float64(54471.46123935938)]"
551,"[np.float64(55071.450922434335), np.float64(55038.8047870636), np.float64(55045.46152915001), np.float64(55019.71050214291), np.float64(55016.07177846432), np.float64(55022.03685913801), np.float64(55002.371061770915), np.float64(54971.637909138204), np.float64(54979.83224892855), np.float64(54973.09862695694), np.float64(54977.64703155518), np.float64(54945.273388373855), np.float64(54916.026065080165), np.float64(54873.24105680943), np.float64(54841.83749097348), np.float64(54805.390244092945), np.float64(54808.115165987016), np.float64(54853.40797808409), np.float64(54785.00252271176), np.float64(54745.71033374786), np.float64(54763.31943321467), np.float64(54734.765702989105), np.float64(54701.476326367854), np.float64(54704.62608367443), np.float64(54681.68960737228), np.float64(54632.27361242056), np.float64(54585.056356430054), np.float64(54558.79189541579), np.float64(54520.07392321587)]","[np.float64(55077.502761267686), np.float64(55045.47353198134), np.float64(55063.8904589516), np.float64(55019.71050214291), np.float64(55027.266224603576), np.float64(55028.08213499332), np.float64(55015.94460525419), np.float64(54979.83224892855), np.float64(54986.07045356439), np.float64(54977.66408431576), np.float64(55004.44541837719), np.float64(54945.273388373855), np.float64(54929.565497123775), np.float64(54884.46671317777), np.float64(54866.28408345257), np.float64(54808.115165987016), np.float64(54905.166432924656), np.float64(54853.40797808409), np.float64(54815.54380947562), np.float64(54778.86718989552), np.float64(54763.31943321467), np.float64(54737.98589662491), np.float64(54713.17531509865), np.float64(54704.62608367443), np.float64(54687.69748495447), np.float64(54642.73526513178), np.float64(54602.96569025203), np.float64(54558.79189541579), np.float64(54547.77875822942)]","[np.float64(55036.04094012879), np.float64(55038.7955056242), np.float64(55011.26028226912), np.float64(55008.653551200514), np.float64(54994.69905422013), np.float64(55002.371061770915), np.float64(54959.684909356976), np.float64(54958.61356045736), np.float64(54962.49512238478), np.float64(54973.09862695694), np.float64(54932.7513682181), np.float64(54916.01911734845), np.float64(54808.49562336605), np.float64(54841.80846673789), np.float64(54790.08224183818), np.float64(54790.93590934449), np.float64(54803.96427876278), np.float64(54782.55948164584), np.float64(54730.239683717875), np.float64(54725.74957744487), np.float64(54718.979501662085), np.float64(54652.291802202184), np.float64(54679.45044900725), np.float64(54672.48501261175), np.float64(54628.65311000792), np.float64(54581.910551148765), np.float64(54548.22514101907), np.float64(54489.74522615397), np.float64(54486.63666596905)]","[np.float64(55038.8047870636), np.float64(55045.46152915001), np.float64(55019.71050214291), np.float64(55016.07177846432), np.float64(55022.03685913801), np.float64(55002.371061770915), np.float64(54971.637909138204), np.float64(54979.83224892855), np.float64(54973.09862695694), np.float64(54977.64703155518), np.float64(54945.273388373855), np.float64(54916.026065080165), np.float64(54873.24105680943), np.float64(54841.83749097348), np.float64(54805.390244092945), np.float64(54808.115165987016), np.float64(54853.40797808409), np.float64(54785.00252271176), np.float64(54745.71033374786), np.float64(54763.31943321467), np.float64(54734.765702989105), np.float64(54701.476326367854), np.float64(54704.62608367443), np.float64(54681.68960737228), np.float64(54632.27361242056), np.float64(54585.056356430054), np.float64(54558.79189541579), np.float64(54520.07392321587), np.float64(54507.83984808445)]"
552,"[np.float64(55101.23730636358), np.float64(55052.1048784256), np.float64(55043.94698253393), np.float64(55028.00631823063), np.float64(54957.81910391092), np.float64(54832.60108747959), np.float64(54956.71368191004), np.float64(54885.89558893442), np.float64(54899.1628421545), np.float64(54957.438439018726), np.float64(54944.13178002834), np.float64(54930.31426257134), np.float64(54904.51262619257), np.float64(54877.75778225899), np.float64(54865.47696106673), np.float64(54723.55720810175), np.float64(54725.04200722456), np.float64(54784.09696265698), np.float64(54777.37544572592), np.float64(54706.98399104118), np.float64(54590.690480144025), np.float64(54709.59623303652), np.float64(54744.157411577704), np.float64(54810.68014681339), np.float64(54669.33963291645), np.float64(54658.13049414397), np.float64(54590.337373535636), np.float64(54712.30956499815), np.float64(54556.81053207636)]","[np.float64(55101.23730636358), np.float64(55099.31456256681), np.float64(55043.94698253393), np.float64(55038.7309877049), np.float64(54958.368671767144), np.float64(54956.71368191004), np.float64(54961.73851123534), np.float64(54899.1628421545), np.float64(55013.11385770661), np.float64(54961.17645431276), np.float64(54944.1458360054), np.float64(54930.31426257134), np.float64(54904.51262619257), np.float64(54903.990803652225), np.float64(54865.47696106673), np.float64(54811.72440245919), np.float64(54784.09696265698), np.float64(54785.87988424152), np.float64(54780.10694522984), np.float64(54706.99465971893), np.float64(54731.09994805175), np.float64(54744.157411577704), np.float64(54810.69618431898), np.float64(54836.01926884425), np.float64(54669.349181022335), np.float64(54669.45293348701), np.float64(54714.87661422035), np.float64(54712.30956499815), np.float64(54587.5435528989)]","[np.float64(55020.51811477369), np.float64(55043.94698253393), np.float64(54999.82858469476), np.float64(54957.805797842375), np.float64(54817.28028928237), np.float64(54832.60108747959), np.float64(54866.009561909064), np.float64(54885.89558893442), np.float64(54891.37842346303), np.float64(54931.48196305447), np.float64(54902.0842273594), np.float64(54895.17403514539), np.float64(54877.75778225899), np.float64(54806.10077156668), np.float64(54723.55720810175), np.float64(54615.2036581652), np.float64(54725.04200722456), np.float64(54707.68569158921), np.float64(54694.366204442806), np.float64(54588.97565331338), np.float64(54535.79081692312), np.float64(54709.59623303652), np.float64(54714.93403765771), np.float64(54649.28442598042), np.float64(54658.13049414397), np.float64(54554.072921133986), np.float64(54590.32249849132), np.float64(54556.81053207636), np.float64(54505.68051477394)]","[np.float64(55052.1048784256), np.float64(55043.94698253393), np.float64(55028.00631823063), np.float64(54957.81910391092), np.float64(54832.60108747959), np.float64(54956.71368191004), np.float64(54885.89558893442), np.float64(54899.1628421545), np.float64(54957.438439018726), np.float64(54944.13178002834), np.float64(54930.31426257134), np.float64(54904.51262619257), np.float64(54877.75778225899), np.float64(54865.47696106673), np.float64(54723.55720810175), np.float64(54725.04200722456), np.float64(54784.09696265698), np.float64(54777.37544572592), np.float64(54706.98399104118), np.float64(54590.690480144025), np.float64(54709.59623303652), np.float64(54744.157411577704), np.float64(54810.68014681339), np.float64(54669.33963291645), np.float64(54658.13049414397), np.float64(54590.337373535636), np.float64(54712.30956499815), np.float64(54556.81053207636), np.float64(54580.55598566294)]"
553,"[np.float64(55022.58557805062), np.float64(55004.67578422547), np.float64(54999.70048378229), np.float64(54988.15291898251), np.float64(54962.494740211965), np.float64(54919.65294127226), np.float64(54908.57863204718), np.float64(54983.16628616095), np.float64(54872.917697694305), np.float64(54878.49683361769), np.float64(54858.30034612179), np.float64(54856.86615637064), np.float64(54799.219635283946), np.float64(54796.76475881576), np.float64(54809.12490665675), np.float64(54775.348752872946), np.float64(54660.32060504437), np.float64(54690.77057699442), np.float64(54647.60863836527), np.float64(54674.16181747436), np.float64(54578.26710278273), np.float64(54634.48690318585), np.float64(54593.93450223446), np.float64(54609.5193556118), np.float64(54634.92732061863), np.float64(54604.370592513085), np.float64(54572.62010136605), np.float64(54520.5909629798), np.float64(54464.333173353676)]","[np.float64(55022.58557805062), np.float64(55011.29672123668), np.float64(55015.060863633254), np.float64(55001.054764262844), np.float64(54962.494740211965), np.float64(54934.585552978584), np.float64(54992.30045427272), np.float64(54986.60717061002), np.float64(54884.45966938315), np.float64(54900.42877928549), np.float64(54862.48616597945), np.float64(54856.86615637064), np.float64(54799.22852376593), np.float64(54826.62589346747), np.float64(54809.12490665675), np.float64(54782.55784015619), np.float64(54711.550940286375), np.float64(54690.77978506624), np.float64(54697.78857072552), np.float64(54674.17667455322), np.float64(54655.47265518062), np.float64(54637.103305994904), np.float64(54609.5193556118), np.float64(54634.93305286033), np.float64(54640.580068852636), np.float64(54610.709654162856), np.float64(54574.305382696926), np.float64(54520.5909629798), np.float64(54505.648167423395)]","[np.float64(55004.67578422547), np.float64(54999.69191814972), np.float64(54988.15291898251), np.float64(54962.48397190187), np.float64(54879.87350218717), np.float64(54907.645691916914), np.float64(54908.57863204718), np.float64(54872.90576567565), np.float64(54872.744079278185), np.float64(54842.60108830653), np.float64(54856.86615637064), np.float64(54792.29250419221), np.float64(54747.24099333745), np.float64(54788.15971055596), np.float64(54725.277420006794), np.float64(54660.32060504437), np.float64(54660.311967804235), np.float64(54616.59269738408), np.float64(54636.80726976094), np.float64(54569.56119857623), np.float64(54551.623878906015), np.float64(54578.469604376376), np.float64(54568.77574825753), np.float64(54600.97461857754), np.float64(54593.12155134059), np.float64(54569.459594713815), np.float64(54500.134514533325), np.float64(54443.36440715843), np.float64(54437.07906870419)]","[np.float64(55004.67578422547), np.float64(54999.70048378229), np.float64(54988.15291898251), np.float64(54962.494740211965), np.float64(54919.65294127226), np.float64(54908.57863204718), np.float64(54983.16628616095), np.float64(54872.917697694305), np.float64(54878.49683361769), np.float64(54858.30034612179), np.float64(54856.86615637064), np.float64(54799.219635283946), np.float64(54796.76475881576), np.float64(54809.12490665675), np.float64(54775.348752872946), np.float64(54660.32060504437), np.float64(54690.77057699442), np.float64(54647.60863836527), np.float64(54674.16181747436), np.float64(54578.26710278273), np.float64(54634.48690318585), np.float64(54593.93450223446), np.float64(54609.5193556118), np.float64(54634.92732061863), np.float64(54604.370592513085), np.float64(54572.62010136605), np.float64(54520.5909629798), np.float64(54464.333173353676), np.float64(54471.09757303476)]"
554,"[np.float64(55031.04455463171), np.float64(55022.77719826699), np.float64(55028.62959904194), np.float64(54997.08618135453), np.float64(54972.61326634169), np.float64(54908.912035770416), np.float64(54892.03181427717), np.float64(54869.15934015751), np.float64(54886.93044112444), np.float64(54836.868886935714), np.float64(54847.75865868092), np.float64(54910.18036071062), np.float64(54851.19352832556), np.float64(54827.29907971859), np.float64(54739.19988236427), np.float64(54688.09768101931), np.float64(54692.88393678665), np.float64(54700.98182258368), np.float64(54737.25496292353), np.float64(54673.63756619692), np.float64(54620.03799196482), np.float64(54574.46045386076), np.float64(54580.499710102085), np.float64(54590.82080249548), np.float64(54562.83098687172), np.float64(54514.38468293429), np.float64(54455.57517651558), np.float64(54420.8113029337), np.float64(54357.13788820028)]","[np.float64(55040.5152393536), np.float64(55028.63744737974), np.float64(55033.15950128234), np.float64(54997.08618135453), np.float64(54972.62193886492), np.float64(54928.296316942266), np.float64(54895.0288818646), np.float64(54893.79558795817), np.float64(54886.94779914913), np.float64(54856.16086517006), np.float64(54910.18036071062), np.float64(54950.86547038075), np.float64(54851.19352832556), np.float64(54827.29907971859), np.float64(54760.73232443847), np.float64(54701.260837593334), np.float64(54702.99595432796), np.float64(54759.21640307541), np.float64(54737.25496292353), np.float64(54684.12757024189), np.float64(54620.03799196482), np.float64(54589.11082275538), np.float64(54599.38688231909), np.float64(54600.97090476897), np.float64(54562.83098687172), np.float64(54529.34451670992), np.float64(54455.57517651558), np.float64(54453.74447767565), np.float64(54380.88805078638)]","[np.float64(55022.77719826699), np.float64(55018.17043292178), np.float64(54989.85119459398), np.float64(54972.61326634169), np.float64(54902.28354519543), np.float64(54892.01986512193), np.float64(54868.32066777127), np.float64(54860.509483390386), np.float64(54821.512150498354), np.float64(54836.868886935714), np.float64(54842.810734155006), np.float64(54851.19352832556), np.float64(54827.29907971859), np.float64(54734.52954867239), np.float64(54678.43138275664), np.float64(54683.03235897512), np.float64(54692.25528252076), np.float64(54700.98182258368), np.float64(54651.43432588262), np.float64(54610.24679514314), np.float64(54570.886421577154), np.float64(54558.75785779344), np.float64(54580.48231687968), np.float64(54553.62923634332), np.float64(54514.375596923725), np.float64(54445.73214025716), np.float64(54415.06928683717), np.float64(54341.66980416086), np.float64(54357.13788820028)]","[np.float64(55022.77719826699), np.float64(55028.62959904194), np.float64(54997.08618135453), np.float64(54972.61326634169), np.float64(54908.912035770416), np.float64(54892.03181427717), np.float64(54869.15934015751), np.float64(54886.93044112444), np.float64(54836.868886935714), np.float64(54847.75865868092), np.float64(54910.18036071062), np.float64(54851.19352832556), np.float64(54827.29907971859), np.float64(54739.19988236427), np.float64(54688.09768101931), np.float64(54692.88393678665), np.float64(54700.98182258368), np.float64(54737.25496292353), np.float64(54673.63756619692), np.float64(54620.03799196482), np.float64(54574.46045386076), np.float64(54580.499710102085), np.float64(54590.82080249548), np.float64(54562.83098687172), np.float64(54514.38468293429), np.float64(54455.57517651558), np.float64(54420.8113029337), np.float64(54357.13788820028), np.float64(54375.10524535656)]"
555,"[np.float64(55190.2597062254), np.float64(55170.51741530419), np.float64(55158.5146237135), np.float64(55113.57375923157), np.float64(55090.7373426795), np.float64(55084.09206174851), np.float64(55050.56328863383), np.float64(55006.61928711891), np.float64(55092.167797896866), np.float64(55082.89379151106), np.float64(55013.81431717873), np.float64(54956.64620274783), np.float64(54990.35977089644), np.float64(55008.316568336486), np.float64(54947.07832718611), np.float64(54949.34068199873), np.float64(54955.09572734118), np.float64(54959.18967781067), np.float64(54903.85740867853), np.float64(54804.83212445736), np.float64(54818.41372240067), np.float64(54784.67169452906), np.float64(54780.09444387675), np.float64(54789.379782640935), np.float64(54768.611267590524), np.float64(54786.53986286163), np.float64(54783.74166683912), np.float64(54736.08296319962), np.float64(54732.31984091282)]","[np.float64(55209.00494526367), np.float64(55248.318667114094), np.float64(55174.42596750591), np.float64(55125.260438528574), np.float64(55092.262027737524), np.float64(55084.09206174851), np.float64(55170.44277073159), np.float64(55092.179189405855), np.float64(55101.57576166395), np.float64(55113.84119085586), np.float64(55030.22749033407), np.float64(55000.98951285929), np.float64(55014.28697333394), np.float64(55048.065642527064), np.float64(54963.1770723933), np.float64(54986.03576013137), np.float64(54971.672673623194), np.float64(54995.5957488082), np.float64(54909.54920319249), np.float64(54831.17774769258), np.float64(54854.88677942022), np.float64(54805.88434665523), np.float64(54789.461166598645), np.float64(54789.379782640935), np.float64(54857.615049627515), np.float64(54786.5485972999), np.float64(54801.570392293346), np.float64(54762.27555283462), np.float64(54760.68811723369)]","[np.float64(55163.127967860906), np.float64(55134.03725627307), np.float64(55113.57375923157), np.float64(55013.437640789634), np.float64(55084.08354566995), np.float64(54975.20394938888), np.float64(55006.61928711891), np.float64(54986.40204091287), np.float64(55057.875681286016), np.float64(55013.8085955866), np.float64(54948.531096338724), np.float64(54937.98212113401), np.float64(54985.27388543712), np.float64(54933.719917527524), np.float64(54937.61886608325), np.float64(54939.46692744077), np.float64(54931.80236827102), np.float64(54884.623186195044), np.float64(54786.54722571749), np.float64(54781.75482112212), np.float64(54771.08124808909), np.float64(54742.511006969165), np.float64(54769.482509891306), np.float64(54706.29543854599), np.float64(54749.12461826693), np.float64(54771.607976030835), np.float64(54711.91479772722), np.float64(54732.31984091282), np.float64(54661.7368111102)]","[np.float64(55170.51741530419), np.float64(55158.5146237135), np.float64(55113.57375923157), np.float64(55090.7373426795), np.float64(55084.09206174851), np.float64(55050.56328863383), np.float64(55006.61928711891), np.float64(55092.167797896866), np.float64(55082.89379151106), np.float64(55013.81431717873), np.float64(54956.64620274783), np.float64(54990.35977089644), np.float64(55008.316568336486), np.float64(54947.07832718611), np.float64(54949.34068199873), np.float64(54955.09572734118), np.float64(54959.18967781067), np.float64(54903.85740867853), np.float64(54804.83212445736), np.float64(54818.41372240067), np.float64(54784.67169452906), np.float64(54780.09444387675), np.float64(54789.379782640935), np.float64(54768.611267590524), np.float64(54786.53986286163), np.float64(54783.74166683912), np.float64(54736.08296319962), np.float64(54732.31984091282), np.float64(54713.503070485596)]"
556,"[np.float64(55143.95483547211), np.float64(55130.68899879933), np.float64(55150.2839688015), np.float64(55130.14839283944), np.float64(55161.90725449324), np.float64(55127.23983490467), np.float64(55077.372476472854), np.float64(55030.81983871937), np.float64(55041.26404195071), np.float64(54996.53965165139), np.float64(54958.88087049961), np.float64(54970.16251073837), np.float64(54968.43599713564), np.float64(54923.98023571492), np.float64(54923.4428491807), np.float64(54938.25735838175), np.float64(54887.424301023486), np.float64(54920.414142279624), np.float64(54900.535734040735), np.float64(54884.285618541246), np.float64(54848.12683220148), np.float64(54834.939807069306), np.float64(54727.59346646309), np.float64(54746.401351275446), np.float64(54751.10815161705), np.float64(54774.06639123678), np.float64(54745.287172436714), np.float64(54745.17397742987), np.float64(54729.30220883608)]","[np.float64(55165.721302145845), np.float64(55150.2839688015), np.float64(55258.905443396354), np.float64(55161.90725449324), np.float64(55185.72743751858), np.float64(55140.8468504637), np.float64(55077.38367062149), np.float64(55041.273214674766), np.float64(55077.34767038158), np.float64(55021.907107010666), np.float64(54986.64741634656), np.float64(55000.35422811752), np.float64(54989.38904864512), np.float64(54941.205742581624), np.float64(54955.43492244548), np.float64(54957.12002196257), np.float64(54926.18265426297), np.float64(54944.98464326053), np.float64(54923.04847095606), np.float64(54890.5239385304), np.float64(54859.719614714915), np.float64(54834.94725565996), np.float64(54887.2126863824), np.float64(54764.46936530878), np.float64(54777.12224706142), np.float64(54774.07632919673), np.float64(54807.21173202202), np.float64(54745.17397742987), np.float64(54772.42852486475)]","[np.float64(55130.68899879933), np.float64(55114.24425185598), np.float64(55121.525279174115), np.float64(55122.127193247135), np.float64(55118.58629459114), np.float64(55074.37745966938), np.float64(55016.148115167634), np.float64(55030.810655072964), np.float64(54969.32858499396), np.float64(54947.62593850837), np.float64(54954.50913026554), np.float64(54956.84238937435), np.float64(54923.98023571492), np.float64(54897.83080167054), np.float64(54914.370641568574), np.float64(54864.5063684615), np.float64(54881.03637016853), np.float64(54893.440204058934), np.float64(54883.964127073115), np.float64(54763.50331208223), np.float64(54834.92790587088), np.float64(54720.8527588687), np.float64(54719.420295626696), np.float64(54714.45763559171), np.float64(54751.09956175915), np.float64(54723.50864325299), np.float64(54745.166528197245), np.float64(54708.80112365873), np.float64(54725.26930457999)]","[np.float64(55130.68899879933), np.float64(55150.2839688015), np.float64(55130.14839283944), np.float64(55161.90725449324), np.float64(55127.23983490467), np.float64(55077.372476472854), np.float64(55030.81983871937), np.float64(55041.26404195071), np.float64(54996.53965165139), np.float64(54958.88087049961), np.float64(54970.16251073837), np.float64(54968.43599713564), np.float64(54923.98023571492), np.float64(54923.4428491807), np.float64(54938.25735838175), np.float64(54887.424301023486), np.float64(54920.414142279624), np.float64(54900.535734040735), np.float64(54884.285618541246), np.float64(54848.12683220148), np.float64(54834.939807069306), np.float64(54727.59346646309), np.float64(54746.401351275446), np.float64(54751.10815161705), np.float64(54774.06639123678), np.float64(54745.287172436714), np.float64(54745.17397742987), np.float64(54729.30220883608), np.float64(54745.7199920249)]"
557,"[np.float64(54960.81381367684), np.float64(54929.1815398407), np.float64(54983.15121924877), np.float64(54982.523302464484), np.float64(54989.56714829445), np.float64(54956.63268115997), np.float64(54863.44048115969), np.float64(54863.80994245053), np.float64(54896.31158999682), np.float64(54885.7507147789), np.float64(54875.637597284316), np.float64(54861.63129270554), np.float64(54846.0663997674), np.float64(54819.242788901334), np.float64(54828.65394282103), np.float64(54731.8621673584), np.float64(54729.10801307917), np.float64(54679.218633775716), np.float64(54715.782037534715), np.float64(54772.40851578951), np.float64(54716.87393794775), np.float64(54653.82328891754), np.float64(54627.207009065154), np.float64(54533.34413830757), np.float64(54556.46734129906), np.float64(54513.9808381772), np.float64(54433.61379986286), np.float64(54469.42244146585), np.float64(54408.96021068096)]","[np.float64(54964.607991462544), np.float64(54994.9913680884), np.float64(54997.35259976058), np.float64(54989.56714829445), np.float64(55007.62724571965), np.float64(54956.63268115997), np.float64(54876.33377712598), np.float64(54907.3938340173), np.float64(54896.31158999682), np.float64(54885.7507147789), np.float64(54881.72922232658), np.float64(54872.07945489306), np.float64(54902.36938755588), np.float64(54856.05798011304), np.float64(54828.65394282103), np.float64(54731.8621673584), np.float64(54731.72580220793), np.float64(54722.06907421435), np.float64(54775.33822508844), np.float64(54783.848719078895), np.float64(54716.881775408685), np.float64(54689.678778939335), np.float64(54627.207009065154), np.float64(54572.26582949789), np.float64(54560.704517057755), np.float64(54546.9295738495), np.float64(54506.788566261646), np.float64(54485.17113073691), np.float64(54411.706878748715)]","[np.float64(54877.64593531531), np.float64(54929.1815398407), np.float64(54977.85765946708), np.float64(54982.523302464484), np.float64(54927.340114679784), np.float64(54863.44048115969), np.float64(54798.67109208459), np.float64(54863.80994245053), np.float64(54885.7507147789), np.float64(54818.22884251084), np.float64(54861.63129270554), np.float64(54846.057906563365), np.float64(54815.49685533255), np.float64(54812.38282014511), np.float64(54731.8621673584), np.float64(54700.2740321644), np.float64(54679.218633775716), np.float64(54638.37390847353), np.float64(54709.307303936905), np.float64(54712.71058209134), np.float64(54629.98222702226), np.float64(54627.207009065154), np.float64(54533.34413830757), np.float64(54516.64583895713), np.float64(54506.05664216104), np.float64(54409.90578990949), np.float64(54402.604393089714), np.float64(54375.826072771066), np.float64(54374.755418903216)]","[np.float64(54929.1815398407), np.float64(54983.15121924877), np.float64(54982.523302464484), np.float64(54989.56714829445), np.float64(54956.63268115997), np.float64(54863.44048115969), np.float64(54863.80994245053), np.float64(54896.31158999682), np.float64(54885.7507147789), np.float64(54875.637597284316), np.float64(54861.63129270554), np.float64(54846.0663997674), np.float64(54819.242788901334), np.float64(54828.65394282103), np.float64(54731.8621673584), np.float64(54729.10801307917), np.float64(54679.218633775716), np.float64(54715.782037534715), np.float64(54772.40851578951), np.float64(54716.87393794775), np.float64(54653.82328891754), np.float64(54627.207009065154), np.float64(54533.34413830757), np.float64(54556.46734129906), np.float64(54513.9808381772), np.float64(54433.61379986286), np.float64(54469.42244146585), np.float64(54408.96021068096), np.float64(54380.277059543136)]"
558,"[np.float64(55177.51245464087), np.float64(55168.834299559596), np.float64(55082.51222517967), np.float64(55065.17497401714), np.float64(55109.912499573235), np.float64(54951.447216608525), np.float64(55075.01418277502), np.float64(55101.328094167715), np.float64(55004.80520513773), np.float64(55014.228979206084), np.float64(55021.630567617416), np.float64(54970.1426790762), np.float64(54988.60505512476), np.float64(54927.237521839146), np.float64(54945.24364088059), np.float64(54894.5120598197), np.float64(54884.5279769063), np.float64(54741.978890609746), np.float64(54754.85620699167), np.float64(54811.868243665696), np.float64(54661.25153417349), np.float64(54745.479694092275), np.float64(54684.566228604315), np.float64(54785.43031999588), np.float64(54574.84150508404), np.float64(54694.7880339098), np.float64(54592.746920490266), np.float64(54436.11761160135), np.float64(54462.90310446739)]","[np.float64(55177.51245464087), np.float64(55168.834299559596), np.float64(55114.017282909874), np.float64(55109.912499573235), np.float64(55131.02296498524), np.float64(55075.01418277502), np.float64(55111.58923390456), np.float64(55101.328094167715), np.float64(55035.99671815611), np.float64(55021.630567617416), np.float64(55039.58913551378), np.float64(54988.61352917079), np.float64(54988.910977673106), np.float64(54945.24364088059), np.float64(54959.97281959002), np.float64(54975.57297133395), np.float64(54884.5279769063), np.float64(54876.122570637555), np.float64(54811.868243665696), np.float64(54811.868243665696), np.float64(54776.81170146247), np.float64(54779.38297610063), np.float64(54785.43031999588), np.float64(54843.20688485371), np.float64(54694.7880339098), np.float64(54711.183281279686), np.float64(54592.746920490266), np.float64(54522.88036720249), np.float64(54570.71123949289)]","[np.float64(55167.47083012371), np.float64(55061.86080510468), np.float64(55065.17497401714), np.float64(55050.29508643847), np.float64(54942.30576428828), np.float64(54917.56969120996), np.float64(55048.350080542485), np.float64(55004.80520513773), np.float64(54978.32247471455), np.float64(54925.635171055495), np.float64(54970.1426790762), np.float64(54932.441759091904), np.float64(54927.237521839146), np.float64(54889.52230743096), np.float64(54884.39356787307), np.float64(54869.193002544576), np.float64(54735.714184174925), np.float64(54721.84184359008), np.float64(54754.85620699167), np.float64(54622.99004405543), np.float64(54658.44059996556), np.float64(54669.846116786386), np.float64(54679.493205455256), np.float64(54542.993182750346), np.float64(54574.829613399816), np.float64(54570.86228481143), np.float64(54436.11761160135), np.float64(54355.19154744727), np.float64(54437.97079717289)]","[np.float64(55168.834299559596), np.float64(55082.51222517967), np.float64(55065.17497401714), np.float64(55109.912499573235), np.float64(54951.447216608525), np.float64(55075.01418277502), np.float64(55101.328094167715), np.float64(55004.80520513773), np.float64(55014.228979206084), np.float64(55021.630567617416), np.float64(54970.1426790762), np.float64(54988.60505512476), np.float64(54927.237521839146), np.float64(54945.24364088059), np.float64(54894.5120598197), np.float64(54884.5279769063), np.float64(54741.978890609746), np.float64(54754.85620699167), np.float64(54811.868243665696), np.float64(54661.25153417349), np.float64(54745.479694092275), np.float64(54684.566228604315), np.float64(54785.43031999588), np.float64(54574.84150508404), np.float64(54694.7880339098), np.float64(54592.746920490266), np.float64(54436.11761160135), np.float64(54462.90310446739), np.float64(54570.71123949289)]"
559,"[np.float64(55032.931781964304), np.float64(55020.03811089993), np.float64(55047.04728946209), np.float64(55003.60487446785), np.float64(54998.77470573426), np.float64(55026.04749087095), np.float64(54939.20142276764), np.float64(54950.05938658714), np.float64(54863.7557273221), np.float64(54877.69764338732), np.float64(54882.786010060314), np.float64(54916.006619749074), np.float64(54858.48488360167), np.float64(54828.2911779356), np.float64(54797.682423911094), np.float64(54827.570799245834), np.float64(54733.20338009596), np.float64(54734.32219490767), np.float64(54676.246588766575), np.float64(54652.159876058104), np.float64(54606.382604784965), np.float64(54597.29004523039), np.float64(54592.66360175371), np.float64(54593.874749693874), np.float64(54585.171740646365), np.float64(54512.3118879056), np.float64(54503.77616021633), np.float64(54432.42441524029), np.float64(54403.10677968979)]","[np.float64(55035.34552791998), np.float64(55065.214744713696), np.float64(55071.70041977941), np.float64(55003.60487446785), np.float64(55036.87949074119), np.float64(55048.988787575814), np.float64(54968.6876066547), np.float64(54950.92189698497), np.float64(54893.638527424635), np.float64(54894.51269038717), np.float64(54928.89578614939), np.float64(54935.75310533105), np.float64(54860.03722875838), np.float64(54839.3881320423), np.float64(54874.380193148536), np.float64(54836.24840402431), np.float64(54737.54415347353), np.float64(54791.09699271346), np.float64(54676.258037654756), np.float64(54673.99224781209), np.float64(54623.98125758893), np.float64(54619.48620077208), np.float64(54608.47688682778), np.float64(54593.874749693874), np.float64(54585.171740646365), np.float64(54517.326954689066), np.float64(54517.903735671585), np.float64(54434.74202923366), np.float64(54432.78065604092)]","[np.float64(55001.327408260586), np.float64(55020.0300715787), np.float64(54991.59592454207), np.float64(54998.76272717975), np.float64(54958.25373542947), np.float64(54934.448085627446), np.float64(54919.04786820245), np.float64(54863.74727963618), np.float64(54841.6056753468), np.float64(54866.85943825906), np.float64(54869.963857162846), np.float64(54858.48488360167), np.float64(54803.8590883543), np.float64(54787.44648286546), np.float64(54758.190781115096), np.float64(54711.33457835009), np.float64(54732.026290782014), np.float64(54646.06250373878), np.float64(54647.69961157224), np.float64(54554.09158575154), np.float64(54587.13769663468), np.float64(54522.54532450808), np.float64(54592.64774724591), np.float64(54554.85160384641), np.float64(54494.386961817356), np.float64(54474.963982515495), np.float64(54409.93146338345), np.float64(54377.72173431506), np.float64(54374.86102878481)]","[np.float64(55020.03811089993), np.float64(55047.04728946209), np.float64(55003.60487446785), np.float64(54998.77470573426), np.float64(55026.04749087095), np.float64(54939.20142276764), np.float64(54950.05938658714), np.float64(54863.7557273221), np.float64(54877.69764338732), np.float64(54882.786010060314), np.float64(54916.006619749074), np.float64(54858.48488360167), np.float64(54828.2911779356), np.float64(54797.682423911094), np.float64(54827.570799245834), np.float64(54733.20338009596), np.float64(54734.32219490767), np.float64(54676.246588766575), np.float64(54652.159876058104), np.float64(54606.382604784965), np.float64(54597.29004523039), np.float64(54592.66360175371), np.float64(54593.874749693874), np.float64(54585.171740646365), np.float64(54512.3118879056), np.float64(54503.77616021633), np.float64(54432.42441524029), np.float64(54403.10677968979), np.float64(54384.58748419523)]"
560,"[np.float64(55103.46823958158), np.float64(55115.00060869217), np.float64(55056.986815524106), np.float64(55053.76352653503), np.float64(55059.78204967499), np.float64(54993.22634752035), np.float64(55023.39120713234), np.float64(54956.07275864601), np.float64(54938.487225375175), np.float64(54908.459899628164), np.float64(54926.912488622664), np.float64(54897.74655241013), np.float64(54928.576287813186), np.float64(54826.030110893254), np.float64(54826.699493880275), np.float64(54791.41858053446), np.float64(54752.51800251007), np.float64(54778.50263104439), np.float64(54755.47279139757), np.float64(54680.850496263505), np.float64(54650.73238271236), np.float64(54616.24499340773), np.float64(54636.740372383596), np.float64(54543.461119112966), np.float64(54526.161728396415), np.float64(54495.19201236487), np.float64(54471.95097839356), np.float64(54490.91725894928), np.float64(54431.9161323142)]","[np.float64(55149.06759718988), np.float64(55118.133543708595), np.float64(55090.150028574804), np.float64(55059.78204967499), np.float64(55095.09309455453), np.float64(55039.418764950744), np.float64(55026.503640365154), np.float64(54958.644222155825), np.float64(54974.46242437681), np.float64(54926.912488622664), np.float64(54973.473288861096), np.float64(54928.58964682434), np.float64(54986.91130265906), np.float64(54837.75393800311), np.float64(54849.32092017969), np.float64(54796.31039735289), np.float64(54787.9696292319), np.float64(54811.72360862151), np.float64(54780.45665831113), np.float64(54693.74185438413), np.float64(54665.743656201805), np.float64(54682.544855372355), np.float64(54636.740372383596), np.float64(54558.518079741974), np.float64(54544.67129690959), np.float64(54565.225977268674), np.float64(54490.91725894928), np.float64(54662.596145784184), np.float64(54462.499803066894)]","[np.float64(55071.51674225166), np.float64(55043.49908373063), np.float64(55046.126253751485), np.float64(55038.62833930616), np.float64(54982.35882464361), np.float64(54993.21784111598), np.float64(54892.77029767766), np.float64(54931.9094229188), np.float64(54898.762363460846), np.float64(54882.687755338935), np.float64(54890.94610555609), np.float64(54896.03643434679), np.float64(54769.98887073584), np.float64(54826.01876878569), np.float64(54790.34179652049), np.float64(54713.5743442618), np.float64(54721.20654452534), np.float64(54755.46481733751), np.float64(54629.645773607), np.float64(54648.11490595647), np.float64(54599.64014991807), np.float64(54575.06844095285), np.float64(54534.72322247827), np.float64(54493.65381861384), np.float64(54444.73824035718), np.float64(54471.94176876221), np.float64(54407.85561136898), np.float64(54373.16666645221), np.float64(54425.27273656325)]","[np.float64(55115.00060869217), np.float64(55056.986815524106), np.float64(55053.76352653503), np.float64(55059.78204967499), np.float64(54993.22634752035), np.float64(55023.39120713234), np.float64(54956.07275864601), np.float64(54938.487225375175), np.float64(54908.459899628164), np.float64(54926.912488622664), np.float64(54897.74655241013), np.float64(54928.576287813186), np.float64(54826.030110893254), np.float64(54826.699493880275), np.float64(54791.41858053446), np.float64(54752.51800251007), np.float64(54778.50263104439), np.float64(54755.47279139757), np.float64(54680.850496263505), np.float64(54650.73238271236), np.float64(54616.24499340773), np.float64(54636.740372383596), np.float64(54543.461119112966), np.float64(54526.161728396415), np.float64(54495.19201236487), np.float64(54471.95097839356), np.float64(54490.91725894928), np.float64(54431.9161323142), np.float64(54458.76021872759)]"
561,"[np.float64(55125.763792619706), np.float64(55109.39752024174), np.float64(55113.22000873804), np.float64(55094.949768013954), np.float64(55057.735267605785), np.float64(55030.281679522996), np.float64(54990.04542617321), np.float64(54952.042810359), np.float64(54967.65470691204), np.float64(54960.45929052115), np.float64(54951.01001860142), np.float64(54933.93315458775), np.float64(54941.76138128996), np.float64(54909.10932217598), np.float64(54866.1936052227), np.float64(54882.61293373585), np.float64(54854.3108338213), np.float64(54833.38740000725), np.float64(54782.219136047366), np.float64(54763.24847707272), np.float64(54740.86805997372), np.float64(54741.06199817658), np.float64(54716.28516937971), np.float64(54713.06458470821), np.float64(54689.88446227074), np.float64(54686.78595822096), np.float64(54680.622174594406), np.float64(54654.7126230669), np.float64(54644.93200785637)]","[np.float64(55134.79303760291), np.float64(55113.22000873804), np.float64(55155.38583478708), np.float64(55094.96097658125), np.float64(55069.9025217355), np.float64(55048.048333002305), np.float64(54991.117992066764), np.float64(54974.26386570467), np.float64(54988.9282944057), np.float64(54968.46308119918), np.float64(54970.55746031411), np.float64(54941.77492822332), np.float64(54941.77477402816), np.float64(54938.153457563596), np.float64(54889.26504156639), np.float64(54898.02723920332), np.float64(54864.755296315256), np.float64(54857.746218302054), np.float64(54786.69829863762), np.float64(54792.663109844485), np.float64(54741.07088672928), np.float64(54747.76018090803), np.float64(54869.74123488397), np.float64(54723.07313187123), np.float64(54695.6554041775), np.float64(54693.01890407022), np.float64(54705.48593792026), np.float64(54654.718268726516), np.float64(54676.284612527765)]","[np.float64(55109.39752024174), np.float64(55089.52180253356), np.float64(55077.233903247456), np.float64(55054.75307993449), np.float64(55014.86142604683), np.float64(54990.03992774228), np.float64(54945.254424340186), np.float64(54943.43514798594), np.float64(54929.83948490205), np.float64(54951.001525034444), np.float64(54915.55208402392), np.float64(54928.68987578649), np.float64(54909.10932217598), np.float64(54844.371043695246), np.float64(54854.43491166373), np.float64(54824.87718056286), np.float64(54823.399275201074), np.float64(54770.64879406713), np.float64(54763.23772095877), np.float64(54701.09926829968), np.float64(54738.95640467918), np.float64(54676.96204174719), np.float64(54710.476255767535), np.float64(54657.45694605076), np.float64(54686.78595822096), np.float64(54664.8417040318), np.float64(54652.44936130815), np.float64(54607.13087624887), np.float64(54640.5663090988)]","[np.float64(55109.39752024174), np.float64(55113.22000873804), np.float64(55094.949768013954), np.float64(55057.735267605785), np.float64(55030.281679522996), np.float64(54990.04542617321), np.float64(54952.042810359), np.float64(54967.65470691204), np.float64(54960.45929052115), np.float64(54951.01001860142), np.float64(54933.93315458775), np.float64(54941.76138128996), np.float64(54909.10932217598), np.float64(54866.1936052227), np.float64(54882.61293373585), np.float64(54854.3108338213), np.float64(54833.38740000725), np.float64(54782.219136047366), np.float64(54763.24847707272), np.float64(54740.86805997372), np.float64(54741.06199817658), np.float64(54716.28516937971), np.float64(54713.06458470821), np.float64(54689.88446227074), np.float64(54686.78595822096), np.float64(54680.622174594406), np.float64(54654.7126230669), np.float64(54644.93200785637), np.float64(54651.44336067915)]"
562,"[np.float64(55149.195287814146), np.float64(55125.943050241476), np.float64(55055.84121509075), np.float64(55089.14321186066), np.float64(55060.599268689155), np.float64(55062.88454581261), np.float64(55018.305415999894), np.float64(54998.12824505806), np.float64(54957.87602335692), np.float64(54874.59488969565), np.float64(54916.61753796578), np.float64(54909.1455085206), np.float64(54936.39150803566), np.float64(54891.33216868878), np.float64(54849.23933693886), np.float64(54933.10305787087), np.float64(54864.95657310009), np.float64(54788.25130955219), np.float64(54815.38514427662), np.float64(54789.2310451746), np.float64(54765.948029892446), np.float64(54680.22708667517), np.float64(54671.270386884215), np.float64(54623.93208048821), np.float64(54601.98615707875), np.float64(54608.04112411738), np.float64(54605.45309220314), np.float64(54590.337373535636), np.float64(54601.84089659214)]","[np.float64(55149.195287814146), np.float64(55125.951572687576), np.float64(55134.28865061173), np.float64(55089.14321186066), np.float64(55196.33226372218), np.float64(55062.88454581261), np.float64(55034.33556106534), np.float64(55007.934844738986), np.float64(54983.28998255391), np.float64(54946.66783748167), np.float64(54916.62958944619), np.float64(55103.01885396469), np.float64(54936.39150803566), np.float64(54928.21225448408), np.float64(54948.24547641722), np.float64(54946.98401722081), np.float64(54864.95657310009), np.float64(54865.01161748382), np.float64(54851.28549476586), np.float64(54799.08023950043), np.float64(54765.948029892446), np.float64(54737.602096171984), np.float64(54671.270386884215), np.float64(54677.2552633993), np.float64(54658.74886119623), np.float64(54645.1413575054), np.float64(54622.46044592683), np.float64(54635.74778836752), np.float64(54618.83702580591)]","[np.float64(55117.33413050631), np.float64(55037.146207772035), np.float64(55055.83246962269), np.float64(55017.264924159594), np.float64(55060.58630071104), np.float64(55011.406655964354), np.float64(54950.799410124884), np.float64(54951.052289025065), np.float64(54858.946759403654), np.float64(54871.41688367581), np.float64(54905.578301535694), np.float64(54857.807881601504), np.float64(54891.32668994909), np.float64(54828.24206845852), np.float64(54849.23933693886), np.float64(54753.175859554925), np.float64(54722.46691580272), np.float64(54779.6993004871), np.float64(54757.85984687001), np.float64(54760.35662396766), np.float64(54627.178486538956), np.float64(54644.99541610653), np.float64(54604.75673426244), np.float64(54565.45133299174), np.float64(54587.40592516616), np.float64(54571.79553956404), np.float64(54571.69435500563), np.float64(54574.97164554723), np.float64(54552.25354679281)]","[np.float64(55125.943050241476), np.float64(55055.84121509075), np.float64(55089.14321186066), np.float64(55060.599268689155), np.float64(55062.88454581261), np.float64(55018.305415999894), np.float64(54998.12824505806), np.float64(54957.87602335692), np.float64(54874.59488969565), np.float64(54916.61753796578), np.float64(54909.1455085206), np.float64(54936.39150803566), np.float64(54891.33216868878), np.float64(54849.23933693886), np.float64(54933.10305787087), np.float64(54864.95657310009), np.float64(54788.25130955219), np.float64(54815.38514427662), np.float64(54789.2310451746), np.float64(54765.948029892446), np.float64(54680.22708667517), np.float64(54671.270386884215), np.float64(54623.93208048821), np.float64(54601.98615707875), np.float64(54608.04112411738), np.float64(54605.45309220314), np.float64(54590.337373535636), np.float64(54601.84089659214), np.float64(54568.76528983593)]"
563,"[np.float64(55095.53724881172), np.float64(55084.70143464088), np.float64(55151.740823309425), np.float64(55022.30716211796), np.float64(55061.66683024407), np.float64(55011.78633655548), np.float64(55053.49425377131), np.float64(54873.535183539396), np.float64(54986.09274410248), np.float64(54883.136798682215), np.float64(55095.06875798702), np.float64(54996.10811983347), np.float64(54946.26368371248), np.float64(54876.32243351459), np.float64(54852.329728035926), np.float64(54886.08540627241), np.float64(54901.75525248766), np.float64(54809.29064269066), np.float64(54705.806453905105), np.float64(54813.784960937504), np.float64(54813.196836254596), np.float64(54735.72740982771), np.float64(54827.370808522704), np.float64(54659.76725015879), np.float64(54686.594209227565), np.float64(54696.17225817442), np.float64(54567.115913672445), np.float64(54700.64236634016), np.float64(54612.95705835104)]","[np.float64(55128.84580056881), np.float64(55151.75138667049), np.float64(55174.97145328518), np.float64(55061.6755707363), np.float64(55074.447206369085), np.float64(55058.85696702482), np.float64(55053.499890806714), np.float64(55012.44833628315), np.float64(54986.09274410248), np.float64(55095.06875798702), np.float64(55102.566015317905), np.float64(55004.218630833704), np.float64(54978.94926307594), np.float64(54910.34548723872), np.float64(54886.09720034937), np.float64(54918.26665149606), np.float64(54901.75525248766), np.float64(54851.618850378996), np.float64(54813.784960937504), np.float64(54832.46606522086), np.float64(54826.542898352585), np.float64(54925.473750300975), np.float64(54827.370808522704), np.float64(54686.60297350717), np.float64(54753.97950709494), np.float64(54709.03315041728), np.float64(54700.64236634016), np.float64(54774.19956122235), np.float64(54612.96992736793)]","[np.float64(55084.69220337514), np.float64(55056.827652520464), np.float64(55022.30716211796), np.float64(55004.47710532381), np.float64(55010.297700886105), np.float64(55011.78633655548), np.float64(54850.13504583659), np.float64(54873.535183539396), np.float64(54868.10566915496), np.float64(54883.136798682215), np.float64(54977.48681267533), np.float64(54946.26368371248), np.float64(54840.13566110785), np.float64(54847.02613715671), np.float64(54852.32783535309), np.float64(54831.38953258292), np.float64(54777.96971440874), np.float64(54705.806453905105), np.float64(54678.87743876323), np.float64(54813.196836254596), np.float64(54727.0037158597), np.float64(54734.5345000905), np.float64(54642.73367003796), np.float64(54651.238950664185), np.float64(54669.41186315273), np.float64(54567.115913672445), np.float64(54523.97314567702), np.float64(54612.95705835104), np.float64(54519.366758489785)]","[np.float64(55084.70143464088), np.float64(55151.740823309425), np.float64(55022.30716211796), np.float64(55061.66683024407), np.float64(55011.78633655548), np.float64(55053.49425377131), np.float64(54873.535183539396), np.float64(54986.09274410248), np.float64(54883.136798682215), np.float64(55095.06875798702), np.float64(54996.10811983347), np.float64(54946.26368371248), np.float64(54876.32243351459), np.float64(54852.329728035926), np.float64(54886.08540627241), np.float64(54901.75525248766), np.float64(54809.29064269066), np.float64(54705.806453905105), np.float64(54813.784960937504), np.float64(54813.196836254596), np.float64(54735.72740982771), np.float64(54827.370808522704), np.float64(54659.76725015879), np.float64(54686.594209227565), np.float64(54696.17225817442), np.float64(54567.115913672445), np.float64(54700.64236634016), np.float64(54612.95705835104), np.float64(54552.20881378889)]"
564,"[np.float64(55115.75009099007), np.float64(55105.51154467106), np.float64(55143.153584809304), np.float64(55077.53164487839), np.float64(55087.711983981135), np.float64(55041.87174074173), np.float64(54986.592527744775), np.float64(54959.86665864229), np.float64(54957.596834762095), np.float64(54928.60152811051), np.float64(54912.93760563851), np.float64(54910.72689041376), np.float64(54930.6596425581), np.float64(54910.41769677163), np.float64(54834.36752196074), np.float64(54855.56409184933), np.float64(54807.60739816904), np.float64(54819.471883232596), np.float64(54784.15568498135), np.float64(54775.170267913345), np.float64(54766.30551491976), np.float64(54725.34231525183), np.float64(54747.97899863482), np.float64(54677.96692107201), np.float64(54655.52082768917), np.float64(54655.227602398394), np.float64(54648.26128033877), np.float64(54608.72338480711), np.float64(54649.47281461)]","[np.float64(55135.05863645289), np.float64(55143.153584809304), np.float64(55174.014016729525), np.float64(55087.72924543023), np.float64(55103.60687671563), np.float64(55041.87174074173), np.float64(55003.01995159338), np.float64(54959.86665864229), np.float64(54990.54855426168), np.float64(54928.60152811051), np.float64(54927.92681271078), np.float64(54939.07556532853), np.float64(54942.792034028316), np.float64(54917.723745018986), np.float64(54873.998933874325), np.float64(54855.56409184933), np.float64(54821.31917184769), np.float64(54855.89965921505), np.float64(54784.16317201554), np.float64(54793.48969862292), np.float64(54766.30551491976), np.float64(54762.19626986712), np.float64(54764.73410535705), np.float64(54679.027251748805), np.float64(54697.87767839973), np.float64(54658.95627075473), np.float64(54678.21641908263), np.float64(54652.55510605866), np.float64(54668.323987051626)]","[np.float64(55105.51154467106), np.float64(55096.292289538076), np.float64(55077.53164487839), np.float64(55066.369620238154), np.float64(55027.744716579735), np.float64(54986.592527744775), np.float64(54934.07056258114), np.float64(54951.92997679284), np.float64(54905.699615652746), np.float64(54912.93760563851), np.float64(54867.73450781683), np.float64(54901.533922485694), np.float64(54903.46250727252), np.float64(54827.11709132595), np.float64(54834.36752196074), np.float64(54785.21789321702), np.float64(54804.0592474521), np.float64(54771.29759121591), np.float64(54774.92858302535), np.float64(54729.48622842675), np.float64(54725.328725306594), np.float64(54671.62555253593), np.float64(54677.95355051532), np.float64(54600.63368637229), np.float64(54655.227602398394), np.float64(54599.12891582497), np.float64(54608.714539853725), np.float64(54598.903428685524), np.float64(54631.69702862922)]","[np.float64(55105.51154467106), np.float64(55143.153584809304), np.float64(55077.53164487839), np.float64(55087.711983981135), np.float64(55041.87174074173), np.float64(54986.592527744775), np.float64(54959.86665864229), np.float64(54957.596834762095), np.float64(54928.60152811051), np.float64(54912.93760563851), np.float64(54910.72689041376), np.float64(54930.6596425581), np.float64(54910.41769677163), np.float64(54834.36752196074), np.float64(54855.56409184933), np.float64(54807.60739816904), np.float64(54819.471883232596), np.float64(54784.15568498135), np.float64(54775.170267913345), np.float64(54766.30551491976), np.float64(54725.34231525183), np.float64(54747.97899863482), np.float64(54677.96692107201), np.float64(54655.52082768917), np.float64(54655.227602398394), np.float64(54648.26128033877), np.float64(54608.72338480711), np.float64(54649.47281461), np.float64(54653.78195149184)]"
565,"[np.float64(55069.05811649323), np.float64(55067.31988418102), np.float64(55030.239311881065), np.float64(55028.453432068825), np.float64(55030.00519524574), np.float64(55029.1486992383), np.float64(54977.63891860247), np.float64(54939.575391254424), np.float64(54922.14657962561), np.float64(54958.59189485073), np.float64(54911.8069433403), np.float64(54881.48008222818), np.float64(54873.57343031645), np.float64(54880.43814730168), np.float64(54922.824333119395), np.float64(54904.36594915867), np.float64(54817.77692000151), np.float64(54764.45383004665), np.float64(54727.82256079435), np.float64(54756.810269601345), np.float64(54724.447572467325), np.float64(54687.5517952013), np.float64(54655.26378874302), np.float64(54594.60839241743), np.float64(54650.51346176624), np.float64(54637.23268695831), np.float64(54634.64246583462), np.float64(54592.05165332079), np.float64(54570.26103500605)]","[np.float64(55069.05811649323), np.float64(55067.32557008962), np.float64(55045.52165651023), np.float64(55030.00519524574), np.float64(55037.933791081334), np.float64(55032.815948811025), np.float64(54978.17294835553), np.float64(54939.58090912317), np.float64(54963.54886396035), np.float64(54987.235121561585), np.float64(54926.10040080416), np.float64(54881.48008222818), np.float64(54892.012458763726), np.float64(54945.78914347066), np.float64(54922.8335849211), np.float64(54912.59467053442), np.float64(54835.56106740558), np.float64(54765.24418002417), np.float64(54777.376980295405), np.float64(54765.43190985644), np.float64(54727.3219152638), np.float64(54687.56087914348), np.float64(54688.658878628965), np.float64(54662.11089967852), np.float64(54650.51346176624), np.float64(54637.24441857309), np.float64(54681.22675155706), np.float64(54592.057359188126), np.float64(54578.385805045975)]","[np.float64(55067.31988418102), np.float64(55017.49389804587), np.float64(55020.004833560466), np.float64(55028.453432068825), np.float64(55013.33186786957), np.float64(54977.63891860247), np.float64(54935.76127907909), np.float64(54922.14657962561), np.float64(54912.81759450356), np.float64(54899.06627470197), np.float64(54881.48008222818), np.float64(54869.12071314057), np.float64(54873.57343031645), np.float64(54861.44529293179), np.float64(54892.04162316657), np.float64(54795.902687322276), np.float64(54764.45383004665), np.float64(54704.691029802445), np.float64(54727.814307629356), np.float64(54699.21309688253), np.float64(54682.91314755688), np.float64(54654.68290154871), np.float64(54594.587724828554), np.float64(54573.317897932706), np.float64(54637.23268695831), np.float64(54618.25078191662), np.float64(54592.05165332079), np.float64(54563.73062411157), np.float64(54539.90299439602)]","[np.float64(55067.31988418102), np.float64(55030.239311881065), np.float64(55028.453432068825), np.float64(55030.00519524574), np.float64(55029.1486992383), np.float64(54977.63891860247), np.float64(54939.575391254424), np.float64(54922.14657962561), np.float64(54958.59189485073), np.float64(54911.8069433403), np.float64(54881.48008222818), np.float64(54873.57343031645), np.float64(54880.43814730168), np.float64(54922.824333119395), np.float64(54904.36594915867), np.float64(54817.77692000151), np.float64(54764.45383004665), np.float64(54727.82256079435), np.float64(54756.810269601345), np.float64(54724.447572467325), np.float64(54687.5517952013), np.float64(54655.26378874302), np.float64(54594.60839241743), np.float64(54650.51346176624), np.float64(54637.23268695831), np.float64(54634.64246583462), np.float64(54592.05165332079), np.float64(54570.26103500605), np.float64(54544.277694242)]"
566,"[np.float64(55111.25075043917), np.float64(55102.83195229054), np.float64(55046.451566934586), np.float64(55006.99814913273), np.float64(55051.00306218147), np.float64(55058.56768230915), np.float64(54977.26958608866), np.float64(55014.35492313862), np.float64(54973.59879693032), np.float64(54946.761020591264), np.float64(54905.636463308336), np.float64(54940.33350161314), np.float64(54876.31844142675), np.float64(54881.16290441036), np.float64(54806.327225742345), np.float64(54793.65414972544), np.float64(54809.54678019762), np.float64(54837.67219803095), np.float64(54791.34723806143), np.float64(54769.94282205105), np.float64(54721.55498288393), np.float64(54704.496147654056), np.float64(54667.89127769232), np.float64(54655.49739027023), np.float64(54667.04173564434), np.float64(54651.561320436005), np.float64(54569.32727278233), np.float64(54565.693056299686), np.float64(54554.27581385136)]","[np.float64(55111.25075043917), np.float64(55102.84158942064), np.float64(55056.02209608822), np.float64(55057.95118396757), np.float64(55067.33589650216), np.float64(55058.56768230915), np.float64(55035.921065161245), np.float64(55015.534431876724), np.float64(54979.872794425246), np.float64(54956.984319578834), np.float64(54946.47170030744), np.float64(54950.17631914382), np.float64(54881.16290441036), np.float64(54893.95003731793), np.float64(54809.42501098066), np.float64(54809.54678019762), np.float64(54863.91541129536), np.float64(54837.67219803095), np.float64(54806.107617561705), np.float64(54770.57388114313), np.float64(54721.55498288393), np.float64(54736.76253894807), np.float64(54667.89127769232), np.float64(54703.3782221765), np.float64(54667.04173564434), np.float64(54684.454458548615), np.float64(54569.32727278233), np.float64(54589.94226019653), np.float64(54568.1664341023)]","[np.float64(55102.81516978614), np.float64(55029.69250921323), np.float64(55003.36826791068), np.float64(54995.3742131223), np.float64(55049.03830362665), np.float64(54966.43774139409), np.float64(54970.416541359395), np.float64(54973.588041429684), np.float64(54936.92933480116), np.float64(54904.59248977884), np.float64(54896.51068410116), np.float64(54868.32585276221), np.float64(54857.46301193721), np.float64(54799.78318986858), np.float64(54789.92021086872), np.float64(54778.53263692738), np.float64(54793.502598908264), np.float64(54772.55956940246), np.float64(54762.86427156363), np.float64(54707.784223526345), np.float64(54699.70480577275), np.float64(54649.86046552791), np.float64(54639.878003867925), np.float64(54648.906549651896), np.float64(54634.42325717193), np.float64(54554.5603617593), np.float64(54535.06434356944), np.float64(54531.2375998935), np.float64(54485.787676879925)]","[np.float64(55102.83195229054), np.float64(55046.451566934586), np.float64(55006.99814913273), np.float64(55051.00306218147), np.float64(55058.56768230915), np.float64(54977.26958608866), np.float64(55014.35492313862), np.float64(54973.59879693032), np.float64(54946.761020591264), np.float64(54905.636463308336), np.float64(54940.33350161314), np.float64(54876.31844142675), np.float64(54881.16290441036), np.float64(54806.327225742345), np.float64(54793.65414972544), np.float64(54809.54678019762), np.float64(54837.67219803095), np.float64(54791.34723806143), np.float64(54769.94282205105), np.float64(54721.55498288393), np.float64(54704.496147654056), np.float64(54667.89127769232), np.float64(54655.49739027023), np.float64(54667.04173564434), np.float64(54651.561320436005), np.float64(54569.32727278233), np.float64(54565.693056299686), np.float64(54554.27581385136), np.float64(54492.425366714)]"
567,"[np.float64(55299.09612581253), np.float64(55202.92338151932), np.float64(55250.97549897671), np.float64(55214.35903908253), np.float64(55207.930747442246), np.float64(55158.5953669095), np.float64(55123.315998888014), np.float64(55147.75272755623), np.float64(55121.09626927137), np.float64(55072.0958377862), np.float64(55012.537364177704), np.float64(54998.43615092993), np.float64(54945.53544962406), np.float64(54994.487203392986), np.float64(55029.541597948075), np.float64(54965.879773147106), np.float64(54914.386218416694), np.float64(54984.10584335089), np.float64(54872.08901752472), np.float64(54847.0456202817), np.float64(54839.893859302996), np.float64(54850.23735889912), np.float64(54768.10865085363), np.float64(54766.308348014354), np.float64(54782.1277043581), np.float64(54778.567405889036), np.float64(54779.39994936943), np.float64(54708.83799390078), np.float64(54713.28865673542)]","[np.float64(55331.77710629439), np.float64(55250.98748014989), np.float64(55272.37962482163), np.float64(55248.56446644989), np.float64(55237.61235937274), np.float64(55158.5953669095), np.float64(55157.15318984228), np.float64(55159.89215863475), np.float64(55142.68680879335), np.float64(55127.45208985713), np.float64(55012.537364177704), np.float64(55060.738221492575), np.float64(54998.325743017595), np.float64(55062.151247593734), np.float64(55029.541597948075), np.float64(55021.12231035899), np.float64(55009.4225974992), np.float64(55010.887049136254), np.float64(54902.858333574724), np.float64(54847.90518590076), np.float64(54880.138323818355), np.float64(54876.351048527395), np.float64(54807.76019509315), np.float64(54782.13934920452), np.float64(54818.26819154318), np.float64(54779.39994936943), np.float64(54804.21620503543), np.float64(54719.444139797495), np.float64(54747.058929031205)]","[np.float64(55191.29470668342), np.float64(55196.82393960903), np.float64(55205.71042979773), np.float64(55207.91574693146), np.float64(55158.58603143574), np.float64(55005.07957688641), np.float64(55116.18505951978), np.float64(55075.21023010228), np.float64(55063.44303301141), np.float64(54999.4963565391), np.float64(54963.15378712636), np.float64(54945.53544962406), np.float64(54928.026079261006), np.float64(54979.238226113615), np.float64(54901.37880714822), np.float64(54894.36776894858), np.float64(54880.91085352284), np.float64(54853.822995342656), np.float64(54842.016117388506), np.float64(54743.298521153534), np.float64(54822.69924545987), np.float64(54764.819347684104), np.float64(54757.718232159285), np.float64(54693.83060261831), np.float64(54764.832970953794), np.float64(54756.61265189243), np.float64(54664.96615399258), np.float64(54680.61205074713), np.float64(54659.22128316277)]","[np.float64(55202.92338151932), np.float64(55250.97549897671), np.float64(55214.35903908253), np.float64(55207.930747442246), np.float64(55158.5953669095), np.float64(55123.315998888014), np.float64(55147.75272755623), np.float64(55121.09626927137), np.float64(55072.0958377862), np.float64(55012.537364177704), np.float64(54998.43615092993), np.float64(54945.53544962406), np.float64(54994.487203392986), np.float64(55029.541597948075), np.float64(54965.879773147106), np.float64(54914.386218416694), np.float64(54984.10584335089), np.float64(54872.08901752472), np.float64(54847.0456202817), np.float64(54839.893859302996), np.float64(54850.23735889912), np.float64(54768.10865085363), np.float64(54766.308348014354), np.float64(54782.1277043581), np.float64(54778.567405889036), np.float64(54779.39994936943), np.float64(54708.83799390078), np.float64(54713.28865673542), np.float64(54678.91497754574)]"
568,"[np.float64(55108.22500540972), np.float64(55108.344896821975), np.float64(55025.770233931544), np.float64(54984.06424837113), np.float64(54979.19235588074), np.float64(54991.963302438264), np.float64(54966.64831444502), np.float64(55014.23129719258), np.float64(54870.772787530426), np.float64(54873.631895086764), np.float64(54882.14624578953), np.float64(54999.47538153887), np.float64(54906.41685209274), np.float64(54897.05373200417), np.float64(54805.85654570818), np.float64(54798.32257451296), np.float64(54783.95234605551), np.float64(54823.967618026734), np.float64(54749.41125673056), np.float64(54797.021926538946), np.float64(54719.44870582819), np.float64(54733.44303414345), np.float64(54711.17516816616), np.float64(54645.65702251911), np.float64(54633.76600938797), np.float64(54562.36919245243), np.float64(54564.594717035296), np.float64(54467.38467378855), np.float64(54513.300895473956)]","[np.float64(55108.344896821975), np.float64(55108.344896821975), np.float64(55031.92403745955), np.float64(54984.06424837113), np.float64(55027.1532216956), np.float64(54991.963302438264), np.float64(55038.42505067989), np.float64(55014.23681350464), np.float64(54908.00382075011), np.float64(54882.14624578953), np.float64(54999.59203561483), np.float64(55036.011986859434), np.float64(54906.41685209274), np.float64(54910.508039600536), np.float64(54838.20844191144), np.float64(54819.37744578182), np.float64(54823.967618026734), np.float64(54850.66989986718), np.float64(54803.456759391614), np.float64(54797.021926538946), np.float64(54739.84498138349), np.float64(54751.36966000794), np.float64(54711.184902603316), np.float64(54668.58196233944), np.float64(54640.14348611866), np.float64(54569.915905465496), np.float64(54564.594717035296), np.float64(54535.29295547555), np.float64(54528.103970612516)]","[np.float64(55067.76800907784), np.float64(55025.770233931544), np.float64(54984.05574673851), np.float64(54952.79275944294), np.float64(54979.18303770952), np.float64(54951.79528565825), np.float64(54951.95001904131), np.float64(54848.81813828822), np.float64(54857.00491054795), np.float64(54868.14495554316), np.float64(54880.58793311589), np.float64(54882.86663093475), np.float64(54897.05373200417), np.float64(54793.3484066842), np.float64(54798.32257451296), np.float64(54763.37737853789), np.float64(54768.45249123701), np.float64(54718.92020738354), np.float64(54749.292898629974), np.float64(54683.52667152927), np.float64(54712.58437466343), np.float64(54705.40424376301), np.float64(54645.002283348564), np.float64(54627.2909613694), np.float64(54531.389824347825), np.float64(54539.36310706365), np.float64(54467.38467378855), np.float64(54443.33404765837), np.float64(54503.562066600105)]","[np.float64(55108.344896821975), np.float64(55025.770233931544), np.float64(54984.06424837113), np.float64(54979.19235588074), np.float64(54991.963302438264), np.float64(54966.64831444502), np.float64(55014.23129719258), np.float64(54870.772787530426), np.float64(54873.631895086764), np.float64(54882.14624578953), np.float64(54999.47538153887), np.float64(54906.41685209274), np.float64(54897.05373200417), np.float64(54805.85654570818), np.float64(54798.32257451296), np.float64(54783.95234605551), np.float64(54823.967618026734), np.float64(54749.41125673056), np.float64(54797.021926538946), np.float64(54719.44870582819), np.float64(54733.44303414345), np.float64(54711.17516816616), np.float64(54645.65702251911), np.float64(54633.76600938797), np.float64(54562.36919245243), np.float64(54564.594717035296), np.float64(54467.38467378855), np.float64(54513.300895473956), np.float64(54512.24440874338)]"
569,"[np.float64(55078.97497779846), np.float64(55126.03113372803), np.float64(55069.09803737164), np.float64(55082.74943246365), np.float64(55060.90575801373), np.float64(55072.49401635409), np.float64(54997.21585982085), np.float64(55036.92348347425), np.float64(55003.11101456881), np.float64(55026.1924938035), np.float64(54939.67120136261), np.float64(54942.2851174593), np.float64(54952.41317308903), np.float64(54917.91998881817), np.float64(54899.51388833046), np.float64(54879.42557353735), np.float64(54867.5639215684), np.float64(54838.9535294509), np.float64(54810.97659152985), np.float64(54739.57913070917), np.float64(54751.79131374598), np.float64(54714.2094124794), np.float64(54721.19569497824), np.float64(54788.23147789002), np.float64(54745.58001139641), np.float64(54721.807900965214), np.float64(54679.08148624182), np.float64(54667.491682577136), np.float64(54595.18428328276)]","[np.float64(55127.310811495336), np.float64(55147.84310227095), np.float64(55090.6783472564), np.float64(55082.74943246365), np.float64(55073.52193637117), np.float64(55076.95742929654), np.float64(55052.306661723786), np.float64(55051.80839409001), np.float64(55044.36137123817), np.float64(55026.203203655285), np.float64(54959.65318226779), np.float64(54964.29757235073), np.float64(54983.687033309114), np.float64(54917.932962856634), np.float64(54946.213926821794), np.float64(54888.59761706816), np.float64(54884.91910021582), np.float64(54851.084974113866), np.float64(54815.585788713004), np.float64(54784.105330135004), np.float64(54754.89122715205), np.float64(54746.90096471726), np.float64(54818.14169802681), np.float64(54791.254359065824), np.float64(54755.41869873729), np.float64(54721.81349585388), np.float64(54717.79982321622), np.float64(54668.513350018846), np.float64(54616.73897577395)]","[np.float64(55065.669969178474), np.float64(55069.08907736251), np.float64(55059.61881397716), np.float64(55039.662362870346), np.float64(55055.968423654616), np.float64(54983.82587974318), np.float64(54979.41100107473), np.float64(54998.34581039707), np.float64(54973.57253363905), np.float64(54939.65521393263), np.float64(54939.6632156882), np.float64(54910.88478910279), np.float64(54914.62815992219), np.float64(54874.69459181921), np.float64(54879.42557353735), np.float64(54803.909130949774), np.float64(54830.67579733377), np.float64(54804.22713323681), np.float64(54728.11311237443), np.float64(54729.781940478155), np.float64(54701.00032017828), np.float64(54696.470717638585), np.float64(54690.65002236616), np.float64(54720.30351128949), np.float64(54718.184546441844), np.float64(54670.8171509997), np.float64(54637.78670139832), np.float64(54595.17861353455), np.float64(54523.37920445675)]","[np.float64(55126.03113372803), np.float64(55069.09803737164), np.float64(55082.74943246365), np.float64(55060.90575801373), np.float64(55072.49401635409), np.float64(54997.21585982085), np.float64(55036.92348347425), np.float64(55003.11101456881), np.float64(55026.1924938035), np.float64(54939.67120136261), np.float64(54942.2851174593), np.float64(54952.41317308903), np.float64(54917.91998881817), np.float64(54899.51388833046), np.float64(54879.42557353735), np.float64(54867.5639215684), np.float64(54838.9535294509), np.float64(54810.97659152985), np.float64(54739.57913070917), np.float64(54751.79131374598), np.float64(54714.2094124794), np.float64(54721.19569497824), np.float64(54788.23147789002), np.float64(54745.58001139641), np.float64(54721.807900965214), np.float64(54679.08148624182), np.float64(54667.491682577136), np.float64(54595.18428328276), np.float64(54560.32923556567)]"
570,"[np.float64(55109.99813629627), np.float64(55078.42844809532), np.float64(55091.30434792996), np.float64(55060.13438362122), np.float64(55129.25429394007), np.float64(55006.53287773371), np.float64(54989.790061328415), np.float64(54976.92575142622), np.float64(54984.661902554035), np.float64(54955.51348001719), np.float64(54967.839630723), np.float64(54980.69647155762), np.float64(54914.98631936312), np.float64(54885.15524980545), np.float64(54835.005998461245), np.float64(54831.27751719475), np.float64(54845.27519371271), np.float64(54881.52219231606), np.float64(54858.04034530401), np.float64(54838.152536342146), np.float64(54772.33176468134), np.float64(54706.90736871004), np.float64(54682.04116865635), np.float64(54685.59412683487), np.float64(54706.68497078419), np.float64(54697.332796742914), np.float64(54585.08481615305), np.float64(54563.83274336577), np.float64(54543.23666075468)]","[np.float64(55121.22725765079), np.float64(55091.30434792996), np.float64(55094.397229673195), np.float64(55129.25429394007), np.float64(55135.36827117656), np.float64(55008.906236057745), np.float64(55004.26082884606), np.float64(54984.71678542918), np.float64(54989.939942991805), np.float64(54967.839630723), np.float64(54990.44605639307), np.float64(54986.646070002134), np.float64(54934.3020917174), np.float64(54885.15524980545), np.float64(54913.73180089423), np.float64(54845.27519371271), np.float64(54881.52219231606), np.float64(54889.57801752971), np.float64(54858.04034530401), np.float64(54846.64974134957), np.float64(54772.33176468134), np.float64(54712.409425439284), np.float64(54685.59412683487), np.float64(54718.55976210193), np.float64(54706.68497078419), np.float64(54703.16242319044), np.float64(54585.08481615305), np.float64(54610.22281967741), np.float64(54559.580143719446)]","[np.float64(55078.42844809532), np.float64(55055.73404072264), np.float64(55059.69408424842), np.float64(55060.13438362122), np.float64(54993.14674802973), np.float64(54989.790061328415), np.float64(54962.35057310527), np.float64(54976.92575142622), np.float64(54931.082052643455), np.float64(54955.51348001719), np.float64(54967.839630723), np.float64(54881.094895237664), np.float64(54885.15524980545), np.float64(54825.854015420424), np.float64(54831.27751719475), np.float64(54803.66438092236), np.float64(54845.27519371271), np.float64(54847.72231926547), np.float64(54838.14362469026), np.float64(54769.72998369368), np.float64(54706.90736871004), np.float64(54667.75195468484), np.float64(54682.04116865635), np.float64(54656.66611866422), np.float64(54697.332796742914), np.float64(54556.24473370219), np.float64(54563.83274336577), np.float64(54528.77229143287), np.float64(54543.22573947176)]","[np.float64(55078.42844809532), np.float64(55091.30434792996), np.float64(55060.13438362122), np.float64(55129.25429394007), np.float64(55006.53287773371), np.float64(54989.790061328415), np.float64(54976.92575142622), np.float64(54984.661902554035), np.float64(54955.51348001719), np.float64(54967.839630723), np.float64(54980.69647155762), np.float64(54914.98631936312), np.float64(54885.15524980545), np.float64(54835.005998461245), np.float64(54831.27751719475), np.float64(54845.27519371271), np.float64(54881.52219231606), np.float64(54858.04034530401), np.float64(54838.152536342146), np.float64(54772.33176468134), np.float64(54706.90736871004), np.float64(54682.04116865635), np.float64(54685.59412683487), np.float64(54706.68497078419), np.float64(54697.332796742914), np.float64(54585.08481615305), np.float64(54563.83274336577), np.float64(54543.23666075468), np.float64(54559.4987525177)]"
571,"[np.float64(55052.87625281811), np.float64(55034.99556260109), np.float64(55039.75902483463), np.float64(55038.57659417153), np.float64(55029.84422396183), np.float64(55004.57237627268), np.float64(54969.12701466322), np.float64(55003.95849618435), np.float64(54971.554719178675), np.float64(54922.4014293623), np.float64(54885.53952045441), np.float64(54873.55540153265), np.float64(54853.72966309786), np.float64(54855.112342038155), np.float64(54820.993126254085), np.float64(54814.47250148535), np.float64(54701.13300681353), np.float64(54744.57490669966), np.float64(54678.03169591665), np.float64(54648.49217754841), np.float64(54580.4841280818), np.float64(54612.80613167524), np.float64(54559.47183811903), np.float64(54522.27253340006), np.float64(54592.257052679066), np.float64(54587.60227825642), np.float64(54531.33611812353), np.float64(54547.01523628474), np.float64(54507.87976896286)]","[np.float64(55058.120807244704), np.float64(55039.7713055339), np.float64(55043.612728414744), np.float64(55038.589493418425), np.float64(55046.512616351676), np.float64(55004.57237627268), np.float64(55003.95849618435), np.float64(55019.19172642051), np.float64(54992.461640663416), np.float64(54962.39742677938), np.float64(54895.43924280381), np.float64(54894.26698594881), np.float64(54855.123818935965), np.float64(54880.677018801434), np.float64(54824.76392259755), np.float64(54855.2010532561), np.float64(54768.638067794636), np.float64(54776.80825532435), np.float64(54713.184518294904), np.float64(54660.51189752629), np.float64(54625.60730940093), np.float64(54632.48891376472), np.float64(54568.34180073798), np.float64(54648.46007432963), np.float64(54592.257052679066), np.float64(54626.5438521881), np.float64(54573.410593867215), np.float64(54572.47340124285), np.float64(54519.32958544974)]","[np.float64(55034.98680403093), np.float64(55030.88021681677), np.float64(55002.32892549411), np.float64(55027.476488238484), np.float64(54990.18548100346), np.float64(54959.85625208336), np.float64(54959.86351757871), np.float64(54950.44259035351), np.float64(54891.02484461959), np.float64(54876.93027203131), np.float64(54863.752826218406), np.float64(54853.72966309786), np.float64(54850.24823897259), np.float64(54808.45650353853), np.float64(54803.21416416071), np.float64(54686.317039976544), np.float64(54682.27357913897), np.float64(54658.31948452155), np.float64(54640.966410230154), np.float64(54564.625920809885), np.float64(54560.96925081196), np.float64(54556.86191100775), np.float64(54517.03810667789), np.float64(54486.33650816031), np.float64(54564.27556628216), np.float64(54519.096099304166), np.float64(54497.29051922), np.float64(54496.55323701063), np.float64(54476.06413966041)]","[np.float64(55034.99556260109), np.float64(55039.75902483463), np.float64(55038.57659417153), np.float64(55029.84422396183), np.float64(55004.57237627268), np.float64(54969.12701466322), np.float64(55003.95849618435), np.float64(54971.554719178675), np.float64(54922.4014293623), np.float64(54885.53952045441), np.float64(54873.55540153265), np.float64(54853.72966309786), np.float64(54855.112342038155), np.float64(54820.993126254085), np.float64(54814.47250148535), np.float64(54701.13300681353), np.float64(54744.57490669966), np.float64(54678.03169591665), np.float64(54648.49217754841), np.float64(54580.4841280818), np.float64(54612.80613167524), np.float64(54559.47183811903), np.float64(54522.27253340006), np.float64(54592.257052679066), np.float64(54587.60227825642), np.float64(54531.33611812353), np.float64(54547.01523628474), np.float64(54507.87976896286), np.float64(54486.18753629684)]"
572,"[np.float64(55181.00965236664), np.float64(55118.07477388382), np.float64(55157.42620028019), np.float64(55142.92770990372), np.float64(55036.18005369663), np.float64(54945.48213593483), np.float64(54963.84316446305), np.float64(55025.49877195835), np.float64(55054.49691170454), np.float64(54977.464940838814), np.float64(55032.46998754502), np.float64(54941.07075009346), np.float64(54983.38855530977), np.float64(54977.721464676855), np.float64(54864.09260802508), np.float64(54774.155504939554), np.float64(54805.458367140294), np.float64(54819.03455644846), np.float64(54800.06157948732), np.float64(54689.65936002731), np.float64(54704.94429170847), np.float64(54679.21013449192), np.float64(54736.77436705828), np.float64(54699.92881283283), np.float64(54553.54049702644), np.float64(54571.78717155457), np.float64(54439.631035232545), np.float64(54467.04869452477), np.float64(54385.220036952494)]","[np.float64(55183.89505457252), np.float64(55165.92481351914), np.float64(55157.42620028019), np.float64(55148.97852819344), np.float64(55036.19357389625), np.float64(54963.84316446305), np.float64(55043.62373332439), np.float64(55054.49691170454), np.float64(55076.54637319312), np.float64(55035.680733739275), np.float64(55032.46998754502), np.float64(54994.88913527378), np.float64(54983.38855530977), np.float64(54981.269884032), np.float64(54864.10452418667), np.float64(54829.60037844226), np.float64(54819.03455644846), np.float64(54831.66848979179), np.float64(54800.06157948732), np.float64(54726.445811748745), np.float64(54716.9166813233), np.float64(54757.15610093637), np.float64(54736.77436705828), np.float64(54705.44574919428), np.float64(54571.78717155457), np.float64(54607.66741825974), np.float64(54467.04869452477), np.float64(54571.85921352506), np.float64(54426.06317921781)]","[np.float64(55105.20306447172), np.float64(55082.80158404549), np.float64(55142.92770990372), np.float64(55001.481096732634), np.float64(54941.97342691561), np.float64(54945.48213593483), np.float64(54948.09952955033), np.float64(55025.48751995247), np.float64(54951.77432926805), np.float64(54977.464940838814), np.float64(54923.92415380629), np.float64(54931.68806960618), np.float64(54977.721464676855), np.float64(54850.93154441564), np.float64(54765.78188181901), np.float64(54752.976187481116), np.float64(54805.458367140294), np.float64(54735.5448485391), np.float64(54667.596697993875), np.float64(54686.40201736558), np.float64(54666.5676319261), np.float64(54679.2008506305), np.float64(54696.73498453426), np.float64(54508.54105392935), np.float64(54553.53182904216), np.float64(54418.82904242629), np.float64(54431.87628052496), np.float64(54381.88761276317), np.float64(54363.47107965835)]","[np.float64(55118.07477388382), np.float64(55157.42620028019), np.float64(55142.92770990372), np.float64(55036.18005369663), np.float64(54945.48213593483), np.float64(54963.84316446305), np.float64(55025.49877195835), np.float64(55054.49691170454), np.float64(54977.464940838814), np.float64(55032.46998754502), np.float64(54941.07075009346), np.float64(54983.38855530977), np.float64(54977.721464676855), np.float64(54864.09260802508), np.float64(54774.155504939554), np.float64(54805.458367140294), np.float64(54819.03455644846), np.float64(54800.06157948732), np.float64(54689.65936002731), np.float64(54704.94429170847), np.float64(54679.21013449192), np.float64(54736.77436705828), np.float64(54699.92881283283), np.float64(54553.54049702644), np.float64(54571.78717155457), np.float64(54439.631035232545), np.float64(54467.04869452477), np.float64(54385.220036952494), np.float64(54420.25563006163)]"
573,"[np.float64(55095.289224257474), np.float64(55116.28528831482), np.float64(55062.72936949492), np.float64(55014.78709884167), np.float64(54995.45303109646), np.float64(54956.28987671375), np.float64(54954.06821544171), np.float64(54954.1707219553), np.float64(54911.92103978634), np.float64(54940.66381468773), np.float64(54960.990753312115), np.float64(54925.912535007), np.float64(54891.455537080765), np.float64(54844.09778535366), np.float64(54823.65572006703), np.float64(54848.217748782634), np.float64(54777.6008055234), np.float64(54796.99913300514), np.float64(54757.95380960226), np.float64(54753.44197767973), np.float64(54675.52260432005), np.float64(54665.65287540674), np.float64(54663.684132215974), np.float64(54658.23248554945), np.float64(54639.12107328415), np.float64(54633.48192726612), np.float64(54552.302048356534), np.float64(54546.51313465595), np.float64(54530.642782609466)]","[np.float64(55116.29459009952), np.float64(55116.41803959406), np.float64(55082.12004896214), np.float64(55014.78709884167), np.float64(55028.28912323947), np.float64(54956.28987671375), np.float64(54954.1707219553), np.float64(54958.05059725217), np.float64(54947.3276473706), np.float64(54960.99926054839), np.float64(54964.4614616944), np.float64(54939.81771480264), np.float64(54891.455537080765), np.float64(54875.38819682698), np.float64(54848.217748782634), np.float64(54848.217748782634), np.float64(54816.73612776837), np.float64(54796.99913300514), np.float64(54791.90041994114), np.float64(54753.45029203794), np.float64(54677.33031559473), np.float64(54690.166374260385), np.float64(54665.964800589296), np.float64(54658.23248554945), np.float64(54639.12107328415), np.float64(54640.902790833425), np.float64(54552.302048356534), np.float64(54551.728892343504), np.float64(54567.278000974606)]","[np.float64(55095.289224257474), np.float64(55059.737926959126), np.float64(55014.78709884167), np.float64(54995.444510908375), np.float64(54954.23459897489), np.float64(54949.26592200173), np.float64(54949.8520327077), np.float64(54907.85692196266), np.float64(54910.15781543063), np.float64(54940.66381468773), np.float64(54910.28152589603), np.float64(54891.455537080765), np.float64(54802.16299140494), np.float64(54823.64222032736), np.float64(54821.36426260682), np.float64(54739.99642143296), np.float64(54759.5275454188), np.float64(54754.6854275057), np.float64(54748.69930955084), np.float64(54651.50836215459), np.float64(54665.644908924485), np.float64(54651.28009701449), np.float64(54648.95039968992), np.float64(54617.50821299613), np.float64(54623.736683320705), np.float64(54552.29363264358), np.float64(54533.1649525944), np.float64(54505.48992581095), np.float64(54530.59370984628)]","[np.float64(55116.28528831482), np.float64(55062.72936949492), np.float64(55014.78709884167), np.float64(54995.45303109646), np.float64(54956.28987671375), np.float64(54954.06821544171), np.float64(54954.1707219553), np.float64(54911.92103978634), np.float64(54940.66381468773), np.float64(54960.990753312115), np.float64(54925.912535007), np.float64(54891.455537080765), np.float64(54844.09778535366), np.float64(54823.65572006703), np.float64(54848.217748782634), np.float64(54777.6008055234), np.float64(54796.99913300514), np.float64(54757.95380960226), np.float64(54753.44197767973), np.float64(54675.52260432005), np.float64(54665.65287540674), np.float64(54663.684132215974), np.float64(54658.23248554945), np.float64(54639.12107328415), np.float64(54633.48192726612), np.float64(54552.302048356534), np.float64(54546.51313465595), np.float64(54530.642782609466), np.float64(54550.061843192576)]"
574,"[np.float64(55131.74033444882), np.float64(55093.18938605309), np.float64(55039.40115347624), np.float64(55109.62262248516), np.float64(55002.9339461565), np.float64(55025.05989984989), np.float64(54961.72813056946), np.float64(54880.092509760856), np.float64(54967.0127534318), np.float64(54982.81833063364), np.float64(54879.88492119312), np.float64(54851.98679481268), np.float64(54897.67340705872), np.float64(54881.36817499161), np.float64(54744.47690738201), np.float64(54913.86492901087), np.float64(54861.27058825255), np.float64(54824.01191732407), np.float64(54678.44146441698), np.float64(54732.0102609396), np.float64(54702.964731247426), np.float64(54607.54018148184), np.float64(54634.421226902006), np.float64(54573.02883965016), np.float64(54645.72681966782), np.float64(54601.25715032816), np.float64(54492.581058139804), np.float64(54453.63205995321), np.float64(54394.40312675715)]","[np.float64(55131.74033444882), np.float64(55093.18938605309), np.float64(55127.23512952867), np.float64(55109.62262248516), np.float64(55031.68864803916), np.float64(55060.3131084039), np.float64(54961.72813056946), np.float64(54967.0127534318), np.float64(54982.82754828519), np.float64(54984.19431647059), np.float64(54885.88820430379), np.float64(54897.67340705872), np.float64(54916.51502281609), np.float64(54881.381052995974), np.float64(54962.84897069185), np.float64(54913.86492901087), np.float64(54873.23704874684), np.float64(54824.01894436804), np.float64(54763.46338448287), np.float64(54749.90323420973), np.float64(54702.964731247426), np.float64(54634.42964784035), np.float64(54640.558535930635), np.float64(54661.5726165927), np.float64(54646.56370278367), np.float64(54604.26525925159), np.float64(54504.22243483014), np.float64(54462.36664102918), np.float64(54406.08145534277)]","[np.float64(55089.679056576606), np.float64(55032.8813518495), np.float64(55039.40115347624), np.float64(54997.58616666522), np.float64(54994.04194543696), np.float64(54961.72813056946), np.float64(54866.04035593603), np.float64(54859.908626850425), np.float64(54954.90755214548), np.float64(54878.91684443051), np.float64(54845.976848669845), np.float64(54847.93615565583), np.float64(54875.21744535108), np.float64(54744.40440199082), np.float64(54725.95484063658), np.float64(54861.26192094743), np.float64(54814.56125460834), np.float64(54678.44146441698), np.float64(54582.564665841186), np.float64(54694.96878897448), np.float64(54552.01457275888), np.float64(54558.04059417363), np.float64(54559.76234471999), np.float64(54573.02333421933), np.float64(54540.958527981435), np.float64(54492.581058139804), np.float64(54424.94088490719), np.float64(54385.84375986916), np.float64(54278.282622165985)]","[np.float64(55093.18938605309), np.float64(55039.40115347624), np.float64(55109.62262248516), np.float64(55002.9339461565), np.float64(55025.05989984989), np.float64(54961.72813056946), np.float64(54880.092509760856), np.float64(54967.0127534318), np.float64(54982.81833063364), np.float64(54879.88492119312), np.float64(54851.98679481268), np.float64(54897.67340705872), np.float64(54881.36817499161), np.float64(54744.47690738201), np.float64(54913.86492901087), np.float64(54861.27058825255), np.float64(54824.01191732407), np.float64(54678.44146441698), np.float64(54732.0102609396), np.float64(54702.964731247426), np.float64(54607.54018148184), np.float64(54634.421226902006), np.float64(54573.02883965016), np.float64(54645.72681966782), np.float64(54601.25715032816), np.float64(54492.581058139804), np.float64(54453.63205995321), np.float64(54394.40312675715), np.float64(54313.99333446979)]"
575,"[np.float64(55078.07778825045), np.float64(55079.43831754208), np.float64(55068.05751899243), np.float64(55022.42512187481), np.float64(54994.31026375771), np.float64(55007.757804815774), np.float64(54911.02307757616), np.float64(54978.05216408253), np.float64(54910.816519224645), np.float64(54965.324100275044), np.float64(54868.423250670436), np.float64(54840.71906249285), np.float64(54836.3106385231), np.float64(54881.30713468075), np.float64(54877.29238208294), np.float64(54884.08009040594), np.float64(54819.08580970526), np.float64(54877.45052027226), np.float64(54758.84468907595), np.float64(54705.38483791828), np.float64(54711.35056247711), np.float64(54640.92691353559), np.float64(54667.27920048237), np.float64(54609.541505260466), np.float64(54736.299308605194), np.float64(54629.15386016131), np.float64(54590.27131092072), np.float64(54519.452187728886), np.float64(54594.33654411316)]","[np.float64(55079.43831754208), np.float64(55084.39727295512), np.float64(55068.05751899243), np.float64(55050.98313565813), np.float64(55012.56330005664), np.float64(55007.757804815774), np.float64(55069.204202125984), np.float64(54978.05216408253), np.float64(54998.62785650496), np.float64(54975.441600647275), np.float64(54868.423250670436), np.float64(54854.96670480461), np.float64(54884.587905167326), np.float64(54881.31907068394), np.float64(54916.165681556486), np.float64(54897.53542338189), np.float64(54895.87989453851), np.float64(54877.45052027226), np.float64(54764.2234804409), np.float64(54728.95891665503), np.float64(54711.35056247711), np.float64(54678.190783431455), np.float64(54669.04788330748), np.float64(54752.90831928862), np.float64(54801.519966152526), np.float64(54629.16503877473), np.float64(54608.5265127162), np.float64(54600.562456607724), np.float64(54611.54571593518)]","[np.float64(55078.07778825045), np.float64(55042.12134816655), np.float64(55022.05290045906), np.float64(54994.29166451895), np.float64(54994.30152643957), np.float64(54894.74656227628), np.float64(54911.0088181554), np.float64(54877.66105292635), np.float64(54887.51472065234), np.float64(54868.423250670436), np.float64(54830.92487231969), np.float64(54796.05655446749), np.float64(54822.48434488439), np.float64(54868.68298533878), np.float64(54872.51635487057), np.float64(54808.285347354875), np.float64(54789.493626173535), np.float64(54756.146874451726), np.float64(54680.771723742866), np.float64(54705.375939022604), np.float64(54591.72169991454), np.float64(54640.91845891434), np.float64(54586.392318553095), np.float64(54584.87626385122), np.float64(54629.15386016131), np.float64(54574.60997773799), np.float64(54480.58442716161), np.float64(54519.452187728886), np.float64(54504.57456410151)]","[np.float64(55079.43831754208), np.float64(55068.05751899243), np.float64(55022.42512187481), np.float64(54994.31026375771), np.float64(55007.757804815774), np.float64(54911.02307757616), np.float64(54978.05216408253), np.float64(54910.816519224645), np.float64(54965.324100275044), np.float64(54868.423250670436), np.float64(54840.71906249285), np.float64(54836.3106385231), np.float64(54881.30713468075), np.float64(54877.29238208294), np.float64(54884.08009040594), np.float64(54819.08580970526), np.float64(54877.45052027226), np.float64(54758.84468907595), np.float64(54705.38483791828), np.float64(54711.35056247711), np.float64(54640.92691353559), np.float64(54667.27920048237), np.float64(54609.541505260466), np.float64(54736.299308605194), np.float64(54629.15386016131), np.float64(54590.27131092072), np.float64(54519.452187728886), np.float64(54594.33654411316), np.float64(54554.54766215563)]"
576,"[np.float64(55115.30568146944), np.float64(55113.71180820465), np.float64(55027.50898135186), np.float64(55000.49053084374), np.float64(55066.64058536291), np.float64(55027.61251808167), np.float64(54964.34333443642), np.float64(55015.55589769364), np.float64(54964.61260720015), np.float64(54973.11034566641), np.float64(54997.45036278725), np.float64(54954.46781055689), np.float64(54876.5763818121), np.float64(54828.29941966534), np.float64(54835.4927756238), np.float64(54853.716012732984), np.float64(54831.08576820135), np.float64(54862.85518957138), np.float64(54800.288355832105), np.float64(54771.93551776886), np.float64(54731.62392985821), np.float64(54673.85790369034), np.float64(54665.639868927006), np.float64(54613.079525303845), np.float64(54671.86778351307), np.float64(54683.61933112383), np.float64(54620.682134654526), np.float64(54555.24898184538), np.float64(54539.350942738056)]","[np.float64(55159.3721015528), np.float64(55115.951063608314), np.float64(55040.357395938896), np.float64(55093.13824504849), np.float64(55076.89883095904), np.float64(55027.61251808167), np.float64(55085.255175087535), np.float64(55015.55589769364), np.float64(54973.11960603437), np.float64(55011.4193571716), np.float64(54997.45036278725), np.float64(54954.46781055689), np.float64(54876.59039079984), np.float64(54866.71566735233), np.float64(54853.716012732984), np.float64(54863.579332272784), np.float64(54872.98486163732), np.float64(54862.86553092017), np.float64(54803.78953002155), np.float64(54784.062453473125), np.float64(54744.799822123), np.float64(54696.69516441388), np.float64(54665.639868927006), np.float64(54679.69599410533), np.float64(54683.61933112383), np.float64(54688.830045210074), np.float64(54620.682134654526), np.float64(54576.71647993124), np.float64(54574.04340150612)]","[np.float64(55095.183331431115), np.float64(55011.627764873934), np.float64(55000.49053084374), np.float64(54990.242833039374), np.float64(55022.261182968665), np.float64(54933.981059126214), np.float64(54964.34333443642), np.float64(54950.92462695848), np.float64(54961.29486619862), np.float64(54973.11034566641), np.float64(54954.46781055689), np.float64(54856.2119479462), np.float64(54828.29941966534), np.float64(54798.8955000348), np.float64(54835.4927756238), np.float64(54820.30851416778), np.float64(54831.077277864584), np.float64(54745.75306383183), np.float64(54771.926416152484), np.float64(54726.98369701282), np.float64(54672.255381720206), np.float64(54661.414825996144), np.float64(54613.07081832005), np.float64(54599.52876108596), np.float64(54667.80072067356), np.float64(54620.66713521252), np.float64(54539.91668556912), np.float64(54539.34246948393), np.float64(54522.98493533403)]","[np.float64(55113.71180820465), np.float64(55027.50898135186), np.float64(55000.49053084374), np.float64(55066.64058536291), np.float64(55027.61251808167), np.float64(54964.34333443642), np.float64(55015.55589769364), np.float64(54964.61260720015), np.float64(54973.11034566641), np.float64(54997.45036278725), np.float64(54954.46781055689), np.float64(54876.5763818121), np.float64(54828.29941966534), np.float64(54835.4927756238), np.float64(54853.716012732984), np.float64(54831.08576820135), np.float64(54862.85518957138), np.float64(54800.288355832105), np.float64(54771.93551776886), np.float64(54731.62392985821), np.float64(54673.85790369034), np.float64(54665.639868927006), np.float64(54613.079525303845), np.float64(54671.86778351307), np.float64(54683.61933112383), np.float64(54620.682134654526), np.float64(54555.24898184538), np.float64(54539.350942738056), np.float64(54553.19576092482)]"
577,"[np.float64(55043.854391851426), np.float64(54996.77788915158), np.float64(54982.8357155323), np.float64(55000.55105604649), np.float64(54992.69436962128), np.float64(54987.35076688051), np.float64(54923.8842968297), np.float64(54945.78682238102), np.float64(54945.27287326574), np.float64(54951.4518525815), np.float64(54939.60526752472), np.float64(54952.05530173064), np.float64(54903.77396116495), np.float64(54898.60137431622), np.float64(54877.610976448064), np.float64(54849.096780769825), np.float64(54799.167866919044), np.float64(54756.396251459126), np.float64(54753.54216620684), np.float64(54759.91933336735), np.float64(54731.17385414839), np.float64(54678.296075153354), np.float64(54690.84887342691), np.float64(54631.70918271065), np.float64(54700.634253387456), np.float64(54666.91437516451), np.float64(54649.216677103046), np.float64(54619.06430886269), np.float64(54593.51945387602)]","[np.float64(55043.863602452984), np.float64(55062.091892019474), np.float64(55013.51189666552), np.float64(55000.55105604649), np.float64(54997.09432493051), np.float64(54998.93836633436), np.float64(54963.074700907455), np.float64(54956.620665369934), np.float64(54951.46362948473), np.float64(54951.4518525815), np.float64(54975.216848028016), np.float64(54952.05530173064), np.float64(54906.34366849876), np.float64(54927.41177001448), np.float64(54877.610976448064), np.float64(54857.739241238516), np.float64(54799.17361006232), np.float64(54759.503716046245), np.float64(54784.81235900791), np.float64(54774.70523639886), np.float64(54735.6711192279), np.float64(54709.055996206305), np.float64(54690.84887342691), np.float64(54702.064443878706), np.float64(54700.634253387456), np.float64(54704.3570696938), np.float64(54649.2285324246), np.float64(54652.67743977909), np.float64(54604.3733994203)]","[np.float64(54974.71343293745), np.float64(54982.827066697464), np.float64(54977.90485765488), np.float64(54989.76591258167), np.float64(54972.29879232424), np.float64(54923.873577836464), np.float64(54923.8842968297), np.float64(54945.27287326574), np.float64(54945.26434146682), np.float64(54917.80124277796), np.float64(54939.60526752472), np.float64(54880.55077331943), np.float64(54898.592867259795), np.float64(54866.9766067934), np.float64(54849.087782934956), np.float64(54774.53586569316), np.float64(54754.764384478316), np.float64(54745.74215506993), np.float64(54730.05089442082), np.float64(54731.15777555415), np.float64(54637.933205895904), np.float64(54678.0992223689), np.float64(54621.04997481195), np.float64(54613.693726646154), np.float64(54649.47040092266), np.float64(54649.216677103046), np.float64(54609.44462966376), np.float64(54559.821644311545), np.float64(54567.03424602996)]","[np.float64(54996.77788915158), np.float64(54982.8357155323), np.float64(55000.55105604649), np.float64(54992.69436962128), np.float64(54987.35076688051), np.float64(54923.8842968297), np.float64(54945.78682238102), np.float64(54945.27287326574), np.float64(54951.4518525815), np.float64(54939.60526752472), np.float64(54952.05530173064), np.float64(54903.77396116495), np.float64(54898.60137431622), np.float64(54877.610976448064), np.float64(54849.096780769825), np.float64(54799.167866919044), np.float64(54756.396251459126), np.float64(54753.54216620684), np.float64(54759.91933336735), np.float64(54731.17385414839), np.float64(54678.296075153354), np.float64(54690.84887342691), np.float64(54631.70918271065), np.float64(54700.634253387456), np.float64(54666.91437516451), np.float64(54649.216677103046), np.float64(54619.06430886269), np.float64(54593.51945387602), np.float64(54579.56723564863)]"
578,"[np.float64(55083.01329659224), np.float64(55084.854421749114), np.float64(55087.79337106228), np.float64(55048.436020922665), np.float64(55041.730086011885), np.float64(55027.23829204083), np.float64(55020.30068725825), np.float64(55014.7677822876), np.float64(54988.35870467186), np.float64(54986.621116244794), np.float64(54950.447262992864), np.float64(54971.60597243548), np.float64(54941.019110505586), np.float64(54898.23719288349), np.float64(54899.51388833046), np.float64(54856.13908127546), np.float64(54878.52748255015), np.float64(54863.43468619347), np.float64(54844.73677696228), np.float64(54808.53343377113), np.float64(54775.56149252177), np.float64(54796.87151497126), np.float64(54800.119014041426), np.float64(54773.02110810757), np.float64(54752.87677530765), np.float64(54744.43273686171), np.float64(54721.86314630986), np.float64(54728.33612357855), np.float64(54712.274408869744)]","[np.float64(55098.45315191415), np.float64(55087.79337106228), np.float64(55101.4538753654), np.float64(55048.44170943187), np.float64(55047.87036810081), np.float64(55027.23829204083), np.float64(55055.19256587497), np.float64(55023.2632152077), np.float64(54998.58096737142), np.float64(54998.095969087546), np.float64(54976.397890982254), np.float64(54974.71120849932), np.float64(54990.343475142334), np.float64(54916.32018635249), np.float64(54928.81183232409), np.float64(54880.23329547242), np.float64(54896.643878308954), np.float64(54864.71259949318), np.float64(54848.04941375989), np.float64(54825.822297952676), np.float64(54800.96070850077), np.float64(54826.50138521721), np.float64(54802.642066923545), np.float64(54782.44738085869), np.float64(54752.88243223139), np.float64(54747.62539040429), np.float64(54807.74947012029), np.float64(54728.34592623058), np.float64(54725.83825354237)]","[np.float64(55056.19635343207), np.float64(55083.87063852799), np.float64(55048.436020922665), np.float64(55030.36245187301), np.float64(55023.48018137089), np.float64(55002.67218185522), np.float64(55003.6824703112), np.float64(54988.35870467186), np.float64(54979.47655491741), np.float64(54944.58741562007), np.float64(54950.447262992864), np.float64(54912.69497072989), np.float64(54894.54849462151), np.float64(54861.8842378849), np.float64(54856.13908127546), np.float64(54824.310082253825), np.float64(54863.426240518056), np.float64(54756.84883424883), np.float64(54804.088953944025), np.float64(54772.70631475587), np.float64(54767.9688804309), np.float64(54776.9434250207), np.float64(54760.51596980676), np.float64(54736.31688185106), np.float64(54739.29185491845), np.float64(54710.43859248501), np.float64(54697.45143830024), np.float64(54712.274408869744), np.float64(54651.210866702124)]","[np.float64(55084.854421749114), np.float64(55087.79337106228), np.float64(55048.436020922665), np.float64(55041.730086011885), np.float64(55027.23829204083), np.float64(55020.30068725825), np.float64(55014.7677822876), np.float64(54988.35870467186), np.float64(54986.621116244794), np.float64(54950.447262992864), np.float64(54971.60597243548), np.float64(54941.019110505586), np.float64(54898.23719288349), np.float64(54899.51388833046), np.float64(54856.13908127546), np.float64(54878.52748255015), np.float64(54863.43468619347), np.float64(54844.73677696228), np.float64(54808.53343377113), np.float64(54775.56149252177), np.float64(54796.87151497126), np.float64(54800.119014041426), np.float64(54773.02110810757), np.float64(54752.87677530765), np.float64(54744.43273686171), np.float64(54721.86314630986), np.float64(54728.33612357855), np.float64(54712.274408869744), np.float64(54707.67346324444)]"
579,"[np.float64(55152.283360924725), np.float64(55080.42629489422), np.float64(55017.70441361427), np.float64(55084.50208780289), np.float64(55043.062413134576), np.float64(55046.41074461699), np.float64(54993.790777230264), np.float64(54975.73005672932), np.float64(54992.83486535788), np.float64(54960.6332682848), np.float64(54960.30076600075), np.float64(54959.210153357984), np.float64(54944.459260008334), np.float64(54913.48877131462), np.float64(54857.0975686884), np.float64(54828.49013844252), np.float64(54774.528443210125), np.float64(54804.9101633358), np.float64(54815.06564847231), np.float64(54743.744552428725), np.float64(54702.078616523744), np.float64(54714.080377898215), np.float64(54662.412459073064), np.float64(54587.35554147244), np.float64(54622.94127004147), np.float64(54586.530853390694), np.float64(54517.47133949757), np.float64(54490.17795003653), np.float64(54442.595096066)]","[np.float64(55152.29132544901), np.float64(55097.52960456847), np.float64(55084.50208780289), np.float64(55108.793113939144), np.float64(55054.8721929856), np.float64(55046.41074461699), np.float64(54994.440538487164), np.float64(54992.84637841031), np.float64(55004.40128755649), np.float64(54966.81750004305), np.float64(54960.30076600075), np.float64(54959.210153357984), np.float64(54965.13337586694), np.float64(54913.497202934814), np.float64(54857.0975686884), np.float64(54841.32729031894), np.float64(54804.9194420765), np.float64(54827.41808689868), np.float64(54815.07114957014), np.float64(54753.03678551514), np.float64(54733.00776249651), np.float64(54735.03087294782), np.float64(54702.483385804335), np.float64(54622.94980850478), np.float64(54670.06513553245), np.float64(54586.530853390694), np.float64(54517.47697871047), np.float64(54515.76468500359), np.float64(54455.26186709308)]","[np.float64(55075.13681881463), np.float64(55002.866459985096), np.float64(55017.70441361427), np.float64(54990.31460140062), np.float64(55043.062413134576), np.float64(54982.71271089947), np.float64(54975.73005672932), np.float64(54950.547359844626), np.float64(54947.66980253432), np.float64(54960.29229462624), np.float64(54946.64706331165), np.float64(54927.556520617414), np.float64(54913.48877131462), np.float64(54837.0839693306), np.float64(54826.065302241615), np.float64(54750.846630552354), np.float64(54766.328605528375), np.float64(54797.79449445005), np.float64(54729.007624504084), np.float64(54677.49365364889), np.float64(54702.06792380743), np.float64(54654.95850951778), np.float64(54583.98185122048), np.float64(54538.21961223453), np.float64(54573.60170836328), np.float64(54517.46295307227), np.float64(54452.21493783158), np.float64(54442.595096066), np.float64(54396.62566286329)]","[np.float64(55080.42629489422), np.float64(55017.70441361427), np.float64(55084.50208780289), np.float64(55043.062413134576), np.float64(55046.41074461699), np.float64(54993.790777230264), np.float64(54975.73005672932), np.float64(54992.83486535788), np.float64(54960.6332682848), np.float64(54960.30076600075), np.float64(54959.210153357984), np.float64(54944.459260008334), np.float64(54913.48877131462), np.float64(54857.0975686884), np.float64(54828.49013844252), np.float64(54774.528443210125), np.float64(54804.9101633358), np.float64(54815.06564847231), np.float64(54743.744552428725), np.float64(54702.078616523744), np.float64(54714.080377898215), np.float64(54662.412459073064), np.float64(54587.35554147244), np.float64(54622.94127004147), np.float64(54586.530853390694), np.float64(54517.47133949757), np.float64(54490.17795003653), np.float64(54442.595096066), np.float64(54428.03260350704)]"
580,"[np.float64(55120.925382156376), np.float64(55095.79403020382), np.float64(55124.27744817257), np.float64(55118.89559865475), np.float64(55125.064147031306), np.float64(55001.542381601335), np.float64(55042.94136272908), np.float64(55058.08888932228), np.float64(54985.58343096018), np.float64(54956.63654447079), np.float64(54964.29903513908), np.float64(54971.48775512457), np.float64(54915.11071797133), np.float64(54899.195036411285), np.float64(54943.7860137105), np.float64(54902.772719779015), np.float64(54833.16294164896), np.float64(54832.080313181876), np.float64(54823.27827460051), np.float64(54807.06331522942), np.float64(54818.51313826561), np.float64(54773.08292108059), np.float64(54750.24985273123), np.float64(54758.634396190646), np.float64(54775.774876055715), np.float64(54773.885588290694), np.float64(54747.044721302984), np.float64(54686.45371349096), np.float64(54659.24055211782)]","[np.float64(55145.20048333157), np.float64(55136.33103392917), np.float64(55125.37135574398), np.float64(55174.911687814856), np.float64(55135.24557061884), np.float64(55061.7078433719), np.float64(55070.440495778326), np.float64(55072.30891074259), np.float64(55023.43498987824), np.float64(55000.18464860169), np.float64(54979.794561789575), np.float64(55000.253884557416), np.float64(54915.11852977356), np.float64(54965.33812174343), np.float64(54969.899397686364), np.float64(54928.27853402167), np.float64(54870.3773956259), np.float64(54846.921114838326), np.float64(54850.36344947314), np.float64(54821.25844869451), np.float64(54841.59983608812), np.float64(54783.02339466091), np.float64(54810.41948334634), np.float64(54785.34094379803), np.float64(54775.78448110195), np.float64(54790.46825926412), np.float64(54761.01465491728), np.float64(54712.20253738356), np.float64(54673.14370658074)]","[np.float64(55064.23710884015), np.float64(55092.125075711854), np.float64(55104.36494153799), np.float64(55095.664017199124), np.float64(55001.532814173144), np.float64(54977.29103030193), np.float64(55028.42043276601), np.float64(54966.29408564259), np.float64(54944.43915858823), np.float64(54930.13709315919), np.float64(54957.4003420797), np.float64(54912.52596728788), np.float64(54857.357868427505), np.float64(54894.04429664413), np.float64(54878.92189393509), np.float64(54816.461148165145), np.float64(54787.27469019127), np.float64(54810.991964670415), np.float64(54787.83700851757), np.float64(54792.783053041945), np.float64(54737.95364488277), np.float64(54686.97948751682), np.float64(54730.76060038886), np.float64(54723.90195582448), np.float64(54697.32823072354), np.float64(54738.35826759178), np.float64(54665.06717531378), np.float64(54643.768744978355), np.float64(54629.06345692212)]","[np.float64(55095.79403020382), np.float64(55124.27744817257), np.float64(55118.89559865475), np.float64(55125.064147031306), np.float64(55001.542381601335), np.float64(55042.94136272908), np.float64(55058.08888932228), np.float64(54985.58343096018), np.float64(54956.63654447079), np.float64(54964.29903513908), np.float64(54971.48775512457), np.float64(54915.11071797133), np.float64(54899.195036411285), np.float64(54943.7860137105), np.float64(54902.772719779015), np.float64(54833.16294164896), np.float64(54832.080313181876), np.float64(54823.27827460051), np.float64(54807.06331522942), np.float64(54818.51313826561), np.float64(54773.08292108059), np.float64(54750.24985273123), np.float64(54758.634396190646), np.float64(54775.774876055715), np.float64(54773.885588290694), np.float64(54747.044721302984), np.float64(54686.45371349096), np.float64(54659.24055211782), np.float64(54661.375932781695)]"
581,"[np.float64(55052.47820302725), np.float64(55005.71012130738), np.float64(55056.91341261864), np.float64(55014.17952882767), np.float64(54965.46227802515), np.float64(54972.73882394314), np.float64(54896.5132548213), np.float64(54997.19744470596), np.float64(54840.603678276544), np.float64(54903.291948752405), np.float64(54881.655090208056), np.float64(54955.73961247683), np.float64(54920.2749343133), np.float64(54914.70313868046), np.float64(54923.66576221466), np.float64(54854.001897733215), np.float64(54774.74684904814), np.float64(54826.94056447506), np.float64(54807.17651023626), np.float64(54839.82032762051), np.float64(54720.515881052015), np.float64(54742.320664839746), np.float64(54727.36514479399), np.float64(54727.71451686859), np.float64(54725.41713470459), np.float64(54631.16329689264), np.float64(54620.3621237421), np.float64(54666.993959367275), np.float64(54652.24667177439)]","[np.float64(55052.498684782746), np.float64(55056.91341261864), np.float64(55081.15543443292), np.float64(55023.64952926798), np.float64(54972.73882394314), np.float64(54995.484801941), np.float64(55023.1160111321), np.float64(55002.63466573974), np.float64(54910.752688434484), np.float64(54903.291948752405), np.float64(54964.87171286191), np.float64(54955.73961247683), np.float64(54920.2749343133), np.float64(54971.10096866274), np.float64(54953.76781036471), np.float64(54854.00948915746), np.float64(54826.94056447506), np.float64(54846.2788568145), np.float64(54839.82032762051), np.float64(54839.82032762051), np.float64(54742.320664839746), np.float64(54744.60481237631), np.float64(54749.793730124075), np.float64(54727.72625041832), np.float64(54725.41713470459), np.float64(54641.57602679921), np.float64(54667.00583155655), np.float64(54666.993959367275), np.float64(54675.57917112998)]","[np.float64(55005.71012130738), np.float64(55005.71012130738), np.float64(55014.17952882767), np.float64(54965.46227802515), np.float64(54960.577644471276), np.float64(54896.5132548213), np.float64(54896.5132548213), np.float64(54840.603678276544), np.float64(54833.47406735446), np.float64(54881.655090208056), np.float64(54859.84346340283), np.float64(54916.66496470068), np.float64(54914.70313868046), np.float64(54893.232663910996), np.float64(54854.001897733215), np.float64(54756.937260340404), np.float64(54774.738379902265), np.float64(54780.77342112279), np.float64(54803.58908149844), np.float64(54713.734736643746), np.float64(54720.50188020388), np.float64(54648.73457593809), np.float64(54727.35126697571), np.float64(54714.744779622015), np.float64(54623.57660954871), np.float64(54618.347935016856), np.float64(54620.35090227685), np.float64(54628.155076850046), np.float64(54649.09134232713)]","[np.float64(55005.71012130738), np.float64(55056.91341261864), np.float64(55014.17952882767), np.float64(54965.46227802515), np.float64(54972.73882394314), np.float64(54896.5132548213), np.float64(54997.19744470596), np.float64(54840.603678276544), np.float64(54903.291948752405), np.float64(54881.655090208056), np.float64(54955.73961247683), np.float64(54920.2749343133), np.float64(54914.70313868046), np.float64(54923.66576221466), np.float64(54854.001897733215), np.float64(54774.74684904814), np.float64(54826.94056447506), np.float64(54807.17651023626), np.float64(54839.82032762051), np.float64(54720.515881052015), np.float64(54742.320664839746), np.float64(54727.36514479399), np.float64(54727.71451686859), np.float64(54725.41713470459), np.float64(54631.16329689264), np.float64(54620.3621237421), np.float64(54666.993959367275), np.float64(54652.24667177439), np.float64(54663.84072508097)]"
582,"[np.float64(55124.25826039553), np.float64(55079.99824005604), np.float64(55084.01801495791), np.float64(54983.84120656014), np.float64(54865.8366353035), np.float64(54959.405765662195), np.float64(54885.15447714329), np.float64(54968.94376495361), np.float64(54932.97234918833), np.float64(54921.47101534128), np.float64(54860.62657433987), np.float64(54787.833170545106), np.float64(54824.55600026369), np.float64(54893.65170050145), np.float64(54766.70214816332), np.float64(54766.41845237255), np.float64(54673.979082872866), np.float64(54689.5482254529), np.float64(54584.03631359816), np.float64(54486.03339019537), np.float64(54467.214301781656), np.float64(54560.088164970875), np.float64(54548.96492047548), np.float64(54456.52954306364), np.float64(54428.814795169834), np.float64(54457.452745571136), np.float64(54362.83227956295), np.float64(54353.12738524437), np.float64(54398.72050536871)]","[np.float64(55124.25826039553), np.float64(55137.41354099143), np.float64(55087.12707586835), np.float64(54983.84120656014), np.float64(54970.83799026767), np.float64(54959.405765662195), np.float64(54980.68346685359), np.float64(54968.94376495361), np.float64(54953.89375029987), np.float64(54934.68360185629), np.float64(54860.634458692475), np.float64(54829.95038201132), np.float64(54893.65170050145), np.float64(54905.3630530395), np.float64(54766.70214816332), np.float64(54803.8300328209), np.float64(54689.5482254529), np.float64(54707.32103670398), np.float64(54584.03631359816), np.float64(54496.47862056553), np.float64(54650.63822474372), np.float64(54573.021216466324), np.float64(54548.978391130564), np.float64(54456.52954306364), np.float64(54471.09240192365), np.float64(54474.212801173606), np.float64(54362.83227956295), np.float64(54425.250748609404), np.float64(54413.91880870386)]","[np.float64(55079.972596441185), np.float64(55059.66939326071), np.float64(54983.84120656014), np.float64(54826.15391299726), np.float64(54855.12327867417), np.float64(54885.15447714329), np.float64(54885.15447714329), np.float64(54930.01370717703), np.float64(54878.56667454384), np.float64(54859.86281374011), np.float64(54765.43001342556), np.float64(54779.002409901834), np.float64(54817.73040652789), np.float64(54754.301915008), np.float64(54744.825059325085), np.float64(54654.064163809795), np.float64(54673.979082872866), np.float64(54506.74069311433), np.float64(54481.411137132694), np.float64(54451.99614285486), np.float64(54459.73259367772), np.float64(54542.76689491605), np.float64(54456.5139933738), np.float64(54376.04692929416), np.float64(54424.6772817713), np.float64(54340.009734261155), np.float64(54346.127597424835), np.float64(54353.12738524437), np.float64(54349.038704128296)]","[np.float64(55079.99824005604), np.float64(55084.01801495791), np.float64(54983.84120656014), np.float64(54865.8366353035), np.float64(54959.405765662195), np.float64(54885.15447714329), np.float64(54968.94376495361), np.float64(54932.97234918833), np.float64(54921.47101534128), np.float64(54860.62657433987), np.float64(54787.833170545106), np.float64(54824.55600026369), np.float64(54893.65170050145), np.float64(54766.70214816332), np.float64(54766.41845237255), np.float64(54673.979082872866), np.float64(54689.5482254529), np.float64(54584.03631359816), np.float64(54486.03339019537), np.float64(54467.214301781656), np.float64(54560.088164970875), np.float64(54548.96492047548), np.float64(54456.52954306364), np.float64(54428.814795169834), np.float64(54457.452745571136), np.float64(54362.83227956295), np.float64(54353.12738524437), np.float64(54398.72050536871), np.float64(54390.48701736212)]"
583,"[np.float64(55166.09212154389), np.float64(55158.63103814602), np.float64(55158.52827407837), np.float64(55065.62775404454), np.float64(55092.60357935667), np.float64(55055.157537853716), np.float64(55022.56587516546), np.float64(55000.19923720837), np.float64(55031.60898434163), np.float64(55017.81284387112), np.float64(55016.20699434281), np.float64(55060.489679439066), np.float64(54973.41915297747), np.float64(54930.66685407162), np.float64(54887.59711979389), np.float64(54942.37371605397), np.float64(54925.39897222281), np.float64(54923.44787148476), np.float64(54835.76810090781), np.float64(54831.279191296104), np.float64(54789.845440371035), np.float64(54745.71162151814), np.float64(54724.58394733906), np.float64(54755.28207262039), np.float64(54754.99670272827), np.float64(54757.0132221961), np.float64(54641.72739153624), np.float64(54658.015109927655), np.float64(54676.77946810484)]","[np.float64(55201.48267018179), np.float64(55166.96841061127), np.float64(55165.45515772378), np.float64(55095.19092052358), np.float64(55134.24845852556), np.float64(55055.157537853716), np.float64(55034.67337360733), np.float64(55044.35810637617), np.float64(55042.83361455661), np.float64(55051.98863222841), np.float64(55060.489679439066), np.float64(55086.944667916505), np.float64(54973.41915297747), np.float64(54966.71191418587), np.float64(54948.51853493487), np.float64(54942.37371605397), np.float64(54935.815580727925), np.float64(54923.44787148476), np.float64(54875.52483711511), np.float64(54835.22303366096), np.float64(54811.21077743484), np.float64(54765.53475805478), np.float64(54759.104111710476), np.float64(54755.28207262039), np.float64(54757.0132221961), np.float64(54769.0749335156), np.float64(54658.015109927655), np.float64(54706.62681303942), np.float64(54692.7936763547)]","[np.float64(55158.622488793815), np.float64(55153.63633589114), np.float64(55065.62775404454), np.float64(55063.08130245452), np.float64(55048.13433827319), np.float64(55008.17925665916), np.float64(55000.19074239698), np.float64(54997.8973540158), np.float64(55003.465578355324), np.float64(55016.20699434281), np.float64(55011.084440657716), np.float64(54973.41041459423), np.float64(54907.20821524943), np.float64(54878.77251558179), np.float64(54887.59711979389), np.float64(54885.948909912615), np.float64(54913.62288684926), np.float64(54821.06592867973), np.float64(54813.546139114565), np.float64(54782.89102007), np.float64(54735.820343965344), np.float64(54721.55348193389), np.float64(54713.23379254517), np.float64(54739.49400298922), np.float64(54735.478869195), np.float64(54641.718702530525), np.float64(54620.31865315297), np.float64(54658.015109927655), np.float64(54623.46967078344)]","[np.float64(55158.63103814602), np.float64(55158.52827407837), np.float64(55065.62775404454), np.float64(55092.60357935667), np.float64(55055.157537853716), np.float64(55022.56587516546), np.float64(55000.19923720837), np.float64(55031.60898434163), np.float64(55017.81284387112), np.float64(55016.20699434281), np.float64(55060.489679439066), np.float64(54973.41915297747), np.float64(54930.66685407162), np.float64(54887.59711979389), np.float64(54942.37371605397), np.float64(54925.39897222281), np.float64(54923.44787148476), np.float64(54835.76810090781), np.float64(54831.279191296104), np.float64(54789.845440371035), np.float64(54745.71162151814), np.float64(54724.58394733906), np.float64(54755.28207262039), np.float64(54754.99670272827), np.float64(54757.0132221961), np.float64(54641.72739153624), np.float64(54658.015109927655), np.float64(54676.77946810484), np.float64(54644.97334528208)]"
584,"[np.float64(55167.03193628788), np.float64(55151.14600222111), np.float64(55189.2354137516), np.float64(55186.41442419529), np.float64(55137.995034656524), np.float64(55120.71753603459), np.float64(55036.289385392665), np.float64(55061.31990493298), np.float64(55059.667051789766), np.float64(55031.63654262543), np.float64(54982.07824905872), np.float64(54928.937507374285), np.float64(54976.84294779778), np.float64(54944.16732248783), np.float64(54943.62105033875), np.float64(54877.04757695437), np.float64(54869.48295682669), np.float64(54875.76354121685), np.float64(54877.28388279915), np.float64(54822.79085355282), np.float64(54720.336108322146), np.float64(54753.93828434229), np.float64(54706.33237928391), np.float64(54814.1613761878), np.float64(54704.60187359333), np.float64(54748.246983628276), np.float64(54719.29198418617), np.float64(54726.82402372599), np.float64(54705.85757838488)]","[np.float64(55222.89013352852), np.float64(55189.2354137516), np.float64(55203.33172430979), np.float64(55229.05035405748), np.float64(55137.995034656524), np.float64(55120.71753603459), np.float64(55112.82535968986), np.float64(55073.22824542578), np.float64(55059.667051789766), np.float64(55105.69949776164), np.float64(54982.07824905872), np.float64(55038.12254808332), np.float64(54976.85473922311), np.float64(54961.263307592664), np.float64(54964.53618470835), np.float64(54877.056727280615), np.float64(54915.502690880654), np.float64(54903.42742638272), np.float64(54880.36636290831), np.float64(54829.135412760894), np.float64(54753.93828434229), np.float64(54772.91209114857), np.float64(54814.1613761878), np.float64(54846.534771794024), np.float64(54748.258286608034), np.float64(54754.055609210096), np.float64(54728.46287010882), np.float64(54758.46495870895), np.float64(54774.194268856525)]","[np.float64(55129.495978287734), np.float64(55151.13211229946), np.float64(55186.41442419529), np.float64(55137.02978276049), np.float64(55116.66139984812), np.float64(54979.66875642688), np.float64(55036.28380723304), np.float64(55035.607768073554), np.float64(55029.56040579374), np.float64(54977.521945374785), np.float64(54928.928997448915), np.float64(54928.937507374285), np.float64(54944.156472832), np.float64(54923.58957731622), np.float64(54862.17287086207), np.float64(54869.48295682669), np.float64(54864.485527080076), np.float64(54868.37203329527), np.float64(54815.71751528573), np.float64(54683.40956313759), np.float64(54703.64620514206), np.float64(54697.77954523453), np.float64(54701.604281929074), np.float64(54684.60595591058), np.float64(54673.405113889465), np.float64(54709.53807531696), np.float64(54686.58227095582), np.float64(54705.848303149265), np.float64(54699.46400503042)]","[np.float64(55151.14600222111), np.float64(55189.2354137516), np.float64(55186.41442419529), np.float64(55137.995034656524), np.float64(55120.71753603459), np.float64(55036.289385392665), np.float64(55061.31990493298), np.float64(55059.667051789766), np.float64(55031.63654262543), np.float64(54982.07824905872), np.float64(54928.937507374285), np.float64(54976.84294779778), np.float64(54944.16732248783), np.float64(54943.62105033875), np.float64(54877.04757695437), np.float64(54869.48295682669), np.float64(54875.76354121685), np.float64(54877.28388279915), np.float64(54822.79085355282), np.float64(54720.336108322146), np.float64(54753.93828434229), np.float64(54706.33237928391), np.float64(54814.1613761878), np.float64(54704.60187359333), np.float64(54748.246983628276), np.float64(54719.29198418617), np.float64(54726.82402372599), np.float64(54705.85757838488), np.float64(54762.189929909706)]"
585,"[np.float64(55134.3751124239), np.float64(55124.18112295628), np.float64(55105.09610998154), np.float64(55107.174313645366), np.float64(55101.900121722225), np.float64(55118.01862709999), np.float64(55098.55488088846), np.float64(55008.48603890419), np.float64(54959.181564857965), np.float64(54976.6527441287), np.float64(54932.04502581597), np.float64(54962.74250721216), np.float64(54960.50642291307), np.float64(54904.719828429224), np.float64(54904.55576649666), np.float64(54874.79217610121), np.float64(54861.76753880024), np.float64(54886.86077275276), np.float64(54844.28773146868), np.float64(54821.710156741145), np.float64(54815.85917251348), np.float64(54816.202492067816), np.float64(54840.7207365942), np.float64(54779.68660703182), np.float64(54773.404863648415), np.float64(54719.201711490154), np.float64(54694.34890424729), np.float64(54690.86419789314), np.float64(54715.11896462202)]","[np.float64(55138.49322513896), np.float64(55124.19045914346), np.float64(55136.373263983594), np.float64(55107.174313645366), np.float64(55127.99223766989), np.float64(55149.86085890682), np.float64(55098.569795428564), np.float64(55011.244175394946), np.float64(55036.63257371595), np.float64(54976.6527441287), np.float64(54997.56586520268), np.float64(54962.75546397255), np.float64(55034.75894014959), np.float64(54911.03242678912), np.float64(54925.85920530269), np.float64(54885.2379115816), np.float64(54906.46388422056), np.float64(54898.64211852364), np.float64(54880.86799395251), np.float64(54822.15947975468), np.float64(54840.43225938745), np.float64(54851.8566050918), np.float64(54857.55184710676), np.float64(54784.153407776845), np.float64(54773.41052148043), np.float64(54735.12542848562), np.float64(54706.44891973055), np.float64(54715.12821737025), np.float64(54773.57826029239)]","[np.float64(55069.99004985451), np.float64(55105.09058416304), np.float64(55090.98123661459), np.float64(55075.232774135744), np.float64(55084.81209124255), np.float64(55093.78165814853), np.float64(54981.29648754917), np.float64(54959.181564857965), np.float64(54948.19389202272), np.float64(54903.73366870493), np.float64(54927.05208943516), np.float64(54959.1594553857), np.float64(54873.94553895334), np.float64(54885.891632221756), np.float64(54861.05698285379), np.float64(54822.675643985574), np.float64(54852.85520743814), np.float64(54829.92439574227), np.float64(54812.10643525266), np.float64(54759.67807205659), np.float64(54794.0248121974), np.float64(54814.7540852984), np.float64(54741.331716396235), np.float64(54752.4466781104), np.float64(54696.00524982035), np.float64(54684.30087704347), np.float64(54674.5860390904), np.float64(54671.301451753214), np.float64(54678.683904310295)]","[np.float64(55124.18112295628), np.float64(55105.09610998154), np.float64(55107.174313645366), np.float64(55101.900121722225), np.float64(55118.01862709999), np.float64(55098.55488088846), np.float64(55008.48603890419), np.float64(54959.181564857965), np.float64(54976.6527441287), np.float64(54932.04502581597), np.float64(54962.74250721216), np.float64(54960.50642291307), np.float64(54904.719828429224), np.float64(54904.55576649666), np.float64(54874.79217610121), np.float64(54861.76753880024), np.float64(54886.86077275276), np.float64(54844.28773146868), np.float64(54821.710156741145), np.float64(54815.85917251348), np.float64(54816.202492067816), np.float64(54840.7207365942), np.float64(54779.68660703182), np.float64(54773.404863648415), np.float64(54719.201711490154), np.float64(54694.34890424729), np.float64(54690.86419789314), np.float64(54715.11896462202), np.float64(54739.40708460093)]"
586,"[np.float64(55083.02398508549), np.float64(55073.09321586132), np.float64(55058.175427484515), np.float64(55101.04555737019), np.float64(55089.96764238834), np.float64(55028.83422573805), np.float64(54978.16226844073), np.float64(54971.93036176682), np.float64(55018.65697728396), np.float64(55019.63207693338), np.float64(54988.19258230687), np.float64(54947.53136476755), np.float64(54974.001740248204), np.float64(54973.18902842999), np.float64(54897.26647165298), np.float64(54855.93638623476), np.float64(54860.01990576506), np.float64(54863.18498753786), np.float64(54801.338017380236), np.float64(54783.304468832015), np.float64(54741.18678311587), np.float64(54689.074841101174), np.float64(54642.64673073292), np.float64(54708.3828958869), np.float64(54675.1976998806), np.float64(54705.489919972424), np.float64(54662.58218719483), np.float64(54653.37823551178), np.float64(54573.032831738)]","[np.float64(55083.02398508549), np.float64(55073.10250023653), np.float64(55137.42745702284), np.float64(55101.04555737019), np.float64(55102.63007707149), np.float64(55044.99766721239), np.float64(54978.16226844073), np.float64(55018.6698088936), np.float64(55031.66975451357), np.float64(55019.6459487834), np.float64(55029.74427861856), np.float64(54974.001740248204), np.float64(54990.84005747173), np.float64(54991.13228852231), np.float64(54897.28258233345), np.float64(54891.650053110025), np.float64(54863.19785092178), np.float64(54906.688710966664), np.float64(54801.338017380236), np.float64(54790.79661663232), np.float64(54758.81351518778), np.float64(54702.89890524379), np.float64(54713.28321587525), np.float64(54749.92479654161), np.float64(54713.426829491276), np.float64(54705.50471916009), np.float64(54679.1537811612), np.float64(54666.93607771877), np.float64(54581.693859611616)]","[np.float64(55073.09321586132), np.float64(55012.880099179165), np.float64(55058.170847437745), np.float64(55062.33845931118), np.float64(55024.650768013365), np.float64(54975.778800767504), np.float64(54965.68291797185), np.float64(54971.92513316038), np.float64(55003.83779397868), np.float64(54982.11790481862), np.float64(54947.53136476755), np.float64(54918.35827080933), np.float64(54973.18902842999), np.float64(54871.99486043013), np.float64(54854.12890632198), np.float64(54846.16017343195), np.float64(54852.087710793), np.float64(54767.465365843054), np.float64(54783.29535660755), np.float64(54713.95084999483), np.float64(54689.06343191093), np.float64(54625.22851402306), np.float64(54624.65771676267), np.float64(54639.68248176998), np.float64(54675.18921789142), np.float64(54628.74547488128), np.float64(54653.37823551178), np.float64(54559.79730233531), np.float64(54521.59953211972)]","[np.float64(55073.09321586132), np.float64(55058.175427484515), np.float64(55101.04555737019), np.float64(55089.96764238834), np.float64(55028.83422573805), np.float64(54978.16226844073), np.float64(54971.93036176682), np.float64(55018.65697728396), np.float64(55019.63207693338), np.float64(54988.19258230687), np.float64(54947.53136476755), np.float64(54974.001740248204), np.float64(54973.18902842999), np.float64(54897.26647165298), np.float64(54855.93638623476), np.float64(54860.01990576506), np.float64(54863.18498753786), np.float64(54801.338017380236), np.float64(54783.304468832015), np.float64(54741.18678311587), np.float64(54689.074841101174), np.float64(54642.64673073292), np.float64(54708.3828958869), np.float64(54675.1976998806), np.float64(54705.489919972424), np.float64(54662.58218719483), np.float64(54653.37823551178), np.float64(54573.032831738), np.float64(54554.30749300003)]"
587,"[np.float64(55046.16387905598), np.float64(55062.085613136296), np.float64(55101.122437255384), np.float64(55024.917472457884), np.float64(54993.19801657439), np.float64(54955.250130996705), np.float64(54932.47990583658), np.float64(54967.637450790404), np.float64(54902.98249755621), np.float64(54882.78742660761), np.float64(54869.28167833328), np.float64(54886.82072309733), np.float64(54857.20896081686), np.float64(54878.951545300486), np.float64(54884.11704941273), np.float64(54814.095313572885), np.float64(54782.42749727726), np.float64(54774.00058617592), np.float64(54723.21800941229), np.float64(54772.18560275555), np.float64(54731.89719470978), np.float64(54661.72002499819), np.float64(54663.73100705385), np.float64(54643.65363830805), np.float64(54652.19400197029), np.float64(54608.95544101), np.float64(54595.91225981712), np.float64(54587.574204864504), np.float64(54508.900970788)]","[np.float64(55062.09410967287), np.float64(55101.122437255384), np.float64(55118.576625507354), np.float64(55061.315211990855), np.float64(54993.19801657439), np.float64(54996.481439767966), np.float64(54970.78214680149), np.float64(54967.637450790404), np.float64(54934.68397057805), np.float64(54882.78742660761), np.float64(54886.83737417884), np.float64(54904.305415071234), np.float64(54889.20084806353), np.float64(54884.126548376145), np.float64(54897.30539745327), np.float64(54814.10797677067), np.float64(54809.6549218709), np.float64(54782.37217141077), np.float64(54778.26609457186), np.float64(54772.18560275555), np.float64(54763.123976545685), np.float64(54667.118082204375), np.float64(54693.692529220316), np.float64(54660.96925119417), np.float64(54664.019002571134), np.float64(54608.95544101), np.float64(54622.693884609405), np.float64(54587.574204864504), np.float64(54520.709082200614)]","[np.float64(55046.16387905598), np.float64(55052.90942848859), np.float64(55024.917472457884), np.float64(54993.189327593886), np.float64(54953.33544306075), np.float64(54924.75141123739), np.float64(54932.469506190784), np.float64(54898.38145159294), np.float64(54879.78907611814), np.float64(54861.68069931036), np.float64(54844.23580489104), np.float64(54856.23507989107), np.float64(54786.663896855236), np.float64(54874.61744001971), np.float64(54760.29115483121), np.float64(54782.42749727726), np.float64(54770.38328983807), np.float64(54722.66649588244), np.float64(54710.342820754115), np.float64(54681.53382578182), np.float64(54659.65224266967), np.float64(54646.262187575936), np.float64(54629.36785349333), np.float64(54635.50274602358), np.float64(54601.449427261105), np.float64(54595.8964169891), np.float64(54555.83228038824), np.float64(54502.06541067284), np.float64(54426.05416350638)]","[np.float64(55062.085613136296), np.float64(55101.122437255384), np.float64(55024.917472457884), np.float64(54993.19801657439), np.float64(54955.250130996705), np.float64(54932.47990583658), np.float64(54967.637450790404), np.float64(54902.98249755621), np.float64(54882.78742660761), np.float64(54869.28167833328), np.float64(54886.82072309733), np.float64(54857.20896081686), np.float64(54878.951545300486), np.float64(54884.11704941273), np.float64(54814.095313572885), np.float64(54782.42749727726), np.float64(54774.00058617592), np.float64(54723.21800941229), np.float64(54772.18560275555), np.float64(54731.89719470978), np.float64(54661.72002499819), np.float64(54663.73100705385), np.float64(54643.65363830805), np.float64(54652.19400197029), np.float64(54608.95544101), np.float64(54595.91225981712), np.float64(54587.574204864504), np.float64(54508.900970788), np.float64(54459.48240029573)]"
588,"[np.float64(55139.98180663109), np.float64(55114.292335042956), np.float64(55083.294416842466), np.float64(55027.59577706814), np.float64(54990.92613226175), np.float64(55082.22788550377), np.float64(54934.473374216555), np.float64(54962.23151996851), np.float64(54943.242960987096), np.float64(54942.60255283117), np.float64(54962.77276981354), np.float64(54918.78601432562), np.float64(54829.05263649702), np.float64(54891.22296576977), np.float64(54878.14617377282), np.float64(54949.35265826226), np.float64(54636.882542221545), np.float64(54884.0969601965), np.float64(54666.69017436028), np.float64(54753.6383626461), np.float64(54609.16135547638), np.float64(54740.460995790956), np.float64(54708.50613550186), np.float64(54546.11263810158), np.float64(54703.41454940319), np.float64(54557.33336680651), np.float64(54357.20098894358), np.float64(54482.75163643598), np.float64(54377.77569456816)]","[np.float64(55139.98180663109), np.float64(55147.140639547324), np.float64(55086.40729107594), np.float64(55027.59577706814), np.float64(55082.22788550377), np.float64(55137.416794350844), np.float64(54962.23151996851), np.float64(55077.997035666864), np.float64(54943.242960987096), np.float64(54974.39326711539), np.float64(54969.756568708115), np.float64(54918.78601432562), np.float64(54901.433407109005), np.float64(54893.79932497974), np.float64(54949.36549122772), np.float64(54959.185933937624), np.float64(54896.94893944643), np.float64(54906.134932627916), np.float64(54753.65043127005), np.float64(54790.837073123104), np.float64(54747.65630160889), np.float64(54761.50370994273), np.float64(54708.50613550186), np.float64(54747.511854931116), np.float64(54703.41454940319), np.float64(54575.07345230963), np.float64(54488.857921176495), np.float64(54499.992256440666), np.float64(54402.29246175222)]","[np.float64(55097.919269044665), np.float64(55074.67978774386), np.float64(55027.59577706814), np.float64(54985.892449088016), np.float64(54976.42446155732), np.float64(54927.958520677), np.float64(54933.81570328728), np.float64(54929.00028127523), np.float64(54915.368951326636), np.float64(54942.60255283117), np.float64(54917.036019953135), np.float64(54829.05263649702), np.float64(54795.22423616135), np.float64(54872.64338534087), np.float64(54836.15982359691), np.float64(54636.882542221545), np.float64(54595.50336506399), np.float64(54666.69017436028), np.float64(54648.29703492658), np.float64(54609.16135547638), np.float64(54571.64510916807), np.float64(54708.082008940706), np.float64(54510.315902045004), np.float64(54545.95069414122), np.float64(54439.23908808557), np.float64(54357.20098894358), np.float64(54287.50766868292), np.float64(54375.17169643725), np.float64(54114.92134933186)]","[np.float64(55114.292335042956), np.float64(55083.294416842466), np.float64(55027.59577706814), np.float64(54990.92613226175), np.float64(55082.22788550377), np.float64(54934.473374216555), np.float64(54962.23151996851), np.float64(54943.242960987096), np.float64(54942.60255283117), np.float64(54962.77276981354), np.float64(54918.78601432562), np.float64(54829.05263649702), np.float64(54891.22296576977), np.float64(54878.14617377282), np.float64(54949.35265826226), np.float64(54636.882542221545), np.float64(54884.0969601965), np.float64(54666.69017436028), np.float64(54753.6383626461), np.float64(54609.16135547638), np.float64(54740.460995790956), np.float64(54708.50613550186), np.float64(54546.11263810158), np.float64(54703.41454940319), np.float64(54557.33336680651), np.float64(54357.20098894358), np.float64(54482.75163643598), np.float64(54377.77569456816), np.float64(54165.77973308086)]"
589,"[np.float64(55053.6674588728), np.float64(55084.20487042427), np.float64(55023.32244019985), np.float64(55002.042294020655), np.float64(55020.08047854185), np.float64(54967.812587547305), np.float64(54959.130826709275), np.float64(54906.56829387665), np.float64(54874.29007447243), np.float64(54918.83185894728), np.float64(54869.23094018459), np.float64(54892.66359437227), np.float64(54894.48681952238), np.float64(54845.351816043854), np.float64(54826.04710946083), np.float64(54746.49033620119), np.float64(54776.44490292788), np.float64(54754.45880108595), np.float64(54692.205410630704), np.float64(54681.80756712914), np.float64(54634.81296661854), np.float64(54577.76358460665), np.float64(54588.96512553454), np.float64(54598.6628083396), np.float64(54530.76808265686), np.float64(54581.22588375807), np.float64(54617.01894334078), np.float64(54539.720919137006), np.float64(54377.88360971689)]","[np.float64(55084.20487042427), np.float64(55093.319041389586), np.float64(55044.24337239951), np.float64(55020.08047854185), np.float64(55028.185126121905), np.float64(55023.876442161076), np.float64(54959.130826709275), np.float64(54930.498161390904), np.float64(54945.85126199791), np.float64(54937.3703965145), np.float64(54897.57603124134), np.float64(54929.54953657348), np.float64(54899.76338388198), np.float64(54848.78894625475), np.float64(54826.04710946083), np.float64(54812.3836878735), np.float64(54788.66169899327), np.float64(54765.88663430152), np.float64(54734.93981102959), np.float64(54687.6259292663), np.float64(54649.277766038045), np.float64(54615.83861995987), np.float64(54634.720119491365), np.float64(54598.67391274285), np.float64(54586.167454146154), np.float64(54624.02994304744), np.float64(54618.76285264129), np.float64(54539.73215965134), np.float64(54392.802729841074)]","[np.float64(55053.6674588728), np.float64(55023.31396286651), np.float64(54949.40725261513), np.float64(55002.042294020655), np.float64(54951.055364292115), np.float64(54959.130826709275), np.float64(54879.169087886345), np.float64(54874.29007447243), np.float64(54866.33131675387), np.float64(54827.37285230438), np.float64(54842.30354205738), np.float64(54890.06635449315), np.float64(54786.02230723449), np.float64(54811.679024808844), np.float64(54708.81387025297), np.float64(54727.93255376839), np.float64(54753.722575118714), np.float64(54653.840884246936), np.float64(54669.424042681196), np.float64(54609.851848431725), np.float64(54570.92495400105), np.float64(54567.886348673244), np.float64(54577.67274966362), np.float64(54513.198557201584), np.float64(54527.057255722044), np.float64(54559.232490743816), np.float64(54521.23499249659), np.float64(54332.656410697185), np.float64(54311.35593166849)]","[np.float64(55084.20487042427), np.float64(55023.32244019985), np.float64(55002.042294020655), np.float64(55020.08047854185), np.float64(54967.812587547305), np.float64(54959.130826709275), np.float64(54906.56829387665), np.float64(54874.29007447243), np.float64(54918.83185894728), np.float64(54869.23094018459), np.float64(54892.66359437227), np.float64(54894.48681952238), np.float64(54845.351816043854), np.float64(54826.04710946083), np.float64(54746.49033620119), np.float64(54776.44490292788), np.float64(54754.45880108595), np.float64(54692.205410630704), np.float64(54681.80756712914), np.float64(54634.81296661854), np.float64(54577.76358460665), np.float64(54588.96512553454), np.float64(54598.6628083396), np.float64(54530.76808265686), np.float64(54581.22588375807), np.float64(54617.01894334078), np.float64(54539.720919137006), np.float64(54377.88360971689), np.float64(54332.35268889666)]"
590,"[np.float64(55088.081187717915), np.float64(55072.86193232059), np.float64(55091.850491302015), np.float64(55059.46809128285), np.float64(55007.30515356541), np.float64(55054.178961224556), np.float64(54993.238967669015), np.float64(55011.715766744615), np.float64(54981.934791450505), np.float64(54990.22661545038), np.float64(54935.9165783596), np.float64(54997.68950172663), np.float64(54922.2823106122), np.float64(54972.60180518627), np.float64(54900.654337682725), np.float64(54836.312055070404), np.float64(54899.45838543177), np.float64(54908.63593782425), np.float64(54801.2889533329), np.float64(54835.054547400476), np.float64(54780.206222336295), np.float64(54788.08106632233), np.float64(54810.50784315109), np.float64(54821.6605775857), np.float64(54788.73602628231), np.float64(54773.04338653326), np.float64(54673.07313648701), np.float64(54724.53539839983), np.float64(54615.32539665699)]","[np.float64(55121.86246058099), np.float64(55091.850491302015), np.float64(55118.88527271656), np.float64(55080.255841715516), np.float64(55054.178961224556), np.float64(55057.33564022258), np.float64(55054.35024501263), np.float64(55011.72690771593), np.float64(54991.323912005144), np.float64(54990.22661545038), np.float64(55008.53229608268), np.float64(54997.68950172663), np.float64(55008.00847885983), np.float64(55012.64353815116), np.float64(54900.654337682725), np.float64(54931.15530561254), np.float64(54908.63593782425), np.float64(54983.580725968524), np.float64(54835.054547400476), np.float64(54847.00235236582), np.float64(54800.163790016384), np.float64(54846.6941433213), np.float64(54824.36123273651), np.float64(54833.33905835354), np.float64(54800.25658879834), np.float64(54773.056238066565), np.float64(54726.97560892924), np.float64(54724.54087221549), np.float64(54624.45022686777)]","[np.float64(55051.0219204586), np.float64(55064.64561550259), np.float64(55059.46809128285), np.float64(54997.949064400374), np.float64(55001.17168359017), np.float64(54990.135132697935), np.float64(54981.172880237194), np.float64(54981.934791450505), np.float64(54965.749895089946), np.float64(54935.9165783596), np.float64(54916.54078121013), np.float64(54891.6459108314), np.float64(54922.27380430402), np.float64(54846.39074760892), np.float64(54836.306719094384), np.float64(54806.486743561254), np.float64(54899.45838543177), np.float64(54778.6072331152), np.float64(54781.42328326047), np.float64(54774.723128698744), np.float64(54763.169350037126), np.float64(54788.072636557285), np.float64(54789.319120827684), np.float64(54785.12969428845), np.float64(54768.311754718045), np.float64(54667.97081000387), np.float64(54650.13017109366), np.float64(54615.316692401204), np.float64(54500.14455116157)]","[np.float64(55072.86193232059), np.float64(55091.850491302015), np.float64(55059.46809128285), np.float64(55007.30515356541), np.float64(55054.178961224556), np.float64(54993.238967669015), np.float64(55011.715766744615), np.float64(54981.934791450505), np.float64(54990.22661545038), np.float64(54935.9165783596), np.float64(54997.68950172663), np.float64(54922.2823106122), np.float64(54972.60180518627), np.float64(54900.654337682725), np.float64(54836.312055070404), np.float64(54899.45838543177), np.float64(54908.63593782425), np.float64(54801.2889533329), np.float64(54835.054547400476), np.float64(54780.206222336295), np.float64(54788.08106632233), np.float64(54810.50784315109), np.float64(54821.6605775857), np.float64(54788.73602628231), np.float64(54773.04338653326), np.float64(54673.07313648701), np.float64(54724.53539839983), np.float64(54615.32539665699), np.float64(54553.6209826684)]"
591,"[np.float64(55016.643290910724), np.float64(55012.7243484211), np.float64(55020.971486792565), np.float64(54986.857164535526), np.float64(54939.06749465942), np.float64(54974.35008210659), np.float64(54917.64041389227), np.float64(54934.15310575008), np.float64(54892.81851313591), np.float64(54895.03991685391), np.float64(54884.27441493988), np.float64(54839.54268435002), np.float64(54809.68740471125), np.float64(54841.16192668915), np.float64(54811.72504361153), np.float64(54820.08640720606), np.float64(54740.45932168961), np.float64(54762.15722054482), np.float64(54726.3774249959), np.float64(54718.50644432068), np.float64(54646.99540216208), np.float64(54601.38747267961), np.float64(54602.231863646506), np.float64(54618.64063244343), np.float64(54674.11803328514), np.float64(54581.01185633898), np.float64(54543.56517095089), np.float64(54556.73184931278), np.float64(54500.36962151766)]","[np.float64(55016.643290910724), np.float64(55046.63900723425), np.float64(55021.61084010211), np.float64(55011.286606425376), np.float64(54980.73103709416), np.float64(54974.35008210659), np.float64(54935.80338224591), np.float64(54934.15310575008), np.float64(54908.264776874865), np.float64(54895.04921057724), np.float64(54897.60782433234), np.float64(54849.05101577603), np.float64(54841.16192668915), np.float64(54868.26186172461), np.float64(54825.91188362704), np.float64(54820.08640720606), np.float64(54762.16650952529), np.float64(54762.15722054482), np.float64(54772.17305309579), np.float64(54718.50644432068), np.float64(54660.18235390377), np.float64(54606.99327564288), np.float64(54621.806332691005), np.float64(54674.11803328514), np.float64(54677.89366104645), np.float64(54581.949953146155), np.float64(54556.73184931278), np.float64(54556.73184931278), np.float64(54529.31984116813)]","[np.float64(55012.7243484211), np.float64(55012.7243484211), np.float64(54986.8516274456), np.float64(54939.0618122074), np.float64(54933.84081520232), np.float64(54917.62900046593), np.float64(54916.976191625836), np.float64(54892.80876859539), np.float64(54883.74139946517), np.float64(54884.27441493988), np.float64(54810.62157723607), np.float64(54809.68740471125), np.float64(54786.97040932647), np.float64(54808.119818769315), np.float64(54807.682766919344), np.float64(54722.586941829446), np.float64(54731.802717945844), np.float64(54712.03482988742), np.float64(54718.50644432068), np.float64(54611.899930606516), np.float64(54601.112698926336), np.float64(54580.27818314339), np.float64(54592.64828803676), np.float64(54600.20694392663), np.float64(54573.44711095513), np.float64(54533.720295655774), np.float64(54541.53290209211), np.float64(54456.84668282131), np.float64(54468.47775449517)]","[np.float64(55012.7243484211), np.float64(55020.971486792565), np.float64(54986.857164535526), np.float64(54939.06749465942), np.float64(54974.35008210659), np.float64(54917.64041389227), np.float64(54934.15310575008), np.float64(54892.81851313591), np.float64(54895.03991685391), np.float64(54884.27441493988), np.float64(54839.54268435002), np.float64(54809.68740471125), np.float64(54841.16192668915), np.float64(54811.72504361153), np.float64(54820.08640720606), np.float64(54740.45932168961), np.float64(54762.15722054482), np.float64(54726.3774249959), np.float64(54718.50644432068), np.float64(54646.99540216208), np.float64(54601.38747267961), np.float64(54602.231863646506), np.float64(54618.64063244343), np.float64(54674.11803328514), np.float64(54581.01185633898), np.float64(54543.56517095089), np.float64(54556.73184931278), np.float64(54500.36962151766), np.float64(54470.88818158865)]"
592,"[np.float64(55152.369512755875), np.float64(55132.60442830086), np.float64(55099.57003019333), np.float64(55101.88363826275), np.float64(55091.55790989638), np.float64(55058.1188943696), np.float64(55021.8550259757), np.float64(54973.327334957125), np.float64(55001.6746356082), np.float64(55005.87096381426), np.float64(54952.685407724384), np.float64(54892.50442596674), np.float64(54912.68378611803), np.float64(54910.29690392018), np.float64(54873.267584877016), np.float64(54885.38872255564), np.float64(54867.654709372524), np.float64(54841.590496635436), np.float64(54788.77710615397), np.float64(54749.60995968342), np.float64(54695.55799175501), np.float64(54655.5541809392), np.float64(54638.412799634934), np.float64(54654.83985476971), np.float64(54656.671321649555), np.float64(54662.36223603249), np.float64(54604.83573513508), np.float64(54581.36444783926), np.float64(54567.77447938919)]","[np.float64(55152.369512755875), np.float64(55132.60442830086), np.float64(55130.091664556916), np.float64(55101.89235904254), np.float64(55104.53117210741), np.float64(55060.88618784411), np.float64(55023.91579080398), np.float64(55001.6746356082), np.float64(55039.17080682651), np.float64(55021.75864039166), np.float64(54966.310221162035), np.float64(54912.68378611803), np.float64(54917.419527947655), np.float64(54922.24267336567), np.float64(54903.11273796541), np.float64(54898.72263002678), np.float64(54869.21618550436), np.float64(54860.907380349534), np.float64(54819.04146403986), np.float64(54770.098675675705), np.float64(54712.512055574894), np.float64(54663.413326570655), np.float64(54672.28547130934), np.float64(54691.9719381973), np.float64(54662.36223603249), np.float64(54675.221176543615), np.float64(54604.847654423895), np.float64(54607.17968732972), np.float64(54601.412245962)]","[np.float64(55074.864835993234), np.float64(55080.60769495414), np.float64(55099.57003019333), np.float64(54973.09103185376), np.float64(55050.13204942258), np.float64(55021.8550259757), np.float64(54945.31806341233), np.float64(54973.31883108129), np.float64(54975.37697685751), np.float64(54945.55060049076), np.float64(54877.172247043934), np.float64(54867.08006432728), np.float64(54905.57477389729), np.float64(54845.13779288933), np.float64(54864.661551661025), np.float64(54845.57358428553), np.float64(54835.09521433713), np.float64(54748.06247882613), np.float64(54745.18985264838), np.float64(54671.288787880425), np.float64(54636.24959930079), np.float64(54586.11177661694), np.float64(54624.40628037274), np.float64(54633.80395890521), np.float64(54637.297248486066), np.float64(54592.71193501237), np.float64(54579.905530813805), np.float64(54556.92014675029), np.float64(54506.030940230834)]","[np.float64(55132.60442830086), np.float64(55099.57003019333), np.float64(55101.88363826275), np.float64(55091.55790989638), np.float64(55058.1188943696), np.float64(55021.8550259757), np.float64(54973.327334957125), np.float64(55001.6746356082), np.float64(55005.87096381426), np.float64(54952.685407724384), np.float64(54892.50442596674), np.float64(54912.68378611803), np.float64(54910.29690392018), np.float64(54873.267584877016), np.float64(54885.38872255564), np.float64(54867.654709372524), np.float64(54841.590496635436), np.float64(54788.77710615397), np.float64(54749.60995968342), np.float64(54695.55799175501), np.float64(54655.5541809392), np.float64(54638.412799634934), np.float64(54654.83985476971), np.float64(54656.671321649555), np.float64(54662.36223603249), np.float64(54604.83573513508), np.float64(54581.36444783926), np.float64(54567.77447938919), np.float64(54587.15799751282)]"
593,"[np.float64(55114.29285015106), np.float64(55107.8442117405), np.float64(55028.75489908934), np.float64(55026.75640840531), np.float64(55028.545893974304), np.float64(55007.62735368729), np.float64(54978.57242327213), np.float64(54958.52312791825), np.float64(54906.20102179528), np.float64(54940.31341239691), np.float64(54931.517040004735), np.float64(54915.214512255196), np.float64(54888.95919440985), np.float64(54851.408714737896), np.float64(54814.517187113765), np.float64(54840.78229201317), np.float64(54784.96273061037), np.float64(54807.76849822998), np.float64(54795.72127856493), np.float64(54797.45539001226), np.float64(54689.045479938984), np.float64(54738.679236843585), np.float64(54645.58992968798), np.float64(54637.69860224247), np.float64(54648.78810715675), np.float64(54648.68985028505), np.float64(54631.10135514259), np.float64(54606.9742064476), np.float64(54526.383868768215)]","[np.float64(55114.29285015106), np.float64(55107.8442117405), np.float64(55053.18924307818), np.float64(55073.91749612749), np.float64(55028.545893974304), np.float64(55017.86236189645), np.float64(54978.57242327213), np.float64(54962.642487911486), np.float64(54940.31341239691), np.float64(54945.04826440126), np.float64(54947.85572014459), np.float64(54915.214512255196), np.float64(54888.95919440985), np.float64(54867.84777603741), np.float64(54840.78229201317), np.float64(54840.78795931755), np.float64(54824.29982015473), np.float64(54812.37834528769), np.float64(54802.141593103406), np.float64(54803.91476051944), np.float64(54738.679236843585), np.float64(54755.86056900955), np.float64(54645.58992968798), np.float64(54671.05555499827), np.float64(54648.78810715675), np.float64(54671.188181009275), np.float64(54665.84690229441), np.float64(54609.926929043686), np.float64(54536.4234449953)]","[np.float64(55102.85638223245), np.float64(55028.75489908934), np.float64(55011.109524534215), np.float64(55026.75640840531), np.float64(54996.61302924179), np.float64(54978.57242327213), np.float64(54950.627949242626), np.float64(54906.20102179528), np.float64(54906.20102179528), np.float64(54931.50850950605), np.float64(54915.19258672546), np.float64(54888.95919440985), np.float64(54845.70177311899), np.float64(54799.7214861745), np.float64(54796.69959010287), np.float64(54784.96273061037), np.float64(54784.96273061037), np.float64(54773.75570316525), np.float64(54789.087016400445), np.float64(54664.87750525813), np.float64(54683.57640140408), np.float64(54605.92096517125), np.float64(54625.677973239115), np.float64(54624.7857789561), np.float64(54648.676410027125), np.float64(54612.37981951722), np.float64(54606.96086087169), np.float64(54416.14568124154), np.float64(54517.949203645636)]","[np.float64(55107.8442117405), np.float64(55028.75489908934), np.float64(55026.75640840531), np.float64(55028.545893974304), np.float64(55007.62735368729), np.float64(54978.57242327213), np.float64(54958.52312791825), np.float64(54906.20102179528), np.float64(54940.31341239691), np.float64(54931.517040004735), np.float64(54915.214512255196), np.float64(54888.95919440985), np.float64(54851.408714737896), np.float64(54814.517187113765), np.float64(54840.78229201317), np.float64(54784.96273061037), np.float64(54807.76849822998), np.float64(54795.72127856493), np.float64(54797.45539001226), np.float64(54689.045479938984), np.float64(54738.679236843585), np.float64(54645.58992968798), np.float64(54637.69860224247), np.float64(54648.78810715675), np.float64(54648.68985028505), np.float64(54631.10135514259), np.float64(54606.9742064476), np.float64(54526.383868768215), np.float64(54518.33530457258)]"
594,"[np.float64(55173.298226428036), np.float64(55105.92852468491), np.float64(55153.29078360796), np.float64(55120.90374761582), np.float64(55107.17225321293), np.float64(55099.58342300415), np.float64(55064.797657327654), np.float64(55018.62619957447), np.float64(55010.72238075733), np.float64(55011.830507075785), np.float64(54923.21813326836), np.float64(54931.886501295565), np.float64(54907.20406605959), np.float64(54916.52095519543), np.float64(54918.91672300816), np.float64(54903.23155232668), np.float64(54864.74035647154), np.float64(54863.417816402914), np.float64(54806.77498346567), np.float64(54802.32329041481), np.float64(54780.41767421484), np.float64(54767.64299312353), np.float64(54700.937523286346), np.float64(54701.72911567211), np.float64(54736.6320684433), np.float64(54696.00587825537), np.float64(54669.83156116009), np.float64(54612.137521350385), np.float64(54610.260467402935)]","[np.float64(55183.09572319779), np.float64(55161.70263875859), np.float64(55170.11931778142), np.float64(55127.388717140835), np.float64(55114.773019533306), np.float64(55099.594607269595), np.float64(55082.13462805316), np.float64(55027.991957867795), np.float64(55025.59663540698), np.float64(55063.63049531472), np.float64(54931.89572199356), np.float64(54999.66786398115), np.float64(54958.56700746508), np.float64(54940.55032082398), np.float64(54933.78164031774), np.float64(54917.22679260795), np.float64(54911.012441371466), np.float64(54879.026420560214), np.float64(54820.39916798072), np.float64(54806.68106890327), np.float64(54813.83506495395), np.float64(54791.80735637738), np.float64(54718.01095782456), np.float64(54736.6320684433), np.float64(54786.14093573283), np.float64(54696.00587825537), np.float64(54727.460614438074), np.float64(54612.146153349626), np.float64(54637.09771336865)]","[np.float64(55100.9868211087), np.float64(55105.295319645746), np.float64(55119.40829978963), np.float64(55107.17225321293), np.float64(55085.52065935252), np.float64(55046.07818985118), np.float64(54998.413022848734), np.float64(55000.582900605186), np.float64(55005.70006107038), np.float64(54890.13560657988), np.float64(54900.53776870966), np.float64(54907.20406605959), np.float64(54821.814299314356), np.float64(54903.18139602714), np.float64(54866.24153692201), np.float64(54844.029514344795), np.float64(54856.91010615952), np.float64(54759.60915309069), np.float64(54794.146667754736), np.float64(54722.14939891483), np.float64(54754.34692969184), np.float64(54682.954915679045), np.float64(54693.05314481289), np.float64(54648.25944196182), np.float64(54682.90668369039), np.float64(54637.939694888104), np.float64(54510.96101418595), np.float64(54606.66815904753), np.float64(54547.808217741775)]","[np.float64(55105.92852468491), np.float64(55153.29078360796), np.float64(55120.90374761582), np.float64(55107.17225321293), np.float64(55099.58342300415), np.float64(55064.797657327654), np.float64(55018.62619957447), np.float64(55010.72238075733), np.float64(55011.830507075785), np.float64(54923.21813326836), np.float64(54931.886501295565), np.float64(54907.20406605959), np.float64(54916.52095519543), np.float64(54918.91672300816), np.float64(54903.23155232668), np.float64(54864.74035647154), np.float64(54863.417816402914), np.float64(54806.77498346567), np.float64(54802.32329041481), np.float64(54780.41767421484), np.float64(54767.64299312353), np.float64(54700.937523286346), np.float64(54701.72911567211), np.float64(54736.6320684433), np.float64(54696.00587825537), np.float64(54669.83156116009), np.float64(54612.137521350385), np.float64(54610.260467402935), np.float64(54570.80898125649)]"
